80
4
18
-0.053070349084210565
1.105477578038901
-0.4438860517618971
2.1220006350822933
2.7690362679606997
-1.2134840928741775
1.4755399707117687
-1.8201355647599364
0.3877942232538696
-0.003039174852733896
0.7483735647517823
-0.2393372717163121
0.6410371996955818
0.33128063478080316
0.6161373604489941
1.312096199444813
2.7899753728437613
-0.5169730063070819
-0.11997662622549839
-0.7181366826715708
0.9193948683009556
-0.557938917748143
0.7742505971161924
2.009678852437662
-0.006824033061633997
-0.8486805623286141
0.37898209178226716
0.7547361863067475
0.4373162296883685
-0.07977168120923395
1.1404059422177915
-1.2425772152688905
1.1243122099130947
-1.2571565904564415
-0.9090757572921795
0.5090714647766289
-0.31600345134213126
-0.9059841406873546
0.886976819149754
-0.95581001225505
-0.9971439598878521
0.3549256774073458
0.35399975671830447
-0.7634039140181994
-0.12101012180263851
-0.15590049178857296
-1.3590679083381216
-0.7495548697372256
-0.4706879147682522
0.5447751455026139
-0.5206767497618477
-0.8348849749145537
1.5595185404228684
2.219328758946128
2.2408520664615947
0.4130802858663988
1.7962981818313
-2.5806490975286493
0.19180208567046567
-1.8194981807561064
2.5263022418430623
0.4637914392217059
-1.665600872713715
0.5934546617533041
0.46415329429066726
-0.14113490673531248
2.0587658777606332
0.47915744170567587
-0.9961119695870005
0.3364333357718735
0.18459233225708854
-0.6995205358574843
-0.2548211364868257
1.616190800676787
-0.12742400918294416
0.1557383790044809
-0.14582953355963846
0.6135545535568894
-0.25874756168116775
-1.0841249369232917
-0.5105114966676999
-0.5988071368040458
-1.2401126847447566
1.3219715864983264
0.6932335563663251
0.09212658050502293
-0.5978713746944351
-0.6029952527666599
1.3073285081383865
-0.34683181640472344
1.1360765770096874
0.5114867554791791
0.07127197750954194
-0.9949020885045953
0.37538777556218594
0.8719092582026451
1.4347491453408914
-1.2942594737773803
-0.8625082218177564
-1.3223482470595158
1.3744865308617158
0.7315534351843536
-0.5554029934797811
0.8085595928148357
0.24890048695627653
1.700586916267228
-0.4460671564023171
0.9488022447308171
0.7524203577493968
0.578022419656438
0.8609408820307743
-1.2698196446797625
-1.3674820702479622
-0.3076433889653379
0.0335984966756388
-0.2998895184933391
0.639588766537075
1.5846632993828076
0.2210230012152544
-0.6010886872745816
1.7084103795836978
0.39023778859574176
0.13934042319922355
0.010368094680464127
-0.6649084112167591
1.0433272319221718
0.465193360498195
-1.010271402304727
1.9164414607787519
-0.5393504080261163
-1.2950134421237611
1.5289727109359887
-0.968711668405829
1.9160342338616718
1.2352705924285743
-0.7150509418392536
1.3026849650316548
-2.4270863993752165
-1.738794711663096
1.0196062318831691
1.6569235308832222
-0.17077976533060973
-2.049242463109423
0.6468629742299569
-0.10337456236819431
0.9278727503668045
0.8140002732206104
0.4813821851906204
0.5621736387362123
1.927465087887868
-0.7578841755387353
1.2298221838637586
1.5314624964632193
0.18587415670215074
-0.557695290083631
-1.9780556647476577
0.09604321940267842
0.6059441768972073
0.5308939675067655
-0.671410304290863
2.2143858106595293
-1.1639168154512372
-1.2682347017632432
-0.7139697715723278
-0.3176309827524677
-0.8526255824980438
-1.039636075062414
-0.6111440587123902
1.1043867383865964
1.843250673607348
-0.2548935886024939
-0.48135475702082947
0.9380206157730224
0.13768860261052013
-0.6816597028990722
0.6481178244278133
-0.36024748970033876
3.630137607090731
-0.4244660080638324
1.421959164765615
-0.3594873886161352
-1.2328079919087132
0.1901731134860154
0.46802962603173526
0.9081562803900026
1.3239939784180135
2.7255768659637885
-1.178402373979236
0.739287048763708
0.3219302367801952
-0.8513145369776767
-0.6585613573508553
0.22117200116443347
0.1085648903224032
-0.3804693182195521
-0.08636522835375599
0.2523443986921764
0.7148575827508529
1.419064745791968
0.6036959921050591
0.3075625945341062
-1.8557257598712806
-0.9798202215409801
0.02179835208159303
-0.045605561854793544
0.8616235977770624
0.17904097104476285
0.2504095266966404
-1.2323044212228795
0.850075087854748
3.0038852829142213
1.8170110999222455
-0.9347812184450814
-0.11252582147157737
-1.5009157790178889
-0.7336475512761033
1.6868976904875275
0.6646587354029779
0.18210288115652748
-0.99085604172306
-0.9633583990100324
-1.423978476402956
-1.2742631797134591
1.9421948761436505
-2.4218260601153774
1.7642099113544736
0.30791906088009785
-0.23160485670091865
0.3920504748293158
0.6642106674161298
-0.8089205265766699
2.3217666439248776
-0.7836544397505976
0.6054252716116052
0.7788402197279441
-1.3641033698414535
-1.035877319165843
-0.7687735986692762
1.4478501092733929
1.4432727602750506
1.4398692306773822
0.35151774262957153
0.41236992177009524
0.15038317949386854
-1.3812886984997865
0.1823140219359671
0.6563431256781087
0.8760961382017975
-1.7629691129026746
-0.8153445557094381
-0.712887909363448
-0.30761292161502407
-0.19886631637291793
-0.5315744861278806
0.17770972315901257
-0.8526459027249721
0.6251936756828251
1.5193846041385959
0.10530070230824518
1.1849475995937413
1.2613403752149952
0.12251541995827801
-0.8735204065895106
-0.34967024338694436
-2.2484910225793264
-1.4626172709286647
1.2549593982814518
1.627201864155933
-0.7381573502302298
0.8353301332996097
1.560950483945363
0.1294354161081117
-1.4449845032791429
-0.0904570378346047
1.7589646638669332
0.4207321057400991
-0.7446200132481463
0.320335264841429
-0.964750318266706
1.5566568485181647
-0.5065838999052859
0.7196666509809172
0.2674918160110926
1.335235084698656
0.925655447126377
2.948742940492389
0.7060282736690059
-0.17412973874842594
2.514156919573537
0.26122400342050345
1.1233224877950336
0.707836819818626
-0.32653643818440253
2.2656030887392555
-0.22144247489658447
1.3970541690870377
2.3349022841151332
1.03710047947143
-1.5955248421316501
0.7748169753913321
-1.1798514452150342
0.5882296938773102
1.4032107442091513
-2.7344235995585735
-0.6842563490887824
1.2202263905147155
-1.2256413826583976
-0.4004769065584026
-0.7266376353671038
0.7818580121759444
0.18629952617320605
0.5476180650767977
2.3103195307096414
1.5680554895509942
-0.9741741801819709
0.660559473471507
-1.4170390015803265
1.8879942700366386
-1.0781838603390441
0.014288650806408036
0.19156232479470423
2.1590796962800107
-0.04320028720374326
-1.547909586219056
1.8228719883351343
-3.8127639667377062
-0.305398060915985
1.6562077442110614
0.7375576736387218
-1.1885867297790946
-2.3479022812770465
-0.3823058835281221
0.9688959499061881
0.5572130653605095
1.334310312495843
0.8519197434218572
0.7311737758242369
3.871413390328733
1.335042025442872
2.889326347810042
1.4424004647427242
0.16701408375225366
2.3393600732267323
-1.3130508533858556
0.263880732626751
-0.017070751598776676
2.3128744420287295
0.1465469066354408
-0.6779728730806726
-0.13115194974452365
0.5727606545716255
0.7145555004840909
1.4858554391897
0.24129112652669682
1.8014909001380186
-0.6736461818250173
-0.7418517181711686
0.2941823848998875
0.5015090765263311
-0.25014059806782507
0.7157535764879507
-1.1399590386277303
-0.44734314157683375
1.082943287376192
1.8020389405475759
-0.8529834118332073
-0.7532929887962058
0.8364409138837409
1.297286953107703
-1.5465977669330244
1.5820402269350202
0.8262535492933596
0.38252329637639754
1.1556552714884416
-0.2686790691643264
0.27245900806244217
1.7171976741958401
-0.13392036865339807
1.7761348932162888
0.5843143698273866
-1.4132339905157916
1.9282260549228534
-3.2564188364111257
-1.2012296276300072
2.4671634020068494
-2.221834359338956
2.477913954095522
1.47912793869193
-0.8241729254371871
1.5015813927858896
-0.09552869204394657
0.3164876688373687
0.5776224208800046
0.4340803156099308
2.0316611158253868
1.449197762562556
-0.3640050738882938
0.36950920795612385
1.3357483447693146
1.054578504812068
-0.21156563818901597
0.4920998988085139
2.9515818956260755
0.24228908212478212
0.2777302019066478
1.3589332057824206
1.6722517058617148
2.3457962346122647
-1.6885512853036149
-0.5000345059177651
0.2643861875150038
1.2003922093861745
-0.6222076848674863
1.4809574891569564
-0.9447280776832869
-0.3965118490701757
-0.23342479587818535
0.6882203825422252
0.43332058804220114
0.5940856005879046
-0.5474404423667519
0.3831540287055562
0.22056983180603026
-0.8761072930470573
0.20567896344813702
-2.018740720401688
-0.26673445765952963
0.1076052281027866
0.6540071781866638
0.11145137602788928
-0.7419754221439353
0.025017377828020326
-0.01069669004653516
-0.1719931638684214
0.4602183635833631
1.958999428863397
0.052049858221838746
1.6505515555257235
-0.8146076457950697
-0.06816853250657046
-0.8208620810646736
1.6534185750200436
0.009711432284780174
-1.695789102416621
-0.6690215574657826
-0.9840350281213524
-1.8815763674951789
0.44799820767101195
-0.7411119239347694
-1.2003987701263306
-0.8745699181287034
1.0717119713856909
1.0991812142064628
0.0175566599335691
0.6771309624840292
-0.32640278944853596
-0.9411841024657646
0.7650178643143347
-1.2743865565716515
2.4517682145965143
2.546975178336461
-0.45999343141527693
0.03153739744097932
2.1629119914464536
-1.29967154624154
-0.8823342495335622
-0.19578621757249176
1.1402183954701672
-0.9407560578212065
0.4613800170346283
2.155557120362438
1.8223451895457279
-0.9898763777098261
0.4583819337610212
-1.2962721045126149
0.3359981777207775
-0.802326818504343
1.1085727721816059
-0.14554138082969575
-1.3896419267318587
0.14256307835303514
1.0011153773501325
0.30555475698350926
0.044260776885763096
-0.5625818099935778
1.446959096577178
0.18006509530438117
0.07310142891723698
0.586888383159953
-0.4894518480385181
0.8178772539770266
1.6768922862063818
0.20754000392265387
2.22459595991031
0.6593834436246415
0.9733970993910984
0.9629708619549328
0.8845315599334324
1.5507067164920338
1.4833823350234538
-0.032871914231944833
1.575881017092138
2.2976025119285506
0.7334997731021324
-1.2256436009885812
0.06913490317044974
0.3796622822335878
1.484992392021918
-1.7412256650573503
-0.36411786230387116
0.21727800079410162
1.2043232212302624
-2.8420102099235645
2.0373406542043315
-0.06709838632641546
2.523452744040908
0.4913938320885611
1.1493927322591313
1.6514953056213943
0.6631297773353879
-2.02847149840763
-0.5802103461372613
-0.4630485464620585
1.3900809074002776
-0.6161273031664412
1.5989857579289175
1.0437934299129472
1.4671623637390805
-0.9312055869285968
-1.55621547921764
0.909919515730586
-0.01978563724269472
-0.9431983811316433
0.4385489825674245
0.7967106526504146
0.059614064558535726
1.9671609074688845
-0.9859887046467658
0.632856457730841
0.5104933346001177
-1.609469505783283
1.0596628450998613
-0.17494718176165594
0.7119891538558625
0.6314115639475326
0.25004447883277636
3.0301419409088948
0.2938267494275753
-1.0944385045077494
0.34966271639022234
-0.22047187319548117
-1.238954120197237
0.34303759008310164
0.7949868688855518
-1.8740092188613473
-1.6590386301490394
-0.13408140418130582
0.16890186857696532
-0.28479198435329367
2.956005538730197
-0.7576874793859332
0.7478745195061374
-0.6134103053384486
0.09223944255978907
-0.6351168320274961
-0.006949897153749843
0.8291458120747754
-1.537543101208251
-0.017810591273355734
0.7975862286803805
-1.2095753996319079
-0.03518108342531323
-0.37945205529778947
1.045511389400151
0.8038665594865433
-0.4633263115414311
0.765488052293824
0.2664734040574461
1.1168488424948002
2.3850209744644135
-1.9103787327044652
0.25448820697581787
1.3356729428366156
2.089872094404336
1.8865070350387203
1.2783533514647136
0.501962387044817
-0.5985067587462856
-1.3173862286142632
1.5856409139791487
0.37287132531967904
2.2682967259571094
-0.3113791793587758
-0.25195238213700166
0.6774872260411035
1.4275359977476278
0.38705610891134834
2.1976739149158173
1.6077862604832165
-0.2756222600352718
0.34093671194653374
0.31854862062809725
0.26045195381886904
-0.03579604056397473
0.2058886864386503
1.7213340585929089
0.5365473564560281
0.3798345871607315
0.8271261252118208
1.5496588301978915
1.1965235485494106
-1.4993918070824648
1.9137092856161433
-1.3104404105647873
1.1059515363364012
-1.2032015330378956
0.023882604508613528
0.2765501441284338
1.9401032108849599
-0.7940135738456986
-2.547487053656817
1.311945455520425
-1.377995302541863
1.8643147683459873
-0.02321799791727802
-0.4493405898991295
-1.7448509080522616
0.061490488818972205
-1.0368177506209464
-0.5644762268410318
-0.47835391191483756
0.052340577336522004
0.15815540798045874
1.4620446328989138
1.8217044322140827
0.40737333912236856
-0.2690889302326866
-0.7972901935768272
0.752241774612869
-0.17490381960077805
0.6007426326279264
-0.9746825979736519
0.41304675274231195
1.725227253782586
0.458023061348519
1.5587553741326905
1.0587844720391104
-0.6455205469933967
1.0715300890384023
-0.20629121629827246
-1.0666585135551023
-0.08541725171073675
-1.1210199562930774
-1.281222761356661
-2.39725690809678
0.9559258224593504
0.6156748334656645
-0.21517230659093703
-1.3182200255668595
0.3387686346154428
-0.4891474674348253
-0.20812761179487052
-0.3614622898023048
0.42825872958142513
0.2989097602717091
2.052395808958616
1.3093619446458413
-0.30952297429868053
1.3412861512403447
0.09279312264358257
-0.42443263868149594
0.7591382087755165
2.040817509036208
-1.4146479063185304
-1.3703424156575745
0.9776158452142255
1.6190858105480963
1.4738287624611282
1.0515105809811474
-0.7134853990866208
-0.10805669441202137
1.5175363916430027
0.12324692916088585
-0.20253946022679792
-0.6372986382005348
-0.6060594022804462
1.2214250817527517
1.1413564815045865
-0.08759506054818389
-1.0999767838376204
-0.8105834543959257
-0.7914203568988256
-1.1230686102321905
1.4036822112541956
0.1681280666989166
-1.8331448867514735
0.4018795545026741
-1.4102266733897393
0.4568192057680558
1.1790171731978605
-0.15340153125637312
0.42910615336551977
0.9021407004607958
2.6475456770421366
0.050016231571022605
-0.08124153242169412
-0.10056883710520768
1.1740980330536142
1.4724381238644857
1.066597466647103
0.780897215990403
0.43150643655848636
0.8795427937830947
-2.211748763636499
-1.9533198662837314
1.2968187386239256
1.4582199439714019
2.5620527288716133
1.4864102631366316
-0.30865530047081846
1.149620621883987
2.973101007439138
-0.7073008731491429
-0.03708957422335975
1.9370437833866039
-0.548092792012783
2.8146353317236037
-1.2323833869965377
0.758734757633421
0.42624074344845825
-0.5049621806533151
0.4896051965158583
-1.328070207101022
1.6709907770665722
-0.21524094492296775
0.2356004383408479
0.8484027885224918
1.6765364473287316
0.7337296549619801
0.09865763186103262
0.006260143559452001
-1.0079740738413234
0.21563154381758637
0.458926550848385
-0.8351814578836405
-1.5838128432013705
0.7525984493648783
-1.0954987003520786
1.0485749088711378
0.8627833385837473
0.30279671913767486
0.3163736748558724
0.6846268323704638
-0.2856789771526734
0.8660827744816479
0.89700884870508
-0.5104377309337798
1.4612179701302508
0.9034509196152093
0.12012919596378721
-0.4906180414117612
1.0862783171999844
-0.6153042287750851
1.8224514122199171
0.41267978979967973
-0.3573206170219419
-2.5829479809655953
1.3148911352935755
1.0992317501098587
0.8051122291242905
-2.4033719489361833
-0.9001625383686067
-0.5824047243079284
0.2503112992094953
0.13646118245523678
-0.7415605877873566
1.627331607620915
0.46403348380378645
0.9197886951163994
-1.0291765884568318
0.5648851787067423
-0.4434456222593565
1.130463289345744
-0.04449564009873151
-0.4038537435375055
-1.8930109617277255
-1.032028389871502
-0.6535165398007213
0.6662176248160019
1.1771266141636054
-0.22079264893931905
0.5072912888621042
0.6134836359484716
0.6416651016250265
1.162910368993843
-0.35653908321763766
-0.325217176605575
0.6194436190033239
-0.13554942424748279
-0.34214099534057596
1.5504507534920544
0.9897890786280598
0.07716658234579488
2.541172831238977
0.16077218524596495
-0.2691494997533337
0.5063550402792547
0.37477926298238706
2.595005483254228
-0.7495398117530913
-0.7807795158448965
-0.42377201440021117
0.9115971519558665
0.7140073416631618
-1.581518158402201
0.49739438649594336
0.8242520179366415
0.24932440247742094
1.5644356231359413
-0.44462005889926115
-0.29642248725924814
0.350558758774512
0.35153994625508567
0.3616295942250188
1.2904995664465893
3.0313359165506033
2.1125747203262226
-0.06628284973275612
-1.0356647466985878
1.593401153946618
-1.5395481557376964
1.35739035241121
0.20721419150236092
0.30726970226715417
2.1250444550154417
0.4830360692917408
-0.9624302836403162
0.28454858449968046
0.2509584221516025
-0.22218147189152404
2.773501896759977
1.2171848276487853
1.0887571782034144
-2.0823096495345528
0.5365963659748655
1.2550694672798548
1.4463259943230766
-0.5942565593096276
1.49137530606987
0.12749006378060135
0.8947535240438862
1.6499292368065335
-0.528740184975683
1.798094638638729
-1.5880149943205382
0.5241791107871192
1.210225967303151
-0.2825226054357711
0.10474847306519766
2.677110191881421
-1.1314462451744307
0.03097643350119166
-0.4205947112035306
-1.715496566059394
1.4055198062466612
0.4300581864714328
-1.7224608319490262
1.66378859752245
1.038419372795159
1.3670483555887292
-0.24171332667444917
1.5769973382112856
-0.8439531756676092
1.541684512934985
1.3350739565477034
-0.1761354552079295
0.8537608151551028
0.5114110122329804
1.7079225600773278
0.9212069500952857
0.7391548559312572
1.5445649520737426
-0.6625470511684921
1.0980644294164696
2.0617081472630034
-1.1002686608390726
0.2862970707370078
-0.6822047018383042
1.198796076361821
-0.12149782740397067
1.396524364160014
0.8807179513365704
0.39473216527532295
0.7206004362831607
1.6657926972453914
-0.7862401705239241
-1.152430900127206
3.0911772461936664
1.07741224591044
1.0638562874014126
1.2596005912297135
1.411720033043223
0.6608797613052099
-0.9851015431042699
2.370854584437085
0.24239841078920962
1.2103536747922266
0.2265113585435855
1.1736455589183157
-1.198982809786184
-1.3610201639136588
-3.8351021609052967
1.2670626946981751
-0.5827425723489158
2.0743315949354533
-0.6851958872363665
0.004466298159629359
-0.704387669011544
1.1283962215788306
0.8286301819199718
1.2407436750325511
-0.2659565636463198
1.3039902036995203
0.23749055773048625
-0.1381578865362662
-0.7636751500466897
-0.7235315249536309
0.9636004350729537
-0.3886271899052822
-0.24501675970374648
1.9085055388138445
0.6187388546512427
0.728392032640331
0.48333650719915344
-0.5384249448135225
0.4492564746317265
-0.13401361561279704
-1.7291934851671131
1.7720056275558989
0.35809330251198823
0.05290912192647419
-0.9696369928039635
0.07859551635468318
-0.20911122147592748
-0.06542967140576374
0.16912647230403544
1.4670391610440892
1.4613246414422156
0.6705771695492065
0.5502159796970323
-1.3826687306343675
-0.5356580800188434
1.0771315506474202
-1.0461323494657568
-0.643130906832554
1.1344997693020016
0.09641520706644499
-0.2176461011248744
-0.23343278705722476
0.9071128172737799
1.110724588513742
0.7820835017411809
0.6623817954524666
-1.4930956514756855
0.39572033314161337
0.5363691170859421
1.0940212612429674
-1.2233997665231262
0.40762375374234394
1.3298726902554856
1.9478599597983395
1.4519273012456066
0.69581941657321
-1.3638548464118871
-1.0202309419159814
-0.6649941824889942
1.2667097958038982
-0.3617366340312986
-0.4380879531506054
0.311846242766412
0.7544738206786307
-0.19499590607284767
1.3322920398674265
1.1494681299827076
0.4649472647598124
1.0879662066034472
2.0884706080378925
1.2228352383130023
1.793176993036945
1.525103908625522
0.538130123003165
1.4855819220749025
0.386840735271229
1.206625826643862
1.8243251738110844
1.5140579874773465
1.0436871298522408
-0.3376101598910763
-0.6260493824136417
0.9619903751416143
-0.008100787304336901
-0.18242556011603217
-0.4074132310048736
0.5767746496363932
0.7124314249535882
0.5741027595452274
0.4682511878973633
1.5219587200480682
-0.015016189876496944
2.1342546068613357
1.0452327957011318
2.2766274299253206
-2.5554312740629337
-0.05617167203091754
1.5428397349839316
1.821894088244425
0.4603163814437087
-2.088972521195844
0.48380648247104857
1.7322552111161449
1.012469574446499
0.05324638676335974
3.968665978294983
0.27889721702829495
1.2989650009992064
-0.946418430380177
-0.12906356543724093
0.5134370939976889
-0.14892265237149316
-0.2673594791050749
0.34666162256638766
0.24155182978985112
2.632251244029981
1.179169786193791
0.22088849535511784
-2.076355265265629
-0.779390702534755
0.6834477786705562
1.4465284149256799
-0.22134615707164879
1.57524874984741
0.4625899997900626
-0.29802401067836526
0.30930033821150793
1.6374499113229437
0.9786399249608673
1.2069620298958021
-0.36678426671781406
0.3137700695912839
-1.5531627128920045
-0.021409503617393518
0.6782998366263454
1.327853278729899
0.004958189378750831
0.6580246851987266
1.799339029143986
0.7804566905637501
0.8243935053484455
-1.7626304101023522
-0.6509463938772222
-0.24294495783263464
1.691769309114062
2.015125708486868
-0.7486314726500889
-0.4760014972276879
-0.19463563983221716
-1.0452813341151115
0.059385153911863914
1.5292462264180893
-0.5774336942009178
1.2879230322865904
1.5709487363286767
0.48600419938060696
-0.6051931077075812
0.6322601949403366
0.3553616088816369
0.4982184990724944
0.7118236963630048
0.59881538607287
-0.915534153188992
0.04496601986115345
0.5385516381125774
0.24385372010893538
0.7751865531886378
0.4852228345714104
-0.4061991162938909
-1.621905970601491
2.2277042291402886
0.9519470892867457
0.37537547924866727
0.4080019708624207
0.9471979895376559
-0.4039343239421575
-1.0954243630982818
-1.5907210127352567
-1.0061583500035374
-1.3183138759811657
1.2179275450793405
-1.0767201606706887
1.5370367995156418
-1.2524626733159199
0.8571074265758853
1.4585591326406324
-1.2045773196501675
-0.5352963215966108
-0.1341842361997181
0.06568765701357857
1.458615186141333
0.060301214237377124
0.7248860448919049
0.8031835631768078
-1.6660982240562299
-1.720632872869233
-0.240351372542082
1.0031307966689245
0.3405186832017315
-1.1269799809636414
0.2482671760188018
0.19690269881128813
0.4128926462131374
-1.1685523143126944
-0.4630777162607873
0.3917032911957979
2.050736156510738
0.9041244400115048
1.3868384887897955
-0.8448559595875919
0.30624100722647807
0.5056669899508166
0.6240198705320918
2.0227551745580667
2.0783877344641963
1.4813207049081596
1.4297938370954635
-0.03791616494061455
-0.18647930001923538
1.0870420723899126
0.37800153379335266
2.0851147820090277
1.0738644428949056
-1.0250310817826809
0.09483279451704885
0.3810297294326249
-0.024745197719209504
-1.2517976652369787
1.3221667480638648
0.17992458601551864
-0.6154241757110449
-1.9197061752037579
-1.0590750510304314
0.07920811228247007
-0.2590458554166134
-1.251886256911723
3.213958820060407
0.11788127077951949
0.395807776273217
-0.03327738685398331
-0.08308761956644145
0.05072061198151387
1.249222756399782
1.118447058918521
-0.43321819621959323
-0.507504136131673
-1.2650616322812074
-0.1521949440567124
0.9149797799060717
0.580985695785975
-0.8373297362291908
1.3343214799675673
0.7681448941137449
0.8190664466943199
0.10456903935579423
1.1167987177476466
0.287637251254411
2.328380331332303
-0.4441748812605567
0.024700298380522914
1.0065459853762013
2.6054548220000533
-1.8186943532494502
1.748230369284565
-0.9236086120516631
-0.45776932444504237
-1.2272484389958036
0.43857980007745756
0.8735655733655279
0.061203767411316765
0.4656690996616718
-0.7248178298669773
-0.22142147346836477
-0.8510458100469717
-0.22159750290094568
0.5265781397313715
1.1642159420435285
1.272026155974075
1.0487860266974716
-0.014470042384258947
1.281898158947437
1.2073906092769078
-0.646309688479371
-0.13362187464267783
-0.4792678040334437
-1.1028703408012952
-0.2648074710350565
0.1308468102822403
1.9395542863210573
2.1475254770961545
-0.4812634457886244
-1.8912734418728148
0.3262222589791655
-0.676535355907585
-0.31874105334126435
-0.4058365222197241
1.5468088692735271
0.5422012640144303
1.803810511023884
-0.016835743787232238
-0.039468342383384425
-0.9503876559487363
0.9553152594283867
0.3044090940505538
-1.6387204022262067
-0.9028622529544067
0.08450469741175329
0.28779706090171747
-1.9108842277928144
0.2299032105674777
-0.07671870601991314
0.7383711412148811
1.4828393246103875
-0.8053646168615634
-0.6942409227732936
-1.284943323474366
0.9770941183623365
0.8602789839794969
3.0459197151481465
0.05004538430262155
-0.809275342093762
1.8399667104438886
0.857937805940648
-1.3361314856395714
-0.5190660820180033
0.9260187435717133
0.1693328721968589
-0.10253798909989055
0.40428917201838477
-0.14774659365025383
0.9078924734076955
0.2893782617634062
-1.8114811155326391
-0.3052481715181754
0.46473301481589335
0.8915630610468832
-1.1203353689815023
-0.7945863724454922
-0.6912022494477275
-2.0940630060874907
-0.4082642489578759
-0.9401598376748519
0.02281887603157459
0.6339498353475874
0.22289163244490195
0.5394234261705502
1.418763471417293
-0.789325182153715
1.0187550105813872
-0.25994458716639957
-1.3154675863365797
-0.30755640527505373
0.12415146584099676
-1.2564842208163718
2.1930645899768852
-0.8890301104595036
0.6430232920625786
1.1612632337071538
-2.1599443246607613
0.4180790043427818
-0.5864758407021452
0.6561382904393944
0.19392826694694906
1.0831254376869173
-0.4268535963409184
1.2988955455190205
-1.8723029991409508
-0.28888262908305484
1.3203205744172288
-0.004193294776734607
0.1878110403879676
2.176567268250233
1.607286041223907
0.3891947711019404
-0.030435869422739462
-1.0372336343026567
-1.4649898054383368
1.6388948332720927
0.1886715303920621
-0.07939527143345357
1.6829318093536794
-1.6393891136342418
-1.17545158053479
0.23369824544566012
-1.0201897720595103
1.1002774045264694
-2.3628426967575917
-0.035507180302926274
1.575035549133608
-0.3224347755482142
0.19874351973117835
-0.3815835638474046
-0.2575758713817961
-0.035182229794598785
0.3813633567253166
-1.2602567353639207
1.1475071859495718
1.8319281372056249
-0.18713663539681516
0.5020259103402251
1.0037898405103882
-1.5752693191706624
0.3730310531104878
-0.3021779468033772
-0.36757145079571973
1.565175519518117
-0.15768900970829614
0.5488113912470531
2.294728976110819
-2.5555794126568405
1.6055306894007382
0.14081047498788068
-0.7654314608102688
1.470271788043271
0.9447793456390831
-0.07954891960320494
-1.4182480423044859
0.4426493915010413
-1.0918596356352435
-0.5042035753156514
1.4283443963865772
1.353255419281676
0.9054403503353976
-1.6176802356476276
1.001220672661349
-0.46741583832584854
0.8435497574521219
-0.4004460604040384
0.5732986381072485
0.9863456620739556
0.1044337661823026
-0.819853172318056
-0.856944683537129
0.6640791489232635
0.5108957888051139
-0.5262011078573279
1.4710244403582902
0.6158535745509004
1.2188219677910388
-0.8718181489863921
0.0971588351517845
-0.36009303282553484
-1.3755625436557857
-1.5733261008280983
-1.2505692593926105
-0.7188575042391989
-0.50915094288534
-0.8446867443131545
1.7413685694835186
0.4754122682728897
2.204063314308807
0.5259514709289734
3.609789821628369
1.4359711288704005
-0.4206636836979816
-0.41302721667817993
-0.9684348995039826
-0.1229727064615166
0.7792643929415395
-2.287566304510328
0.36718736213950043
0.054058035687824746
0.6343752263314334
-0.35305461021756535
1.9665677171043388
-0.8052454791472847
1.4742821053164685
-0.903897493731253
2.023771521205979
1.1794026334066834
-1.6862129606715748
-0.027192104330125436
-0.2809530193640958
0.5026925921187747
1.5761396588517047
0.19795454976919233
0.1222908767810733
1.2668612589508714
0.29631404173486664
-0.46279871109268045
-1.205627141895263
1.3157747324763969
-0.8858326460344124
-1.1899221800403204
0.502014178560471
0.6246217298592467
-1.0370973530106047
0.06110589787909991
-0.4108201118009633
0.7056902668215349
0.9949543589724033
-2.0059616911785145
-0.006347071229705381
-0.21825733133157735
-0.03292049344903753
0.7971010910043533
1.3801825080353214
-1.9723487890548712
1.1142832777904053
1.247377138595966
-0.41632473068617726
-0.8410673571380486
0.9792183405621524
1.2134145748423177
0.44276471087098607
-0.7030897100203405
0.456944740441531
1.6609863441411812
-1.474083969819541
-0.8840022422780376
2.0626241655287556
-0.9184579328820464
-0.7953157047367414
-0.1236238358840608
1.3719142617832802
0.2848481018879858
0.20059786813109012
0.25141770109730277
-0.9220948519679832
-0.5294681390767828
1.3149747721022689
-1.8830291016050134
1.1944765291296866
0.4552927264417695
-0.12361894664429741
0.3470878678957191
0.4055805172403261
1.6351296831881472
2.311294181732779
-0.27802644348068484
-2.068063333566817
-0.3809438816069221
-1.5172410834262375
1.206968378653302
1.5165161330909895
2.787195035076808
0.8371329826321137
1.6310435435304473
-0.5192931492546711
1.2753698191831213
-0.8465336526442631
25
0.38025399520616765
-1.3626465456836627
0.646893366659878
2.338251916243113
0.4700313772044855
1.941677597171687
3.108123002730873
1.316386949351967
-0.04689381256846384
-0.26504429667754714
1.543447205217577
-2.0119454194532813
-0.22579970866205817
-0.7723041504457051
0.10149133193623108
0.4355398213316493
1.6927041971324523
-0.2248402631989056
0.37894114137011203
1.5913261689694556
-0.10980655491794795
1.134315866303777
-1.6523152872923992
1.3403750285353813
2.9237781235476525
0.563911623917801
-0.38947470593521194
0.5920629511812204
-0.9297289377436286
1.3406998288380547
-1.2275080589847547
-2.134822666050965
0.21728424958733067
-0.18930575559906335
1.1464444790272839
1.1248265440054757
-2.183813109327843
-0.03869203743394903
-0.2981323682120376
1.1227135663347905
-0.2421743142064139
-0.8399948071630279
0.6285667602880022
0.8387284365731542
-0.11309354273831482
-1.2959259539591914
0.9715777780379843
-0.443096566051463
1.5364693570663899
1.3184908300546676
0.24006276900091783
0.6153147673219523
1.1630549028347579
-0.39973756355317336
0.8978028965503471
-0.5465413358461845
1.5606451203021505
-1.2423937223648054
1.2409835304187349
-0.6645152688118671
0.14270759257124593
-0.7534992083383898
-0.9623300749047042
-1.1455950960206625
-0.626756528716632
-0.6291695460855137
0.23149418634888907
-0.4138886221391874
-0.6822926578993402
1.6167079162129743
0.0034056132864595454
0.31910884303249165
0.7448546846533282
3.0395134537229618
0.8542833396797486
1.4632215505907518
-1.909263254732507
1.1889014458170746
1.4981325633920548
1.207185368340559
0.4175533775501977
0.28379714156154523
-0.5228520704476565
0.761604392329728
-1.7457591053452324
1.9013163433014224
-0.6596279149683807
-1.6267610409444353
0.19737849044896197
1.101691135509713
-1.5200910410837347
1.7894070139558231
2.0777860180550958
-0.36764051608510584
-2.136327358106631
-0.4882363164297517
-1.0548790221376274
-0.0924292041119768
-0.25685209568226597
0.539328597780191
1.9625213174933043
1.124850651398718
-0.28902092520571093
0.39973248258434585
-0.007973884527405975
1.9028265831658762
-0.8246799034798274
0.814926410085979
-1.8093035647224491
0.8794512473984447
1.2168748286210564
-1.152344786605847
-0.3321670500164484
-1.1143004311305515
-1.2335117824306074
-0.6084143052428777
3.240926187508383
-0.08333741011112258
-0.6177591453356824
-0.39130883414468637
1.008159861351808
1.2258372422770842
1.6465575067461296
-0.4172185601189011
-0.22568855876130206
-0.2512498433796072
0.7324710900400639
2.2995296461313797
0.9765990811769415
-0.31519509678627455
-0.708501297742136
1.222168221024662
0.5591873425544761
0.011142860829160314
2.4408311089796286
0.874791057847087
-0.0644696661950613
-0.8481296095567945
0.18426250051613713
0.5377940131079848
-0.7917542134559805
-0.48920974259079797
0.9197735723100106
-0.39152428450640897
-0.4049634809169919
1.786853764875597
-1.3603198832565744
1.4112819221940407
0.21128951686416408
-0.2625493483118825
-1.0202475677030842
2.3494844553308694
1.5004781046828288
-0.10112550589423944
1.033509161865568
0.22224622621202558
1.764549510815053
-1.7355107802649452
0.9875300984574775
2.2773423298758106
1.008096536765377
0.983136944401645
-1.3603387917829357
-0.5512905248913542
-1.0783242256998133
0.7940589340264211
0.3955650654105916
0.6203527439792624
0.13677373787979719
1.833345506756238
0.3517746212995101
-1.5329678043207506
0.4375203253500184
0.28370825011964407
-1.0355394403296685
1.0544687594178435
0.9498948865711427
1.5118613570989758
0.4406771026797286
1.1838109626011382
0.4581086998195689
0.4516567467589158
-0.5566475485691498
-0.2086025814578976
-0.6621560242250544
1.8892127720290217
0.07775067518751441
-0.44605308475970296
-0.23099559424448615
-0.4153456450000299
-0.2835587971545217
0.470078278083097
0.6657273473178484
2.0416349573462664
-1.003298592317447
0.8490694559369714
-1.3826709388690825
-0.5925837107635789
1.247229067534655
-0.36597747072307096
1.38021070786679
-0.6403274741708254
-0.6933682028559061
0.5891549493372212
3.4736773800945144
1.2566045783252833
-1.1829779929762536
-2.1590514941820196
-0.43285581638103054
1.3171901139337645
0.5142213436359058
-0.47676906916198636
0.3280351496709461
1.4625265794250495
-0.40114355655604594
0.9863415840419308
1.5634326047626668
-0.1684996812554957
0.24892985693707553
1.1146606142072097
-1.864292224500461
-1.1819914535255407
-0.45748797570461047
-1.2227912957964686
0.7289807769853608
-0.5851587273269845
-0.8420048630149565
0.116469807653203
0.6295104410454235
1.6538964188114453
0.9701400865338692
0.9592800278868234
0.5541154359810898
-0.4968923515552306
-0.6121406954751569
-0.06213802887403724
-0.44493708691867595
2.0934222877244366
-2.6148844263570448
-0.46352869535199503
3.786461748795629
0.5533132358207008
0.5640930892656132
0.43522770430977425
-0.933608446181293
1.040860822651349
0.30787978564996155
-1.0610331781210105
0.12405768176024577
1.492578050512224
1.5370382850256017
-0.19758033720745607
-0.8517555549378648
-0.31105375653442746
-0.25600739976160836
-0.05320898698122681
0.6411708902093394
1.7369055677015381
2.0186255407790488
1.4496703713338364
-0.5955121726658176
0.624342990662543
1.7930116396030442
-0.6436816521775337
-1.5652680819518472
0.4575841661755219
2.002428068100772
1.061095650968327
0.4576882000585339
-1.0809478252799285
0.2624117445508516
-0.7500033661444309
-0.4202755006900712
-1.5662989140610106
-1.0132213840844435
-0.30321112387046645
3.261264872899318
-0.7067751210973048
-1.3832807631187132
2.7109133191589785
-0.783554214514041
1.4122676767151277
2.3401331028555705
-3.627834335037046
0.08020358000499617
1.8056425648663301
0.5385689075920026
0.2169766555783981
-0.046328499420859634
-0.009373139679094228
0.49552083221800597
1.574064879231091
-0.924876717981368
1.1495205623876803
-1.3240189340830915
0.008002417122691768
-1.3910982461390642
0.18884309124451995
0.8231525508402837
-0.1819273379399136
-1.2608793268822167
1.229051498781666
2.064613216880134
-1.4245696349912662
1.0665708579284578
-0.1571915256993418
-1.2489560768545487
-0.6298097131144171
1.309773305062328
-0.5963188672211871
-1.382286403322879
0.09800201531584289
-1.705893786956928
-0.7287068553875945
-0.7400707447998748
1.1900845051967832
0.3836198335734052
0.791160138085308
0.18298666999467042
1.3333237435482257
-0.5015114517236525
1.174045816627767
-0.6433808941261004
0.051157570533565316
-0.056927009612247434
-1.108566063696596
0.14738292871551253
-0.12446530805222125
2.5447444513908466
0.822145781265661
0.4241201625043054
-0.32126919342815535
1.2832736504639712
1.6313895493098438
0.46841656668307313
0.8708548698967343
2.1107963950335455
1.9024656914826015
-0.4792482140518748
-2.2237961190640845
1.0252583742706072
1.436894037018063
-0.4222923302275934
1.820103353986092
-0.909160625418229
1.2201345283091785
0.9986717142192014
-0.944602336461745
0.8453049039594516
0.6337143972655361
0.7707908704418571
0.3306614609302836
-0.011713143842542247
0.6757996066030638
2.5854247073183667
1.6672944971251142
-0.6106924272045745
0.27870754681924936
-0.6928050564805067
1.083585511103385
0.8834292585089146
-1.7016970679893677
-0.23108051629030663
0.7681021537118627
1.7116085664362304
-0.7605949590849068
-1.2389309429992874
0.6588653830151802
0.5571269587889534
-0.5469450561602195
0.4028364608058065
0.6101612217754869
0.4483104964182602
2.0745416959319494
1.4203193198743447
0.8797527001532247
-1.2026820331644763
-0.6138855696136417
-1.4415674103708258
-0.8384211722810124
-1.232367783887455
0.8670652439380245
0.020865148547596166
-0.331234222375946
2.0153562936791447
-1.8538836291247642
0.1393095261382176
-1.653868736428607
-0.7030332226308171
0.46251448230642156
0.56844829108885
1.5801614703401952
2.266786926189244
1.3805796483355748
2.1135272474988094
-0.22843672851595812
-0.4965016029400739
-0.01735315622807182
-1.5918263854899732
0.8229883530243461
-2.217606946718115
0.8132588956293331
-0.30163943305394386
1.4946117851084861
-0.49497100316636133
-0.00945720479417829
0.5995125667054728
-0.5104972790331106
0.7523659492865283
1.6217686157902231
-0.031185439157818483
1.8112889876817895
0.3393983588339964
2.5313295800738027
1.9471134816045816
-0.12449830339496303
-0.5257142936889302
1.8198399993099021
0.2039982988227714
-0.9228362502193397
2.0852590714026027
2.4051977456010096
1.7665678679522807
-1.6640748083943373
-0.5837892141025797
-0.6865974714618452
0.21738336613296966
-3.0004138659556463
-0.48040424281261773
0.8728925998630925
1.0160701565322816
-1.219812736417926
-0.5046250554110361
0.35598873112839025
1.4961391562873885
-1.367967860936997
0.40209972799531857
2.3774405950397726
0.8437710618770901
0.970799050380692
-1.4002590344635364
0.19477109663396838
0.8266941837651662
-0.18387148364688408
-0.7486720178005964
0.2640334994655039
-2.2886156551644152
0.41102409657678396
-0.21368999204088568
1.8167066727818224
-0.5332734038082182
0.2649230358108356
0.06907461825614078
0.4961961185820136
1.9968042946601323
-0.9135731413793431
-0.8553905759486654
1.2268777207893473
-1.776340971089927
-0.10855042295923464
-0.5361992046029189
0.6973026068376924
-0.3833469764042666
2.0113210521832245
-0.006020204501271401
1.0326432054774592
1.2623754426158338
-1.0320370917197983
-0.4530511731334736
-0.37211462016709645
-1.1242850366177133
-0.4815338102948094
1.6966364042091073
0.4516195792608089
0.5952640946801411
5
1.6072408235262488
2.2557341349617905
0.670194584708829
-0.5657578488016307
0.9613840904565593
-2.541291237946405
-0.04381781114015597
0.749211551127959
0.8751733787276776
0.7993650670232575
-0.02209585215313229
0.7200557057868288
-0.4171476434498177
2.178098449162685
1.0159654767697563
-0.08274407926449867
0.9894366830339282
-1.3841190650567148
-2.111194581140983
-0.0839351223321495
-1.124431052522687
2.4025876233048695
-1.1723632132418795
1.7973315528127216
0.23491757181340786
2.0586375195113376
0.9049491308183754
-0.11449528617317442
-0.2319604558091452
0.4175296230019831
-0.9216687305787384
-2.2005452309707567
0.19511066011293154
-0.2258364430415959
0.30610223784429136
-1.1460709694477906
0.26921077419707135
-0.395234404684052
1.8173258020922736
3.0401266207621185
0.6915158438557687
1.2685517275283087
-1.8742020188527917
-0.20065127419982998
-1.866865933484935
0.6751235211788337
0.7490738417334563
1.7478059937449482
2.860283567976698
1.8334123704230754
0.9613387024253397
2.134117276113802
1.1627653198600723
-2.1098354797774204
-0.6962306574158246
0.36865901587240774
-1.1527515861727122
-2.595675374531858
0.2695706522064444
0.6437724278373451
-2.1409263954980435
1.6712921842575228
0.9748490308048541
0.6315751156104679
2.894986555698532
0.08090568411531594
0.47328145927529564
-0.12589497732959642
-1.9044690462078395
-1.550244941133402
1.339413055539331
1.7142812811953603
1.4606251041731202
0.10776104223904967
2.2295693375869865
1.7523493634118692
1.6586940146916538
1.223656938442237
2.783214278798874
0.5482762187727167
-0.9007954395563924
-1.308169768080774
-2.131350372267022
0.06995902102949299
-0.6326064020939388
-1.9704072240114234
1.20510410940852
-1.906568855103077
4.075451285165091
-1.1285713099322658
2.3226074920761377
1.6479595866181698
-0.8127492545993267
-1.3836809971585637
0.261268604983361
0.6587010001233288
1.94476256866108
-0.6192820145259993
0.14165267339990328
0.9582914226961522
2.4956977156149818
0.1211590282332578
1.0675500934044324
1.9539057598774145
1.1628011150438984
-0.47050730836818405
-0.9572123877120652
-0.28217221221298777
-1.4457665307271155
1.132395741135668
-0.33359835468037013
2.515062263066497
0.5201367472851453
3.4308058108978403
-1.0161757617611407
3.6279192296412477
-0.310810183428147
0.05012333321808002
0.4292193665526517
-2.1201811782885533
-0.49905258559148413
0.17096358304992898
1.5529272119449562
0.1993203451641913
-0.9655276181802345
-0.9996106508470929
-0.41330623339281
-1.4200428366703168
-0.7687897473818626
1.08517029584794
1
-15.932752282263701
-17.82070052920603
-16.364046675883944
-18.766034609516907
-17.13826998166214
-1.0389001056190785
