80
3
18
-1.486209223684712
-0.8001092466005818
2.3454057505152663
0.17557252739760565
2.380745354284653
-0.46793151852894144
-2.6487676363701804
1.0956304139059072
-0.4729911770910506
0.17086905580028
-0.07661830296413277
1.0601555027047163
-0.6544854031236818
-0.29138717185992113
0.572685047666107
2.392515801744698
-0.7006405785586209
0.3438544785827271
0.6188704987362446
-0.5500959090910903
0.9281529291340963
1.1682504801630944
0.8343664408879493
0.2522196176328476
-1.7353878052907816
1.49019494875983
1.4751179224638635
-0.3261076329494742
0.0030936771674582933
0.3210875135416743
2.31574195360037
0.576518537731415
-1.1755834773780736
-1.1166648647762325
-0.2832047575432957
0.968498758137931
-0.11647574697342467
-0.9679345718192499
0.4586281899188955
1.6670883423101572
-1.2267264295532905
0.6977328064179161
0.6061089566044118
1.2310207671048787
1.015776155405854
-2.0470744350284558
0.3589358315694459
-0.3097712340837746
1.06617237969806
-0.5261835989453398
-0.08915039411083078
-0.5623340160450004
-1.1263128690659454
1.9375125405767315
0.37736493037278995
2.4401090270000694
0.40567849238182313
-0.5687568046132365
-0.7131395460658788
-0.252328084187383
-0.3847781822512153
0.24888114232008926
2.385858192645234
-0.8048560375820778
-1.2005431027359688
2.286783488646556
-0.17635099592370093
1.6698112122139859
-1.9709398041171866
0.8012760466024188
0.6558162249166479
0.9494304105721786
-0.21651123631867014
0.32900919389437794
-0.18236837300928793
1.3329530859427896
-0.9598371634528984
-0.571090117268496
0.37790734142792914
0.5704759823251977
-0.2691694147642884
-2.2834706970812753
0.4560588072092497
0.5115806512626975
0.8912794722690032
-0.7873009672141982
-0.5286555703077025
0.6683074481262516
2.081361844893626
0.7404500751087258
-1.7228466875848871
0.35798415964565483
-0.9661613319583335
-1.2997636974321933
2.918081528407661
1.8059724642146275
0.6361346593451359
0.6620289065566685
-0.5456211543777308
-0.7003270208552957
1.0198655735983884
0.8914540176357737
1.803551320240942
-0.32924654520222424
-0.04201395504411485
-0.38231316652207664
1.618384265361152
2.514582104154609
-0.5222766942616929
-1.4971544318166876
0.8820041723820687
-3.7245615314271494
-0.06548869192134855
0.14317203921370983
0.3413090822115984
0.10129887664673387
-0.7184371168290392
1.0719372815439514
-0.36125753457500914
0.4910327404559774
0.029321100187753198
-1.1689937850302425
0.25040499471927447
2.393627081545214
-0.3982821047867512
0.031563138165781116
-0.1083479331264582
0.9651122439357929
0.17483778420361318
-0.34091924704275683
-0.7320620791320338
0.587592768895291
-0.5635218103552702
-0.2484360135833878
0.7329574535055293
2.6097238153608977
-0.2035747012684791
0.6188782614946085
-0.369844770346931
-2.860516923134805
-0.2280045102153287
0.1527399108137173
0.21318399488168924
-1.6941240046884527
1.076701151516068
-0.0419065961380015
1.1928954988479477
-0.7826970380936309
0.014333110909495357
-0.41304890220896306
1.811456843645753
2.0791863878887398
0.36887148869359054
0.36855043334405785
0.27522232241808586
0.4936565177828891
-0.49308425840284886
1.2405920901369127
-0.988582836932673
0.07804643792059476
-1.3106661050679893
-0.59927427356406
0.7570094005368093
0.5347482927628434
1.5484150518986848
-0.43869343779951936
0.19987718803612178
0.8777364160961983
-1.7904502161685556
1.2339113144093872
-0.708315479899074
0.5707118115167014
-0.3188367048172399
-0.07231405861448069
-0.1603123825616533
1.2134407357887083
-0.17870361161730708
-1.6388311503941568
-0.6705798672469578
0.05816313079108181
-0.08158948929763847
-1.8305797983009668
1.0358273899693509
-0.2907214703430322
0.8244120394619054
1.2033457933901976
2.183669649866865
-0.17674922179302038
-2.406835223006752
1.8947429046578756
0.9325559102830063
0.5770013024540368
2.1051534467632065
-0.9743402774362174
-0.3943931500339579
2.953977004078842
-0.09411992376271808
-0.3215900049161571
-0.5615471413462962
0.6396537851166847
1.0685639320133997
-0.05671508167709931
-0.13675098143066738
-1.088299947301512
0.6492804414856354
0.8135389737008962
-0.7270077928810148
-0.04269370471729201
1.6224402365741675
-0.29513265434728353
0.5362271790409149
-0.5212917223904904
0.45437577385873684
-0.9127953515838451
1.6006966654825792
-1.7991704240925124
-1.0203741057422
-1.6171333964452563
-0.8536133143360072
2.350471444521412
2.696131252751216
0.7327946631533084
1.8486078754386313
1.0166336463052332
1.0490461673257203
-0.77933342950214
2.3811691420141443
-0.21710899926184923
0.2741365183925559
0.27569019863681393
1.4588250863820893
-0.41644017777605735
0.1754823332315628
0.9727061865126496
-0.18060998189448185
0.14257439701707358
-1.4772099725126815
-1.8735548477596005
1.5868924090365104
0.025668437641213373
-0.7107429293179839
0.0736884683486901
1.5677094140608232
1.3480433655577644
-0.22217135562039436
6.808285090940808E-4
0.7514984743350919
-0.5961957599787879
0.2730112152386581
-0.6837602254638997
0.712663920934953
2.7137853335827464
0.6925722452025599
0.6919834320087314
0.5948872197899343
1.0252906797136805
0.8709974633762902
0.6598581872396652
0.11428016776454741
-0.7855033951014582
0.33806346356223277
1.5247945629849777
0.5686134205326436
0.280880041025123
-1.0793758987453463
-0.2496139369138127
-0.5323049763526208
0.05303570569030895
1.0012415899660942
0.8793236200157222
-0.41568956882438124
1.8459813723964624
0.5419846885619506
0.9645499839822923
0.44963174894812685
-1.0293223313846704
-0.5981865436404747
-2.402739498140268
-0.35713838862182656
-0.07896019072616159
-3.7425734003980717
-0.6105715525437642
-0.03087566721174062
-0.33674642735710936
1.1239165820153703
-0.755960376186104
1.6753669369758797
0.5011351384164949
0.2912185097168977
-0.03860407089694516
0.00368643655981854
-0.9964645419230589
1.0143655736914001
0.8951457026083264
0.939472460978831
1.130452535993432
1.988091037327209
-0.31597505023120326
9.104409970702165E-4
-2.6115302755205065
-1.5439966392099687
0.71403720317445
0.4736258362131584
1.1344707900156537
1.27008589141732
1.3084927976943501
-1.691215374119703
-0.5711719472819345
0.5686218223247774
0.3124623151414826
1.3924501587034879
-1.8533116991650043
-0.6779558058956144
0.422636484287253
-0.8747618507648028
-1.5905120090485354
-0.2891814728011425
-0.41594366564457785
0.3932181980505046
1.244216185335673
0.12316429770151946
0.5466486552915264
-0.014774405379909298
-0.6031796730190125
0.7061851794544574
-0.6602029921175739
1.7184346099154657
1.497504295486969
0.695341217114682
-1.8192205308284102
-0.6716283830969332
0.6119973667029576
0.7739457148797001
-1.6125061923504926
-0.6453872492500339
-0.49939061713899635
1.9772708901662668
-0.3588028595948409
1.826368266656367
0.8954969674133458
1.8648156141511087
0.6815011992877527
-1.1673264644320704
0.09485843933730587
0.18023098743961052
0.11705744559043921
2.3036147949544272
1.195149902874166
0.7584106225023857
0.0728469768302207
1.354460085791223
0.6419978797371764
1.0492358040480574
0.524064089349807
-0.04931660498680915
0.4805881848477739
0.8009248626941001
1.6237614075901565
0.6836876962012646
-0.8180247552325549
-1.0924779140675214
-2.3049489885271943
-0.1823020952494816
0.4555556406135446
-0.3320012667480038
-1.250250771400504
1.6082284670224458
1.7779043981693772
-1.3547956410253552
0.28272223764113436
-0.1536759206235484
0.030062852051181324
-0.8758499203985473
-0.6836204798907186
0.05833825828327969
-0.7893492616066653
0.6775533173372887
0.5335642045192115
0.07553104824875573
0.5046497084409365
0.46861367286481476
0.23939263761872867
0.20349811119153483
-0.447365538819575
0.6361348321990424
0.6159093568770372
1.8095066316990118
-0.31932719510675583
-0.34433269444485143
-0.5395430629064135
-0.17085976220635343
1.0838225901269614
-0.3599694350782498
-1.0745388312371151
2.25113272887505
-0.08483194263660099
-0.33435903590393323
-1.7150857700408328
-1.0333536329040427
-1.361914735819564
-0.31903253646106633
-0.15516026935323346
-0.08926385631326605
-0.6595161275949303
2.0483793443703027
0.17499662501002444
0.8232666040191483
-0.20858583902630132
-0.94938401438701
-1.1004154525706906
-0.7576776480010372
0.9711124955528008
-0.2678626926854001
1.7531192050861908
1.499291282983164
0.6524210273346602
-0.8293805886436645
0.8497586500921971
0.6153354501790411
1.2652449028159078
0.6985425906079515
1.0403637699354726
-0.3598422186273469
-0.3226832551870591
0.046363294355007
0.905523791542067
0.8341875843873534
-0.736565995404159
-2.318530580605257
1.6140156534224934
-0.09656128404692692
1.852851491413555
-0.8190664868019489
0.4626531704790871
-0.24789381740636235
1.13007291478069
-1.0422815834384584
0.2839609675534906
-0.10753933456115591
1.9839294630276223
-0.6812999731769053
0.005563856589005461
-0.6864755695716828
-1.2595417215468236
-0.6687550379587482
-0.701618357503969
1.166769881667431
0.5968532790596686
-1.315306798349346
0.0508707746881064
-1.088818020832007
0.8038265452967789
0.169081487127383
-0.10672596887301608
0.5766258475398949
-0.6427927686418663
0.3496875739448979
-1.6802464551645928
-0.10868429483129327
-0.050515980874494604
0.38788347748081375
0.6084005099646164
-0.7127195937911056
-0.3898611765017522
-0.5220842192763807
-1.3522458622145104
0.5959909135202366
-0.736103327483786
0.9746707722237153
1.7224031569245377
0.18619429077780175
1.3460683179302502
1.1968190835156163
1.0162047883937944
0.3710623237294883
-0.5365997868978822
0.13468950242460553
0.33339471618763283
-1.3498448152330633
-0.9918229613856643
-0.31382833327285986
1.8385946662515698
-0.40441781028122253
-0.1465165615731035
1.094251893964105
0.14890124580030184
0.24359110415309743
0.33640998104710046
1.2596937993567037
1.5372370827600559
1.4050285047708715
0.580466022290667
-0.8106528270107494
-1.1431118901937942
-0.21671374299787227
1.8056394636464292
-0.16182229048038077
-1.113646844806482
-0.16397152242463559
0.7774627755052215
1.432330287939735
-1.6239915140891021
0.3775127420515351
0.4580809641682761
-0.4016726352183105
-0.47340866012462934
-1.8733851700098905
-2.1431142173588227
0.4341838535623737
1.2619080214569882
0.9139895435377107
0.6779667141068827
-1.2271171120193924
-0.7629855150584541
-1.9027393654122737
1.1072009750412843
-0.8146177784334665
0.5281611766736651
0.615946729137111
1.0155467855930211
0.4575141763611644
-0.9424127951702321
1.9258601286962316
-0.818668659596003
1.782817056270137
0.5631652733035442
0.3304159704172742
0.034810267802655954
-0.7577948939669229
-1.9489368285299853
0.314657447498172
2.244958808602372
2.237583048746309
1.5083169458510535
0.37347357637068523
-1.6459550675286554
1.402377457673875
-1.1654012758351335
-0.23067654940949256
1.6194135200973798
0.4485824957926763
-0.872412303080085
-0.7927051775004815
-0.6683432288616609
-1.3475215796261937
-0.5733409999630737
-0.7251964677251248
1.5309941310436928
-1.3541670564158428
1.4891599795880113
1.6049944485633751
0.6924614747464368
-1.5455163550210456
-1.045390250095184
-1.113486474037349
1.278162192863789
-0.01790019001650421
-1.1450248394679372
-1.0686993874883912
-0.02529589938661206
-1.1381194229419649
-1.2976496577277379
-0.3942693569688739
0.5495297642615034
0.9945813987610264
0.9139843745472969
-3.0380756834277194
0.9928252867723206
-0.772977356253332
0.7159291869770286
-0.22964534915938595
-1.754526116837748
1.222836422620678
-0.26099335789414047
0.9122723660254797
-0.029155877254331893
1.454052037623281
0.34069557473456746
0.9318522505986504
-0.5945488909034409
0.7321593346814304
-0.9029157458530994
-0.9249148169007775
1.13346602243576
1.0158493074082093
-0.7702337073443319
-0.09069330854847593
-1.9840746863835867
-0.8359655408828737
0.34471460163648693
0.43867534339131764
1.9908166379402517
-0.4234707865718653
0.37707577749148824
0.9051557767666231
-1.0403266644540272
-0.061180538765779106
0.2851533881691461
-0.7625768982675788
0.513923585894991
1.9065445681479838
-0.3297793275476662
-0.89536106193295
0.2626678672595807
-0.3504700444753941
1.5201514431147853
0.7449291559973248
0.6830399960646303
1.2271039902360468
0.2917579952301089
-0.9425822273026299
1.0257010260917676
0.002078005595765181
0.3368498912868612
1.6388934271675466
2.4044808951958343
1.4944998966366014
-2.6672679914087802
0.019377937953432046
1.484748873330915
1.480645214697696
0.07381385305692707
-1.0276202606192306
-1.7092260408403785
-0.8863928568265969
-0.33917754095080715
1.1991971787565592
1.6158288417445263
-0.3324265793486331
1.03897705165282
0.9200424685941625
-0.7747050324296597
0.3869702428276174
1.4184592462948866
-0.6330354450892607
1.0904009893753268
1.2416869355095006
0.950839015245966
0.27745039203569255
1.7851383598449362
0.5775092667818502
-0.8770972178613393
1.9152264262442886
-0.3812923703496737
-0.32702865244829205
1.6510810231269115
-0.6262860181222998
-0.11991679759050453
-1.1581165274160554
1.4737718687373225
-0.27850512911899683
-0.3143730490500876
-1.316902101652542
1.8298302789175163
0.9079928879838202
-1.8167709622172161
-1.320434584565203
-0.1347219962875014
0.6527478063396571
-0.5063321317392449
0.9298521441661853
1.2633771003111995
0.8028942956211027
0.7567013106811818
-0.2417501508724462
-0.6954225326403527
0.19873948970359573
1.7321205457388318
-0.35459357811815645
0.7464296899912943
2.734029637155522
0.5099258696097893
-0.55562266205434
-1.1464675730885157
0.49784766779631895
1.9297950368771881
-0.8042575036288041
-1.540880128504384
1.4173893163584212
1.0227561006317192
1.8974660257398681
1.1415468559777238
0.14447580580094416
-0.10405059835990782
0.011978184501144212
1.7858017807867337
-0.14555942258231178
-1.266389732302269
0.08739298745682819
0.4384969721916307
-0.7716767386125855
0.7572320666619392
-0.6201360738995201
0.8703320255532891
0.2538324662851727
0.9922790902570916
-1.240736967077505
0.22631204420609025
0.8941631236021816
0.7938384195536105
0.14529024258344103
0.072834799270637
0.36308318472833057
1.9596182359626617
0.17634344714053812
2.4954768567684456
-0.3331285644562082
0.5443778502361313
0.9928996945183631
-0.20548790682896415
-0.3003515192238078
-1.5821463659037136
-1.7234621582233682
-1.318006162956538
1.7163470859382826
0.511592406812089
3.4239224091649567
0.4270835952368765
0.7852508278617862
0.23694180620164407
2.2439406434340547
-0.32640638957161117
0.5337128169568469
0.7540220962133318
-3.876949675665065
-0.12108348968054702
-0.7505909051840239
2.501702272121558
1.3944337299436613
0.32571527443352793
0.8250093777237744
0.3297729153340792
0.1545926629868209
-0.9838941716673034
0.4633810333568581
1.5843316296100038
-1.7692267770271781
-0.15920217692141203
2.766311524211229
0.6090023417905561
1.4272380004035048
-0.3868278962938447
0.18114526471827674
0.698405394445328
-0.1780738803691585
-0.4598996045466925
1.8899467044332245
1.6027658470611985
-0.3279735755610108
0.31494499997402864
-0.7335856244081043
-1.8804757587931258
-1.7322878218791113
-1.0314029465756243
-0.07468726889431657
0.25546423305957405
-1.9881863018151893
-0.5624537143787589
0.6205447179876273
1.0740455325989469
-0.9480803958141533
1.9563211971998973
-1.5238179081470227
-1.8361055634280266
-0.31023376175710843
-1.083397445634558
0.9070034572649114
-0.016587392629630625
-0.6733327646980662
-0.49374583969198904
1.4777541143145159
-0.2823506109687346
-1.097033057840092
-0.9417546105695267
-0.13765243342651687
-0.5223072734930085
1.365155853321156
0.8901041031340509
0.23310477106663355
0.5887574618901212
0.8927578434868972
0.035768222774790866
0.13203830537804762
2.210653038995485
-1.0056065679412312
-0.9180897552990838
1.4725532445487843
2.5545170214681336
1.086852312333561
-0.6364840364368745
0.5141962249928721
0.8716507446435885
-0.6127462490911397
-1.527242452077151
1.1572312770190711
0.274941075550499
-1.1061183105873726
0.1259292857164853
0.32768922133586387
-0.2927102844260596
1.9003986989705457
-0.5003028352397131
-0.22817193088789683
1.4728096238256687
1.7206412812387268
0.7312316740778508
-0.44311587169389033
0.007773617013318934
0.9314882920850216
2.040966356786747
1.4938468963734384
1.3411004251953962
-0.7510684140165828
2.04874304879211
0.26669721387217954
0.8636939796963172
0.3897238881353508
-0.8764520576570034
0.8549440687721085
0.1090882450660808
0.7137508378963378
0.0935529666741681
0.14681473580521617
-1.2068686733740703
-2.6460865419210933
-0.1500302570126939
1.4438897268651534
-0.14367563452848925
-0.004127941016235355
0.2892086408852371
0.6261783091612357
-0.21357521119568618
-3.828188249566788
-0.9966766213312697
0.48141101829899036
2.0858869672731424
-2.0324569840505085
-0.032182255743719954
0.5119976052697212
0.31279775420887884
-1.3873230547435238
1.7881886760111365
-0.35995655117103553
0.6306310993113766
0.42820410538933273
1.699885909796763
0.8509879416541319
0.42610587479660234
-1.2703033618925814
-0.023858228876106034
0.6411127588967535
1.0552788903802646
-0.21126392059604698
1.4009621583061735
0.37446512748712746
-0.4564386881889487
0.3181054268032414
0.9390972002759135
0.9697953102859401
0.4837504668352917
-0.7759139095885819
-1.7107282222444513
-0.753453707676043
-0.09564795916026068
0.19637986300153043
0.623418158846924
-1.0929101094705131
0.7854842311113662
-0.532462618419241
0.12191004778285731
-0.013875832384508388
0.08629023644873855
0.1015166276484184
0.6925031109985109
1.282910071218341
-0.7301795449444887
0.6326222490053766
0.8874257639418441
1.1930629074399024
0.34252273008772316
0.589966389516692
-0.8181776658671702
-0.09616487264621307
0.6437471779927965
2.606390014862529
0.5646360264180413
1.4394851354594267
0.7279151710946824
1.3565797511780304
-0.4526439528639011
-2.733192631929291
-0.011315305188406469
1.130665153273997
1.3864266318184262
-1.3004050624368007
0.7249853332429732
-1.7605673176882752
0.13738813720802012
-1.2106058476665489
-0.5130467536853659
-0.9327306570184579
0.42487273069731046
-0.20592221286446377
0.10510230081088046
1.6238063488146952
-0.05158077256285644
-0.9724766093232887
-1.478376992670305
-0.10179950505603015
0.3881810448001805
-0.4090917988298796
-1.6505719428470684
1.4855915799581219
-0.25372987329591
0.6171371308020019
-0.7563309926781749
2.284364729800883
-1.4859832409572025
0.32876920324072617
-1.2635955897400286
0.859204214839734
-0.24663826093670224
2.29313138974528
1.3591756762099245
-0.7331385582159554
0.6240849651666368
0.8343839205317252
-1.9389370444730476
-1.1881502775676012
1.017200070691833
-0.16675614159345958
0.36059126862877094
-0.5126189109177373
-2.5201867978844836
-0.12112161751716746
0.2507005481093289
1.3684212685955173
-0.2473719012779016
0.37023073882936636
0.0875791998011658
1.781613541649257
2.6736638664352057
-0.5165502635154486
1.5129819209988573
1.2560825366811896
1.0646540675177627
-2.465331344813339
1.6057376853750902
1.3251013647529308
-1.2450232603147442
-0.3213277128290965
0.2634134118196308
0.09300353667286096
1.3350287773267604
0.11407733789676841
-0.4599363977255141
1.70536576335682
-0.9669163378439255
0.4467052636636988
-2.0990121308405514
2.0275937290096655
0.8859902240132953
0.584180555955708
-1.0668443981608302
-0.7025411360939616
0.7226828237298966
0.8102739484628881
2.1640984811089314
1.820887400478032
0.5959852078797624
0.6408633487117371
1.3217078597669025
-1.2654380156832676
-0.24622705627393288
0.7519497279597461
1.2682441268478184
-0.8344787592183655
0.23714730516107746
-1.3858894144204288
-0.5037476000645212
-2.4690998210403734
1.1469711351493639
1.7708979100828934
-0.7145903583203274
-2.577603747369293
-1.2233408479997518
0.6574904554401795
1.2330345378602725
-0.6445841700058965
0.548127552256396
0.7369254266985099
0.6731159173946768
-0.27664150851739655
2.403141766490475
-0.1974419793824382
-1.2500815362912452
2.364938669951142
1.880140325218238
0.16577895643808943
1.663394845666741
-0.4431244606065061
1.8735004266458228
0.6468998191330504
-1.6921529481214779
-0.29417610559038887
0.9727713400537775
0.15208376313227107
1.5477523932534667
-1.306256956281543
0.7702881275507447
-1.7937193552153237
0.12141946903810094
0.9884908146883665
-1.7223289129588106
1.0171622500404154
0.8403846934894729
-1.1326107778239696
-0.17671904836367625
0.5686481117469635
0.6313615319734489
-0.36936024798912576
-0.10347610161973644
1.6041148036442006
0.019335967379510963
-0.46296729152578586
0.19564520972932595
1.6581803250549858
-0.7515032020266736
-0.8230453320490008
-0.45759385276419656
0.30283531137827946
1.3912646678430773
-1.3288333386574447
2.437798101933942
-1.0991451218706478
0.09163694534050837
0.08056556518424587
-0.5905500264033031
-1.3519359148294026
0.21502913945895208
0.5610746935690958
0.49029645238514097
-0.48442512586041964
-0.9300160544486877
-0.5531855961108778
0.016367315590457884
0.3834058811064706
-2.5411048788854385
0.5577015603824031
-0.3403540299707311
0.635331834773877
1.4316138927899311
0.31968669526477017
0.1892136576071501
-0.8356963136777935
0.47807802714263964
1.08535208113119
1.1839963020924325
0.5116329227735554
1.6168693104153646
-1.3214676859378867
0.3641171884329043
-0.9637639913496895
-0.24516489365210678
0.6885455465839089
0.8637949252601858
0.8006030073879993
-0.27468015431185794
1.843152276504131
0.15908777220877202
0.10781714492793879
1.1593411499266
-0.4773348851657554
1.1764595930828652
-1.1278353870040465
0.1274921659954626
1.2880786314118504
-0.5802103971881173
0.9572604832358269
-1.0238636766393394
0.5413872958052138
-0.5273960222150078
-0.06046969127475997
-2.2689184716841337
-1.0449971511089229
0.9129386164389384
-0.3980641398249002
0.6175887544604305
0.007358089795158437
-0.09102322217980567
0.9965387177605761
-1.3316025172628578
0.3051291838355788
0.05594360846876751
0.2297125731785458
0.8891387406310541
-0.8521414222676549
0.7668970163366273
0.30344573164355304
-0.8895112444053311
2.5811373234950783
-0.3423215554422033
1.8018864090764297
0.20586262005381734
0.31252267044207227
-0.8240595339624518
2.042965956132177
0.22305270822594003
0.6559269387392566
1.129807912976486
-2.485253093054809
0.531126404510269
-0.07864176326810485
0.374833992004317
0.5647851788877607
0.422596216748934
1.2253169595748874
0.08203726213759074
2.2595906209251817
-1.3562381342113814
0.18514595970108721
0.5898592120060607
0.00460138309863161
1.5758394802210869
0.13249319544849875
-0.39668075264757374
0.018104512109159795
0.7635436291300537
0.2697592699224729
-1.0015342468524644
0.5505267051672244
-0.14398735777814464
1.9479988362493943
0.2693642102278463
-0.25198984019799003
3.532430798735014
0.9769135858935368
2.6380094911313687
-1.0789888554104528
-0.14615962614617406
-0.5315304534333576
0.6129297877938579
-0.7377308371909888
0.9758618305967118
0.7213603705114506
1.735625000967729
2.483109610251229
0.44970070814396323
-2.2197149801715743
1.9360494057761113
1.188497089185893
2.3326451378985977
-0.742409318210052
0.9422408972117075
-0.28859300501391844
0.8912968982727759
-0.3539729359023429
1.000874060958051
0.23980685477297708
1.393658782660188
-2.570824289979158
0.5270402293754799
0.5314381099206499
-0.7377544602958064
0.5405883422159905
-0.4126269203225026
1.2149408090821059
-0.6299718366257656
-0.39034743271571565
-1.3457657084801766
2.1191509365100107
0.16428187317595144
0.8353983271771225
1.538780013777747
-1.0016991967172224
2.04000345598595
1.0841690155033208
-0.8204988817263834
0.7665710164542985
-0.11368379812232508
-0.22243511585246942
0.5765776803132167
0.11912651657995438
0.43309849336514006
0.5542878873176826
-1.6105737840206233
-0.3804463084725913
0.8956961210048032
-0.033901049188470325
0.6880876694753235
-0.3614873562866602
-1.6039577740027313
-0.7957320091691126
-0.9892938986259735
1.8345961000987367
-1.1929072842704547
-0.3473327489002853
-0.0019885087286189637
-0.1859800658065626
-0.25297976347753615
1.041425341146538
0.5679256828269882
0.6991451234291506
1.7399727775804907
0.8501714152466965
1.7889198552705325
-1.0129753741484508
0.9026913066732849
-0.30499667243282613
-0.21301115014722355
1.056193131655718
-0.6713362676982585
-1.311115528137497
0.1572900678938136
-0.2532997563039413
2.096334809304143
0.747432505749079
0.19467577594206198
0.9107580267684267
-0.15623409587505555
0.4757856211813071
-0.7045090353998362
1.6795325818365805
-1.685064183287455
-1.2548645983874596
1.5282350697609972
0.7944982071534356
0.5268961476811516
0.6945826421218245
0.8369979659217309
0.49790297217855817
-0.7734523599243204
0.7781908873397487
0.8041840176838191
-0.30451084833704656
-0.6894153966695669
1.4055122982978965
1.268610821879285
-1.1092966349940276
-0.018862422398827544
1.3569233725101872
-0.19089797791287272
2.8351495827260194
-0.13257171198830947
-0.28657321790392093
-0.2680661336383118
1.6733869534335475
0.3393429779474116
0.752056978137286
-0.7125432566780653
-0.4453543045130032
-0.07955440131367986
0.49783430000983364
0.8509930157812314
-0.3684441184457024
1.3533258194895073
-0.3581267332090563
-0.7571807440047379
0.9883841271556331
0.11363976542830462
0.06472558133449338
0.054424513692039614
1.3270678786577934
-0.6603034695201252
0.5203365985107707
-2.1284723009267976
0.8443710821765158
0.4315035894692903
0.1676253779526248
-0.23187632625409485
1.8085945128068162
0.6505692253855259
-1.2186583328083966
-0.3859115936210483
-0.7750468922698176
0.38033803083941903
2.406134254561985
0.8659027027585269
-0.1089218243817705
-0.7843210129996608
2.8667816348934374
1.176711683922516
-0.8112979666625402
0.20452206217764926
-0.7621266635108294
0.3702346692275037
0.5190463236346611
1.2002313006248206
-0.35076769005596775
-0.6450208359865759
1.7498300913192826
1.2335687226651377
-0.9539728150111159
1.3224755874340075
2.272121922143434
1.6808274270852914
-1.1680477504321107
0.5936918664257997
-0.12883769450451898
0.7997929020177132
0.32498028082696334
0.311881308477548
1.9799427135345242
-0.18807151489319507
1.7699064550914987
1.7368115191556548
-0.2149266987411711
1.8495960791380825
0.6807400069251478
-0.01311924690194393
0.19280038777771674
-0.7360332006033908
0.21418821701964585
0.5035262470226597
1.3184512141237528
0.9425722347955829
0.7741797035936205
0.7670646572089527
-0.37820944574538984
2.6995739678471544
0.10152353598207355
0.2048574582486189
0.4437004878695055
0.37547078058487804
0.4243573651530968
-0.1982389673894661
1.0814883417651622
-0.708452096986466
0.7982048893619252
-1.2867548006797846
0.445677026906564
-0.6205675214181408
2.134227153952136
2.25420330127732
1.660170346726897
1.248596069865625
0.19289341915474267
0.6772970971052319
0.502323083337454
-0.4740185011158922
0.9503755432063307
1.947991673622716
0.4889786509216301
1.8839732216234375
-0.010992175819063407
1.3117556798813221
0.016734352422118792
-0.4974818933466053
0.8109327984388013
-1.1253562241190378
1.8888972272069773
0.6132827467564891
0.13690658039588194
-2.5248935626182654
1.1617956815274415
1.879203478183174
2.546798818059456
-2.2869923654657645
0.13998545300811815
0.3350918481563393
0.10062151082469677
0.25567431736321017
-0.47078561110979283
1.80925809165658
1.4593745641186724
-1.3649896539535469
-0.5328436448611047
0.3989219635589039
0.17273035967664893
1.1297564230535508
-0.10369809347565184
0.021722772877869306
-0.704606434638881
2.2300329430543235
-0.11627122579679355
1.023597244939162
1.0060479520283967
-1.8385984234941861
1.379414062283089
0.2473841502939973
1.2165152818241607
0.9164401771399263
1.700831972009872
0.16222029915796576
0.21701525027826588
0.4000597807630669
-0.6436647686556436
0.13388707989269233
0.9207866502655407
1.8713376814451843
1.1329201497674197
-0.26531137611295663
-1.7942012936498786
-1.064232270628091
-1.506133340609205
1.0069080025428463
1.3313884967751795
-1.830483332258382
-0.5011383169580718
0.748923955692146
-0.880221779534722
0.10031546483814505
-0.1059082411357444
-0.1268834235560968
-3.029688264110225
1.0284218852406461
-1.0606855165493823
-0.6007628446792709
1.2048947165880342
3.227362037951563
-0.48696094228778347
0.1368971474601385
1.0456385148916918
1.0454579276290972
-0.8785174498930496
0.011453744025970037
0.9926387112537846
2.4073544536483213
-2.0377823463530307
0.9308244148060894
0.659311587632299
1.4707622620599217
1.175885046250087
-0.7951131134328597
-0.19684190321319578
-1.1315648312183972
0.5002098273104079
0.19341218285548883
0.41042083557070724
-1.26331044525233
0.661986014666939
0.9218005058378851
1.2293538464933857
-0.1042372389286601
1.6456745372498218
-0.5735027039223195
-2.0796284119549315
2.2716448878031614
0.8805960710158331
-2.5704543059612215
0.6637992728698681
-0.17317221304022618
0.8675165467492246
0.6581313808714022
1.6132629034265829
0.7840033072912211
0.9317819146160188
0.718143460638553
1.2831175224259352
-0.8401947770657792
-1.5635682943438176
-0.3262394217653661
1.2923028881992575
0.42740190947603063
0.38281512420109604
-0.8862704749010184
-0.43419299123740074
0.09263475799389297
5
2.4469807416245257
-1.7172502335999797
-0.9000808897947441
-1.9915815332662792
-0.2906387515775491
1.9046120511538314
1.044769544197608
0.6554878248455875
1.2218048573371048
4.608408695700776
2.277881473714391
0.3205063060136182
2.7423854447398104
-0.8822694604463059
1.0531189345969403
-0.23583235477754275
-0.4368873788182726
-0.8899292120055591
1.8149192052251617
-0.47506825260525093
1.8068588533767533
-1.4413009177336447
0.41865533052348763
1.0569998077208425
-1.885273583948338
0.356365215653482
1.5497467976347545
1.7435662649525705
2.8189788214115628
0.29696357171457166
2.7916645242740152
-2.629839764524505
-0.8673858847748674
-1.6004576385984115
0.910264181014393
-0.39375743270330144
4.0090129496601055
-0.06360372861947634
-0.4066421199524524
1.347434629943563
0.7120593172038387
1.7891708190439906
-0.24538855197861795
-1.420793209783081
2.388051172419615
1.9976526417160672
1.9970350790810967
-1.5283943281570531
0.6901506158636828
-0.8079376735359003
-0.5500364551313675
-0.9389139705264813
1.200087213466433
-2.0207683365222744
1.6022454018579546
0.9859658642957068
1.3111375698390368
-1.667945973753038
-0.7564769256187365
1.958101351316182
0.4814214527763963
-0.7692218919184455
2.7214095772189606
1.3946042184570788
2.223805621188264
-2.0733742351947178
1.057398863528763
-1.375102992007356
1.3532193448567886
-2.451255401177713
1.7392925190088555
-0.5131537074268782
1.832090327230366
2.0622527223194504
-0.19118760194225604
0.15676475886004101
0.22548011607456464
3.3116664217267444
-2.717464995009326
-0.7117185648371986
-0.13447049362364003
0.22672663434066745
4.014406004725733
-1.107917783961617
2.018631025847798
-2.1247371842772154
0.8371515522369032
0.047289441010211763
-2.485652200496371
1.494770416649117
0.657777340334879
-1.6918273334419913
0.24609612522920923
2.8487888435130335
-0.5762589105774862
1
-17.22725746050181
-17.583013950613378
-18.48411116836378
-17.242880518640966
-15.95057574286341
1.2791282877612677
