80
4
15
-0.7898417470309407
0.991219152112492
1.202042956024556
0.5582321810376571
-0.3479209640937154
-0.4812559101077329
-1.1533317403459509
1.9932427578072394
0.03495913929191387
-1.1891859065368187
-1.1839762055363725
0.18608304461647168
1.0795592423616212
0.012378563084791933
-0.14151485706606434
2.371783891843069
-1.2745944991860096
0.408070955362853
0.9474268190724812
0.9774361425114302
0.3895783669721975
-0.6954083361735214
0.17203546277880127
-0.9250482818879403
-2.0203292884153083
0.5151293958382578
0.5371195266895566
2.216453447195408
-1.7019501152771723
-0.10922941889036324
-0.7924107427184285
0.9343769751396442
-1.7203302036310926
0.3608209512943556
0.40836307583045506
-0.10403797922908097
-0.5332250094103077
0.11811947702831328
2.0973613149524675
-0.016986765027066444
-0.14704752002725813
1.2224328814426124
0.28735810717175836
-0.34940772791601343
0.94800763220702
1.012814299607977
0.37855615659432845
0.9674182218659756
1.3319425864091599
-0.989284193004526
1.625374778710159
-0.16489066635770702
-0.20277468531035603
2.4911048238851876
-0.028071178284360277
2.573773310306014
-0.6448568265378823
1.2628536711348144
2.528980280749218
1.469498139025408
-1.0725883618341432
0.10144815200830364
1.5314187381520024
-1.3464532213825156
-0.6848515939912551
1.439940557484105
1.2971782266881473
0.11093024306487383
0.6639472042778087
0.41119831119763317
0.6480657836235766
0.097455585701807
-1.551605858361852
-0.5407818885804596
1.774580061174168
-2.697573486111258
-0.040723359058208605
-0.4303644718576607
1.4869881542657661
-1.1452346939024478
0.7829075070289442
0.611627632860328
-0.07585989196594292
1.8245111706029278
-1.0937321157583402
0.2916617125003439
0.34584664121258096
1.1673441585817528
-0.9254854831658345
0.41504356816956706
0.6768758174806481
0.0758283749427808
-1.7925960433371422
1.2422444090123541
1.1242156417471652
0.8195213878864925
1.0296834840478764
1.8674718773239158
1.4570152046131208
1.3443409137445022
2.8993123989991836
0.3037827579798585
1.7629087399393093
1.269136963278653
-0.6280559531110581
-1.2378311637098092
2.5335370945414097
-0.14241904822620668
-1.1534069784998118
0.8532694761641695
0.9785319054671755
-1.1818353358897962
-1.8162934670258855
0.8400677195238193
-0.5789049025465097
1.5343999684225185
-0.6133511846162876
-0.37590195931990933
1.4446053907701881
2.1818498106066726
0.28132150607325784
1.4736927677435423
0.8208301391512304
0.7021492212111764
-0.34909136533792123
-1.1061359146227725
-1.5632789296745169
1.4033412301376176
1.1865564825854185
-1.029270398022186
0.23936172785933374
-0.09103488348868952
-1.0487573109393247
0.5944678127614169
-0.19936682538370423
-0.013929908104200773
-1.4536680652066547
0.8508385076702193
1.0019344211253547
0.18696593447566956
-0.3056591083503269
0.2706714453421258
1.7942396894104753
-0.09115762111359804
-1.3364849594704105
-0.9314250422652538
0.8587565381566945
1.0801393178566903
-0.9082792762204185
1.7614880546915392
0.9657793539830689
-0.06744055726280267
0.2577829052385459
-0.32668633166876926
2.1442655275873173
0.38011502744208747
-0.17888573995619586
2.1014840466108042
-0.42871335360866525
-0.9394132194362956
0.9971003699047472
2.0819621189135447
1.3172964395340943
0.12306222900096411
-1.6419287262441777
-1.672737254495736
0.5436918282979336
-1.7337656657454161
-0.32955922965205636
1.3319564277800517
-1.5941481941597957
1.4278010001809671
-0.09778519618448549
-0.1271789704201462
0.15418301156723413
-0.817293953742315
1.3759667956135648
-1.5618123290341324
1.0938491040663991
-1.2048157390926106
-0.28899790140757736
-0.1322339412899595
1.2759328951093507
1.1260359239983027
-0.5616937887687494
-1.559909607359078
-2.285601583867555
0.7670722595924451
1.168159729906757
-0.15098428923809193
0.41607151251800406
2.4215497616895645
-2.6291758638852016
-0.6221113835584839
-0.43344312981710365
2.1529922185675865
-1.0193043432142999
-1.5672846239745126
-0.17124303619978037
2.8496909443231844
-1.1994988113060276
0.39538870103016327
0.4685040004961416
0.9790835170258261
0.12047870541506872
1.1355747249692996
-0.3076534314059132
1.1155541118077912
-1.485535119168335
-2.3149878676021327
1.5697858300411796
0.4562682533419518
-0.9338034453394495
0.6213553795591752
0.264342950113374
1.7324138177097446
-0.06621328159498005
1.2392285002490597
0.6782010491795982
0.6259737356399936
-0.1918891673523199
0.6934168612990833
-0.6862446698523051
0.8940079728771658
-1.0076598795869118
0.43910744425229636
-0.1366782368778066
-0.6255700786642242
0.15717163658987446
2.3659961759561265
0.5132934644980994
-0.18533757534327575
1.399403740401302
1.2712138708486638
-1.6030837595163347
-0.705589545254843
-1.0140694550610894
-0.36490359938544725
1.570640938840706
0.23935176318069476
1.1199380289577576
-0.8583948485790761
-0.8030954806325482
-0.7858448329907324
-0.16919037380225074
1.2326410597114945
1.0428901412017448
0.6290288111087224
1.0468481055382355
0.5379946881016782
2.4424440540294934
-1.0042003968735844
-0.12237768120444716
0.4784796540584297
-2.307410767653576
-0.2507119099720088
-0.5479702611157421
0.24817418046199752
0.3629438874321129
-1.741418082882637
1.323411947314007
-1.249254091915982
-0.5247158788321973
1.5442330743694601
0.36630270639594237
0.5883339901172181
-1.1038289060996842
1.5866551176325265
-0.6065088663828454
1.9186465889175572
0.5677528803324954
1.3623035710763858
1.5102262295525322
-0.08774633194146365
0.48568646367538426
-1.3894202265784747
-0.458524333243631
-1.306024409322362
1.7921466149467946
-0.43560924142405794
-0.6646488523235976
1.285761954876512
1.1299509449647005
0.27854531446566344
0.4629658607164695
1.2830366509480955
-0.3797770363848711
-1.6928688763980915
1.605271357655314
0.8958169839131431
-2.962045000160612
-0.41636084407436846
-1.7173457068704545
0.35287942927064136
1.830777082029521
-0.5040760939402054
-0.2865829636110807
1.440942484484497
-0.014146654185935501
-0.2606285316092584
1.9953865325830247
1.925104688100506
0.2343733435922622
-0.2083212487194961
1.121455656795544
-1.0782700866086392
-0.6659457540792129
0.5260651072365105
0.4006034543012632
0.4995779292096358
-1.1656373909083677
-0.11425445247017009
0.05993867015998263
-0.28545391475711634
-1.065596725648022
-0.9840075898582673
0.07276527579589287
-1.1401381507706312
1.0946493267241504
1.5915444581134128
-0.6760707417329161
0.6553224514084459
1.1132548434351124
-1.027742526660696
-0.34907939504482005
0.7480771782290332
-0.014421469406940468
1.293510417249203
-0.13472374108540455
-0.0021207521891855414
0.02302216815823528
-0.1263476767962435
-2.418236388086716
-0.9502872095679887
3.169540145627908
-1.617898474875485
2.5676263638763244
-0.1881380158367843
-1.2315085274633406
-0.11576247236690514
-0.3916539786689686
0.17726466085823664
1.2979008121802196
0.9182654675393669
0.13912053266891153
0.7979031436725446
0.44815870459057483
-1.5375366913419748
1.0454290075631032
0.9908607447214157
0.14756089314148288
-1.9688809209477613
-2.1972300483952183
1.7546131454324303
0.4082013137443357
0.9124538147612982
-0.36183455783647306
2.318132101251796
1.110854803289113
-0.45022455352219715
-0.8798733074865471
-1.1973407612889841
-0.7083314682058907
1.3954111325995688
-1.203878232756094
0.28685384826320093
0.5635393836771756
-0.2974112520474616
-1.138183221328566
0.6032457897250388
0.5449728522601083
-0.26116247335940185
-0.9266061003156794
0.4270321801530949
-0.6512271456175496
0.4407089833999149
0.3926538253686666
0.7674757877491776
1.5305718190223205
-1.7252693048048349
0.12652698110279167
-0.7082789786092689
-0.8515236340232598
0.7673298952291607
1.2414169096059502
0.8767557837789699
0.4256532850854922
1.121683304789113
0.8313198993572259
-1.1725336954818308
-0.44119242793642677
0.6143150322017924
0.37980223622430703
2.383204606435188
0.5770051733533894
0.273716518983389
-1.1630036940282664
0.7777768608839565
-1.0452632350678652
3.0293900939981873
0.9086785489241211
-0.3920441059726888
0.8829291426504814
0.1970599745659762
2.550738941352499
-0.2950232629684792
1.309264288911704
2.0616177801005415
0.667330483889114
0.9952704875662122
0.7636588258121478
-1.8887924228888766
-0.029085932171465552
1.5445163495253325
0.43128092283549163
1.2262915210508591
-1.1828445948783766
1.5944307908819062
0.47030087772497026
0.33714449306506344
-1.7074158256970742
-0.03658693130049725
-0.6062506698091451
0.13051744915119393
-2.375316212950341
-1.470257445468623
-0.46242225405264104
-1.158849690412329
-0.843055891714652
-0.48523667664134845
0.9943711935811437
1.0620745121994168
-0.44688255664512355
-1.6041546909187983
0.8151726329835326
2.6033646179584453
-1.6276080851098986
-0.7647096847339346
0.5594241472824409
1.5452415136338706
-0.7990386346917732
-0.34609722594668907
0.8840397484353015
0.9264948286417681
-0.435826137304935
0.2917593431621449
-0.20623265535097823
0.7701594668055167
-1.784898821297335
-0.29887853749284765
-1.4465866470005169
0.4233955607195584
-1.2776221672612775
0.6545525007461959
-0.03772793423598101
0.31780113501153917
-0.5151842818114484
1.693810964557862
-0.06456802526085127
1.4150543360066625
-0.8320100856364696
3.29883694520787
0.3919357849600568
0.9132579545426541
-1.4850583986854105
1.5574229516868994
0.9651996248232554
-0.557232619343078
0.8586836624897842
-1.8329785278009354
-1.8843039638048538
0.5441122668205027
-1.2564885655231388
1.2663231509995878
0.38039695611131835
-1.0914103569912115
1.5970828773883303
-0.24033671638889678
0.8521582454147684
1.1611347888247956
0.5850267192939489
0.9167934457031376
-0.05481920982048251
0.8597919465286225
-0.12327521935760155
-0.8995078682751046
0.534997754662854
-0.9984022389121999
2.165013679511944
-2.161804721205952
-0.6297600088426658
-0.828271721555712
1.065453514332298
-0.4923015020631491
0.657092464943235
-0.2547167171057401
-2.1904112712267856
1.616345661507264
0.0377479909582114
-0.46315245083615697
-0.870416835336896
-0.8286628040272611
0.7504839727202841
0.48823113994683004
0.2698367318963254
1.7989747943407082
1.1351281772825643
0.752429332913994
-0.848637160836528
-0.5339823216025917
-1.3550354899399364
-2.3860860006184126
-0.5893581161534721
-0.006928069215195736
-0.7447298543433556
-0.2563828857172808
0.6892171805146263
2.4948811069666497
2.4938842316596785
0.7068418889977031
0.14868795296588402
1.1461918100085284
0.8108108149536661
-1.7429038614883208
1.5222910396114675
1.174061040426218
0.8398853521414711
-1.106627627959818
1.1053853261532791
-0.9252674532340974
1.366363876958905
1.4884379150442704
1.569196144170215
2.3076858402336886
0.37375639475233746
-0.13674687677009636
-2.4334630602933434
-0.42274405600936676
-0.4332657931691624
-1.2428590631646046
0.9251850734935995
0.864285980464591
-1.135902196099888
-1.1458997268190994
-0.2947404770721927
-1.4892114180504952
-0.10429366722039382
-0.44387539410988763
0.14215788174868857
0.22619575561057886
-0.6396833574100526
2.1583211622107075
0.3483338043177598
-0.7323984015663042
-1.1668625590947708
0.6094121044522117
-2.39193905144485
1.206997590805533
0.41438161659706785
0.6471412960958486
1.8420673488313446
-0.5631924424751467
0.3155518978740704
-0.1659817241539318
-0.38227879759130445
-1.701649682110066
0.7267632864944953
-1.234733013411519
1.215946914194809
-0.40314614685732303
-0.5646905758261879
0.5674271778061799
-2.421654034486603
0.395718545304296
-0.09192312906532966
0.5449646063035
1.0161494756832128
-0.30002780474835405
-1.0445845297721048
-1.6104871160884509
1.8822629829449133
0.4317309107588199
0.2854470174123756
-0.7349093781390077
1.2226213753305581
1.0146195214420601
0.28891355172232647
0.7226645119051169
-0.45046171295421256
-0.7442335374353154
2.1147961379679474
-0.31619741583556227
0.3255702562120345
-0.6832904364346707
0.7947357590450259
-0.20263656600377813
1.139145179550112
-0.6598292298642267
-0.7833783585320366
2.1318445859949557
0.609710451753892
-0.7836470017209453
1.4441960102075688
1.7935030407780774
-1.2940474720854098
1.0220682189212302
-0.006790551031017251
-0.4389999561383566
0.017278742063187944
1.1095919630866422
0.5097524726024767
3.74290728433501
-0.31093884559499385
0.4097391324251581
0.21083316970899638
0.4197565541210744
-0.19128969212672828
-1.1874296388585297
-0.6689000159132851
2.2447536496162077
-1.0584692548716779
-0.8358706200888734
2.1658475844334077
1.2454444233342432
1.3289198367966029
1.5422668343894281
0.09042762847893962
-0.05171672046869876
0.7864080992094596
1.4872474946614158
2.2136969784692506
0.21205025299434596
1.2882394200471798
2.616663280703765
-0.8816087252569645
-1.2636744061249612
1.9466545787425826
2.050039336944598
-0.08200309307964669
0.7133968530294699
-0.530582372097666
-0.4857285187195429
0.9026201413373157
0.9546835040724676
-0.5919867391649986
0.5099795967686213
-1.0511641518888453
1.6958597909633926
1.0458669711212447
-0.3215135844929301
0.13001119506577644
-1.063429641700135
0.9029859933907366
-1.405919125336452
1.859837725515644
0.8965744162407587
0.18665819881624943
0.6951508305861839
0.17117834965426676
-1.8418404364589813
0.31636154611700384
-0.2082362609837553
0.5429529427811952
0.5872008005627655
0.4122042152983564
0.2411509552071923
0.9282259909858267
-0.797244492417368
-0.6281950557075455
-1.0104081406226546
-0.02969726112773305
0.2487698844931532
-0.4226827256428621
-0.4846291279365109
2.31259165152519
-0.2967893894641561
0.130302653394507
3.719355651026893
-0.9451137139452895
1.0844593731318166
0.11900977183068599
1.0428870105445347
-0.9983615207135809
-0.5686645247041252
-1.5788928008504703
-0.8772007733994159
2.699151600533164
0.8590136139053547
-1.3682452738433704
2.1875115624551853
0.14734658838825437
-0.81064563183837
0.19630917188793215
-0.14796672914114192
1.6437023650856286
-0.2648414102956646
-0.21204029878887412
-0.53961221134103
-0.09474847265190683
-0.8269544066542495
1.502548148416394
1.2111187891903477
0.004338814411733471
-0.2613006398940096
-0.2956784570504448
-0.34367118771752236
0.5905831956286004
-1.191687058405764
0.1838830361130566
0.16350964970635395
-0.5188099691191064
0.14641600915247674
0.38324499591891004
2.1213689340996638
0.730638119142635
1.8164483825891147
1.726027239702378
-1.703826846281733
-0.10202412200827939
-0.3610189167432191
1.5717765508526982
-1.0495655236243013
0.9770323271225331
0.4504094597222586
0.6533895242337391
1.9918688180247397
-0.30426167150885003
0.08722506897033568
1.785848067393926
2.8328963384268677
0.2788038415954488
0.0060569792149470095
-0.21042596992032175
1.4342305078999082
-0.22414717008984472
0.28096459035226473
1.0333552196380982
-2.150881383194116
-0.6849983609453969
0.9451934197212775
0.3077870703539604
0.773443972914254
0.9635618157387459
3.035393073521316
-0.600269449316712
-0.33452715490051044
-0.363021589043868
-0.8857970457559958
-0.9061643352087092
1.5086519072626443
0.3330724537982187
1.4343201454593824
0.20376263571392955
0.6473500889153114
1.598645922690845
1.4474429301420788
0.5889866219505794
0.4945621826777057
-0.7170758594609944
-0.3752466643174001
-0.0016670014274279383
0.7973588655274148
-1.7609101069053024
2.207011698804746
2.4164399115786908
0.8392539244369296
-0.26417272693679467
-0.7454906609046545
-0.021226446583338318
0.6876196356844892
1.5517565568336766
0.21311977627792555
0.6708995446104334
-1.0580060027578941
-0.5885401299178119
1.2327500956192454
-1.6598481640640173
0.803443288431002
-2.9779842724443766
-0.5448085582144234
2.9295454489921426
-0.42652941635015845
-1.7134324375468266
-0.9531049704554593
0.014972041895962598
1.050561601530107
0.38572223551951673
-0.044841575108983865
0.8657039503136917
-0.45336421523749293
0.1448930327484812
-0.8442220689460975
-1.2773227125192055
2.2606654728266853
0.09537693928349279
0.8124644971893533
3.421456319028594
0.09919492345502372
0.7644948195286589
-0.7738951748968871
-0.5437409070154317
3.401538344551506
0.7984899306219746
1.6447888691235217
0.05914811855638721
2.8427867959647948
0.9626657046185394
-0.8342762616056004
1.8662507753343804
-0.8847849328098858
-0.033242019620588543
0.28393513775457874
0.14611483966113042
1.6819825491889986
0.9202062463478311
-0.7582117184533418
-0.13650498470837252
-1.6810586529909375
-0.6241859194603323
0.3700762038145434
0.04104799857927789
2.0444859089431695
-0.6094687969265713
1.0663821442243762
2.340996153819041
-1.323487255549939
0.3170998796854697
3.2113177075323125
-0.052982024141733794
1.2248060349210594
1.6258535954046898
-0.5876762589811743
0.30177565843953413
-1.9829087487245416
0.45711584347034784
-1.6934928663399602
0.8275785318786574
-1.614652201260026
1.2005260381851532
0.6355450118348039
1.3704404196017834
-0.03896444845643751
1.3045439791502509
1.1257151720124166
-0.44422207656512247
1.3134159792158375
0.31679533954181816
1.1676730985439832
-0.09390247352762641
1.2504491362890282
0.8261854539411622
0.2703216780602638
0.19276175710802504
0.8962033743855548
-0.6809724804394341
0.05037864651636326
0.7222488255068885
1.0892223314125198
1.3724914832579327
-1.2948326291401921
-0.2655340668515885
-1.502771716624753
-0.02161984629468496
0.008522378690355388
0.8436228039673654
3.0749968964745986
0.03751267362328543
-2.6064343897007776
0.07715854073496642
-0.08778777312639896
-1.6949701365289747
0.4520614096408805
-0.548369572151832
0.13540789421670205
-0.8788280065215445
-1.7850072845586549
-1.117638838919976
1.028365712133384
-0.1738827470823133
0.9959442320791291
1.6414418542777929
-0.32675289099458993
-2.0055992106272327
1.4470766547948193
-2.849222170204622
0.5138158817393526
0.3100982801379101
-1.5108075509441892
-1.1876015239248092
0.4534497448567583
-1.083978346325462
-0.21227393189592295
-0.22164147098397105
-1.9546055676500986
0.1102527658656648
2.747868921793388
-0.6372078652615824
0.34627676567216925
-0.2885817567126588
-0.819548234947905
-0.8024186408999229
2.715789240415553
-1.1299612741692378
-3.1505476022655046
-0.8937171814278896
-2.2250319903383895
1.8382035317577055
1.0289430519554097
-1.012761884592815
-0.363179061756846
-0.4039464030738478
1.7050578567423236
0.9738535696931986
0.38165864821495743
0.6977585430560966
-0.5691515291809907
0.588103582011019
1.548251686238544
0.8432510683489267
1.1106358255059856
1.1682045458524928
0.3472949842248687
0.47011351415954805
-0.3775446399944768
0.09099201874033044
-0.375804208455791
0.14964095945423103
-0.1394578178211682
0.03711246032298888
1.0777319539726784
-0.15859837796881152
0.649508155980135
0.45084275428054116
-0.08048017328993394
-0.2910464390978933
-1.5311253124001485
0.014804586095475917
1.9327304921591115
2.2012532152421667
-0.26068859146306705
-0.36231347285395366
0.34172419278519434
-0.6018336145602944
1.0100164639861973
0.05711919031291028
-0.5636662712917027
0.7228231427443227
1.2388984207048253
-1.2520498086943477
2.5094607122504207
-1.3728158124368788
-0.011231873081254931
-0.5977215748598996
1.1593137475041837
0.31650168290780434
-0.7036675882529086
-1.0821659218511062
-0.7550471079598462
0.8982112143162507
-1.8020052585266377
0.01478978566123468
0.7250784096692143
0.06549055644505672
1.560642819458504
0.7303046272004188
0.29346234950861405
1.0758630457945868
1.0777272003456626
0.9458875940690643
-0.04221295478371232
-0.7121907480270377
0.12733715014459
-0.38493072815616625
-0.2811623123957024
0.5055302282767355
-0.8875695844485288
1.1770954029379193
1.149056725605832
0.36002734504605
1.0662950158777211
-0.10439060906713912
-0.13812813038461239
1.1405133489540948
-0.27062497690189
-0.2623638302397765
0.9398541607020168
0.8316904155437667
-1.7138606598083563
1.2028294729469151
-0.27628491044589926
1.3363255510966314
1.9604828541370345
-0.7447627368739941
-0.7456959861690979
-0.5573098124336671
-0.22528819285627036
1.304578338610261
2.338642745717669
-0.9131553092328045
0.9739109645938009
-1.2907894651344378
-0.2654763874791228
2.77696914050608
1.9601681993059394
1.7850134210561683
-0.38181425150522913
1.3049953302903068
1.6698203650507357
-1.467586192458128
0.7889034476433784
-1.5473089614662663
0.20623393527289272
-0.18383082448411678
1.4352117306286096
2.4955152662741042
0.5007620034552676
0.3408984165179059
1.6383149975356073
-0.5535212749927684
-0.4758926024647852
1.9340338136962392
0.9227871720285962
1.2075488223883242
1.9244036903900874
1.8179479146389004
2.144832525797587
0.23242077130071345
1.5165434755548435
0.8739951094104486
0.1790738709266835
1.5491636475784156
-0.44580333695790475
1.1840083780921589
2.097012127643377
-1.3936272233128484
0.21558906910869172
-0.4214904857524087
0.2531734268887469
0.5522135172663
-0.5375135564431516
0.43951556847584633
0.6272395025766244
0.25366476825761625
0.7688310022645323
1.6159161831276114
-0.5002349567408105
-0.2558416074674592
0.8603231707900316
-1.44628622114878
1.0799717299283962
-0.2370136138616858
-0.07956821094967446
-3.263599884020534
-0.8797907333679262
-0.4660773135363975
2.4548448013475475
0.3301611379146398
0.9560071423072021
0.6010018238471528
-0.40381081150068077
0.9559853767194975
0.529764248523634
-0.18901588289952648
-0.7146984615356898
0.5979848758715813
-0.5996210479820259
0.35836727335253077
1.320878493066905
0.17227216966279718
-0.29222477231276245
-0.684194704380561
0.015793318394948477
-2.1102618391175523
0.5217607811361111
2.112174818020225
-0.29340300934588265
0.07359863381292987
0.8813637600913549
0.27532830922948615
1.4908526967932503
1.287899862880607
2.6678706518883937
0.7032528897266569
0.6900342097832246
0.6269986729457772
-0.17766664216210082
2.159205400403035
-0.8187584122514624
0.901959388421217
1.029982504170357
1.7953924140241253
1.436612051934354
0.4890692438925799
-0.5914953785370104
0.412177280697889
1.2328630986008944
0.6018408381436229
-0.25746996932839944
-0.3562608757823195
3.2865683103340033
1.851213948220593
0.9352546079536861
-0.7866080701436173
-0.5959916555552229
-1.651330729249704
0.6487259617000533
0.11400595431371972
0.7530183881984635
0.5285804352903486
0.3976412820512613
-0.04783650043245716
0.3114611300321794
-0.8682403124322076
-0.9861593002311996
1.0023669834404285
-1.2562023004756178
-0.37674262504414696
0.16287828258339998
0.713987024866345
-0.16114874705402582
0.016283764880943633
0.5301524578657774
-0.25152399117637836
1.3128259040547148
0.22582576550907793
-0.6691183689537697
-0.7656603137862262
-0.7704327115004458
-0.8356890571815159
1.7909123054271345
1.2344136610741245
1.3355612253185754
0.6194079424439924
0.8869506392082048
0.47851596712407907
0.5924821895981159
-0.610013129458648
-0.5505540028993835
0.17996560895187835
-0.26434552953325746
-0.603517864801981
0.8938599567942566
-0.3416089794231525
0.39840899453234674
0.09462454666182075
0.6190966830995428
-0.32668884489531846
0.47265250166521894
-0.9175922709412362
1.665336136252922
0.1199245939177766
2.473525187535394
-0.44189948079688957
-1.0376927352904737
1.3714207877734013
2.114556038500876
-1.0200355532074699
0.7813081441529003
0.4885104763574423
0.8699163051520643
0.7627941578853633
-1.0594496426792268
0.12838728987339665
0.6945338870803025
-0.03290898255452649
0.8736265479386202
0.012808632593735407
1.317922274240429
0.8945466282035831
0.350453597854586
-0.8029846016654587
-0.7728711999490904
0.0511914296414657
1.1637573858503327
0.9225294801624687
1.5059489435973878
-0.3060214760379076
0.7610886491665011
-0.6104721069020465
-0.0811387271956743
1.0680283349064041
-0.08085481471173228
1.181139322736136
0.2455273767896513
0.22963779825333852
-0.26901839325444454
-0.16088463723092505
-0.1309885656309447
-1.0951181610153324
0.16101039971148842
-0.10526412443004339
1.1542608173149014
-1.2710984606889664
-0.4496457256539373
0.39264733720684547
-0.7837229736713078
-1.4091638728018092
1.0653712436643934
1.0650518564314944
-0.06899887342215406
-1.1912578939718828
0.4847847893368567
2.3017344268811764
1.2823838200299211
-1.0802735719906835
0.1652579159559528
0.9163773626521687
1.4011657087272809
0.6054701766945781
0.5054689381724382
0.6944381645222165
2.9550473898416927
2.370920872166831
0.30428236258077374
-0.8028156726357988
19
1.0303040563308064
1.0709873802108432
-1.183883704391891
0.1282915824123709
1.0729370931635243
1.6727815903830348
0.10358296706390133
1.0335153363635088
-1.2986182708005178
-0.4091841702813496
-1.3295120211798253
0.8027669956862471
0.5881864345643869
0.7345269999869609
0.6737366750900239
1.853519205974998
3.0678975022732606
-0.48701852056544537
-1.302351469266209
0.6551890908316675
1.0450320382429272
-0.13725509220317963
-1.0341454198542304
-0.8738958185081288
0.42746373329521137
0.04116874028764453
-0.07022114567551843
-0.4947956814534529
0.5315672798942531
0.30510659225334014
-0.5082844244402291
0.689791754195367
0.280906449549444
0.1702467670168012
1.7128486488430914
0.7277927585326912
0.6924584710189394
0.6529442578240079
1.9575038559629243
0.14012740034370705
0.1747526480872429
0.9224324588701823
1.7982751050290378
0.43688615300839617
0.8628460491257124
2.5146503971120073
0.25911022093255665
1.1163287549372565
-0.11791969422870589
1.1669610112043405
2.157621398851217
-1.8327180467963187
-1.1294662208731392
0.39114533503462895
-1.818246612068993
-1.7065360477829423
0.1897976160063134
0.6903858825413564
0.385087026702031
2.3086524869321448
0.48386450258829755
0.8866355907878192
-1.47633831969467
-0.09946473054465126
0.3876687322969678
-0.44051168156868287
0.18106878182602298
0.15287726194994058
1.5408738661217443
-0.16651449297690243
1.1054364952698534
-0.4085653802799224
0.6458405942234022
1.5097960302971243
0.06703787736693928
-2.2297356287618992
-0.07618646311563795
1.0134140980080546
0.8665526812562595
1.4961362018623647
0.6457315828004199
-0.17319954639580115
-0.1891543612257951
-1.5662999924226961
0.014397441489395507
-0.6422922426218435
1.7358095006913095
-0.8832422674188747
1.1325186712629167
-0.7457008376385816
0.11375183400762111
0.8633439629279885
1.8513218502019084
0.9963650505012186
-0.041137646946644076
-0.6950193109848649
2.087424060353354
0.11122080084791405
-2.808422871594325
-0.9108946028171582
-0.23635261508837546
0.05163902122901878
1.1358217037916396
0.9668366499247018
0.9173722335075842
0.27820578588500827
0.20397138020595373
-1.6525186066540596
1.4340362586512945
1.8676360018329476
-0.49415100721753524
0.667812235606806
1.8540163510910443
-0.21336207846689373
-0.07752627496546352
-0.261104163100161
0.5354622676911116
1.2122012138629148
1.0814583512285536
0.7919997135525532
-0.7021091407793001
1.5691633576631012
0.4038594252231237
-1.7289698949971017
1.9144089650642084
-0.7591046636536919
-0.31555754616669685
0.04115732578656275
-0.820217760428254
0.9008516901707604
0.09811392342717423
1.5140887996265828
-2.518563134461476
0.08243768395934514
-0.5490988453131114
0.9174951304898951
-0.8996756484135947
0.6282698621586195
-2.2091098944432033
1.0562952609860876
-0.7470349657103187
-0.777520493131785
1.2969633025816032
1.0438543437609777
-1.745290848309075
-1.7089723292615775
-0.20987088983107377
0.0792959662443395
0.5578210764079646
0.6747532435391822
1.9795159854842352
-0.6299947698438941
-0.3046418189668737
-1.0328697032049114
1.2086522889081353
2.196921528963794
0.012118869282611987
-0.9971795260229125
0.4537260079960727
0.7016347641465954
-0.5387825212936241
0.5582968809165494
-0.3098237317651781
1.065167799995755
0.9798214552876519
0.9743681683024517
0.8641649549436563
0.20810682879108713
-2.1607616675186474
0.39952894196358074
1.5809218376302536
-0.9631637108974884
-0.35871290983840287
-0.24955207679267472
0.618276823292635
2.2073446398253833
1.161984395823657
0.7950387832881551
0.4198223604482947
-0.23473813057297724
3.4768926339042867
0.017677186204483174
-0.6529802478171804
-0.7349758167637497
1.2358578215376046
2.775221757336333
1.4884090515573387
0.9512362728654251
-0.42558716110221695
1.1823984744950322
-1.2026151442548094
0.025778058024679494
-1.0706176315220606
0.8119566927469163
0.2070691667856273
2.161378831740711
-0.6004130114606114
0.0661234560464919
0.5616132573759989
-0.19962183579251835
1.6745352762962387
0.5920906938889199
0.13772052866836906
-0.18604412253408104
-0.5021602466491519
-0.05427760254410983
-0.9561549310514942
-1.2105682072451658
0.8396538444347892
1.2121432174469033
1.5792859624041689
2.6306783486071144
0.7554219183481392
-2.052479011533612
0.228259109716248
0.7581671502190714
1.4883717280767712
1.102777830623168
-2.0364190594350933
0.0029134309004760347
-0.8158012575215494
1.3581215715620272
0.13101437130861993
0.15756731967042717
-0.7262176287938767
0.030948192864151066
-0.8694865015892045
-0.7270395302043711
-3.8587393483093226
0.1777225343294355
1.2997258060737387
-0.17031679152437884
1.4380288804212202
0.5321317772927477
0.24419701617517517
-0.8122634456754804
-0.5810247706529519
-0.016821346438721102
0.07055877072937138
1.6239413145848824
0.4508622191593717
1.0941144561302514
1.9619887002235545
-0.09592859362907155
-0.003944465957397231
0.4417665542933455
-0.013892393364563634
1.023560229799227
-1.5401661956662516
-0.49865826767256716
1.3408795425883497
0.7177486348903517
-0.5173416623082018
-0.13311903960608143
-0.1689067895022234
1.5232206973659612
1.6607647918602222
0.1382438590043269
-0.21037953847609334
2.0110310149400337
-0.5002200335514589
-0.5281749060349126
-1.9695173793228435
-0.44945487154169644
0.8456736872055465
1.077127889067413
1.4015504057027433
0.598272507418125
0.29465069792114873
0.986000517131235
1.1114313402591276
2.090970108811756
0.6891663539134778
0.0136922670213834
0.06386458187067752
1.1158789620901044
-0.17512918810773764
-0.6638005989171095
-1.6031527618430346
-2.249439352698958
1.6003536126794233
0.33140417430072583
-1.828562324509835
0.6851680194138039
-0.5691648526514133
1.0525007510825726
0.2755868198466121
1.730301632691869
2.1702925132219555
-0.44688661965397625
0.9803769561532448
0.8034433385078004
0.6432355928053595
2.891417421053161
-1.769778558864312
2.9300998920718997
9.44352949328917E-4
0.5712682347105522
-0.8048229921280466
1.3558653233229307
-0.7419391564439803
0.32942584446767365
2.11195792146778
2.2896094073285322
5
3.3471936737928103
-0.03780217778885085
1.0386498845462815
2.356392324299874
0.028339129636149103
1.5254123282338807
0.240810056817027
-1.4572291648891325
-0.1806011992043627
-0.44145109660072734
1.6636063971159851
0.05080335808382827
2.6299102863065134
0.8133164056105964
1.2898593033557835
-0.03104849498387811
0.2682482620176277
0.3256834236565182
1.569911215775371
2.0825360814642164
0.7518494677458769
0.3662040175271225
2.007747485954122
-0.6156666743214793
1.0044685248330507
0.9603493099187886
-0.6046263121805537
1.8127027049605713
-0.15762715596993798
2.830092136923561
-0.22896860541645803
2.7354880274250455
0.41236844830011404
3.4718958915292553
1.0174966791035422
-1.6022188167796072
2.484431500567125
0.7303358122330955
2.7844194352682563
1.8295134839999485
1.0527500724676182
2.891792718015854
-0.6738067237654688
2.299333495124347
0.9029471198313528
-0.022997328175383337
0.5302152877814224
2.362722815333404
1.1626167620325245
0.23285531755737923
0.9623299255137705
1.2710872459584552
0.7128463160668339
0.14400560399292553
-1.533908382273205
2.753037769134344
2.027570722462341
0.7664932178136198
0.5362012393834118
-0.3341715883808054
2.407409789191825
-3.5338241685535743
2.626335775902221
-0.1279496525747209
2.5390979246656857
2.3364297158319647
2.0590596227213105
2.143686193967901
2.263001294300632
1.0649974871487258
1.414730506507226
1.0255653060256391
1.10504309993834
1.3048385730067404
2.318153681846729
-0.315308465851821
0.9328539406964981
1.3350862241474937
-0.7254084829130831
3.249132875130667
-0.47837398642838586
-1.79424919995651
-0.12636099707263176
1.2728825897338045
1.8353665559368928
-0.8700997153770483
3.8406800682882185
1.1402538404667042
2.205290291824949
2.950979358016879
1.4936259599138895
1.561594151357593
0.07891336819967734
0.6221963216210142
0.9221068250774578
1.2967020795510436
-1.2202161635446498
-1.3365988911288933
0.6476520391212932
0.42040184210287224
1
-17.21838645918868
-17.847447219427142
-17.19211483191313
-17.5490247634513
-16.419805586749966
1.9475840597386527
