80
3
30
0.7103090966409482
-1.3459825148664264
1.761857278482854
-0.3977493301194004
0.06836314517814476
-0.8123068928426798
2.399105272627711
-0.9258573062263081
0.6579512106451009
2.005698678340305
1.0636073296594193
3.133830407165858
-0.565519847628883
0.8768295585170478
-1.2257498227117212
1.5394059975196341
-0.30014006100176394
-0.5383610939794812
2.328354686981471
2.435620486417988
-0.14059514060665432
0.8477399734974416
2.5226131739635638
-1.69448940726683
-1.1360034298142674
0.11926584674855906
-1.2674032067049559
-0.28522835215512443
-1.0228915819097932
0.5858109993713763
0.7183732717401883
-0.27698812212105395
-1.5359310835036197
1.2342728219615406
2.30319295576821
1.9105860479311934
-1.5323012557517766
-0.8446845557563069
0.28056441340583305
0.5589523621627981
-1.7356682026586785
0.6370170719167628
1.0959129292369967
0.31367594273116295
-0.23573022716762496
0.32238090355503135
1.0320018455269744
-0.15221721896526136
0.17909871471985928
-0.3982866436056966
-1.0037891530420757
-0.9710592826739239
0.5463360666649341
1.4658887780889052
-1.997896715357324
-0.06071262156869514
0.9082682752071506
-0.37150978693052783
1.4917340965117838
0.5820973829509059
1.5275983785185154
-0.5538807505782456
-1.0569187720330968
2.668153524843314
-1.905171029585711
0.14123758667987735
0.7880700991900399
1.5268777499703248
0.506250274272218
-0.3335752878755413
1.6397351852754893
1.7956434314822343
0.8136272154915776
0.49164342312745435
-0.6256757006877429
0.18807816321240076
-1.0705755660868514
-0.19924585634685335
1.4463114034089952
0.5553006033470833
0.6666423431821512
1.5800505679355703
-0.27883481453170905
0.2463679911895985
-1.9193982419244036
0.899363982540075
1.0411678044594095
0.4005656951698622
2.952380732189877
0.8492176235813029
1.183070187449912
-0.8697307416000455
-1.7913519530479598
0.21498729018122298
0.9802315830537394
-0.14271226939189108
-0.2677087155092806
0.15773677797757527
0.9371232820468871
0.7888195843951226
-0.837836684869274
1.471804055454323
0.466254872354221
1.1506810153752536
-1.256421396189025
2.438942087190376
1.9288596064747907
-0.6108374503706175
0.29951271695126674
0.34332076874539436
3.487158820308834
1.3654044595353498
-0.08016904196647814
-0.02544865255163611
-0.42576245273946706
0.2689139646652894
-1.6570497768818788
-0.18978221930737696
1.6128290899176334
0.750971910299873
-0.41123946997012406
-0.3719985300043671
-0.1672621487853363
1.1956312727672966
-0.03022808890052109
0.24211381570819818
0.40972297588910656
0.6328555119083697
0.4007658109411442
2.3233030918746786
0.43444461221432534
0.80844529240605
-0.5306123110082925
0.5137987683003709
-1.1553329455551746
-0.08478727869215182
-0.658140422464963
-0.026589294435211838
-0.4707269583074633
-1.00909488175212
-0.12138231136264457
0.4475628420957866
0.30678952999419334
0.7508909083586841
-1.058220915250058
0.4683297858768582
1.0989456261252981
3.1051229553866486
-0.94051425739078
-0.12298276050172231
0.08636234021473102
1.8564045962190447
-1.4576694824020702
0.5689043061441436
0.3038895144553726
1.1480478311997624
2.372282426108793
1.1440786210786074
-0.10436356532376351
0.5837233627348617
2.0945430564179843
-2.0721187438055866
0.22141326963690117
0.6896072185207887
0.09709567830978849
1.8697157019725537
-1.7162247359634355
0.7210127899715982
-1.4027702883143367
0.2085401881356391
0.865471758409593
1.2213662220401267
-1.0466154393145013
2.6926868372376007
-2.179147459791083
-0.13165682604511378
-0.09036366070838325
-0.06604806064662497
0.370478139693991
-2.6838041502198524
0.30141758111263106
0.283334492653962
-0.7342119362909281
1.5217294076356012
0.12310553994769398
0.12214076794356063
2.581969232661478
0.2900450725998252
-1.6101823682496972
-1.110936028012928
-0.018133433674604203
-1.3696241637368698
-0.03596730171556512
3.232251865086507
-0.4323084058045228
-0.5017953409588914
-0.5641384574319017
1.1869268758802176
1.5259454994415784
-1.1251063546092401
-2.140850043733121
0.5506938213582749
1.8998751515576426
0.8821979219469532
0.12635870859649379
0.19308303731857612
1.8769430668904552
-0.6011038370806364
-0.11995922070947407
1.7140734681151963
0.3436590865669301
-0.6308406054555354
-1.430718282024965
0.6298853437060115
1.15374992337746
1.1658961202052505
1.1762158845998596
-0.7152802553256677
0.496152539012762
-0.5653609164962206
-2.3203444835128773
0.6856912853634676
-0.8822288847733035
0.5285914367134426
-2.6309193991874587
0.6708967622385149
0.6950061901576366
0.13632304805818296
1.877751363582942
0.7200412789282675
-0.5558528954825851
2.813388843644829
0.5845832264861467
-0.237867926500022
-0.7579970204157822
-0.9868212037545859
1.4327328690843932
-1.404164954985214
-1.428724671629524
-0.48276711581768483
0.3058249552860852
2.391091939302184
1.4693108105175405
1.102017279019295
2.3261720678054827
1.5012750596330278
0.7635833523286271
-1.2764985186368427
3.0224387361249985
-0.857317487485843
-1.03272995069109
-0.06645162977110664
-0.842650276411821
0.8239120401589161
0.8365855447790422
1.9651827028385225
-0.07953867216605554
1.7764036193456012
0.43440837379315916
0.07837529127680022
2.8401215717640453
-0.11561930498228316
1.4185411540363135
0.5966603320770829
0.1698764181461453
-0.7537009495931437
-0.4439330366158479
-0.9138409852197076
1.132779439829055
2.4797714920478287
-0.17653173915301673
-0.6172070876393859
1.7311320362950553
1.587979285080568
1.0990146289825187
0.149142218761727
-1.3734967362249002
1.8314932884927242
-0.18545782441043326
1.4749248672264068
2.0439586232959055
-1.825657664192766
0.30720657461677975
0.6835476129137079
0.20349528958183008
-0.32137845132024595
0.7110585670515986
-0.8878091402927106
0.7332770391435947
0.9034649538524595
1.7319285879379536
1.294120127037824
2.0782394768628283
0.21566969771219469
-1.606640115481717
-0.7509296436866683
-0.10160455795992081
-1.4360764657114415
0.3148844887371187
-2.0162769003970586
-1.5860880232234897
2.376615464116944
-0.581718328837624
-0.260572399882798
-1.448568944142665
0.7686402491929838
-0.38397329957486137
2.3469002886447696
0.32860399503549337
1.8202119530667298
-1.3698694952536261
0.795996576268261
0.553387063930266
-0.7108199755200031
-0.7248311022615322
0.8878994726510157
1.7796544470265367
-1.8178348792974162
0.5790377596425905
-0.110701989671605
-0.7651741147654728
-0.5618425901925942
1.8155455009330226
1.098906297580832
0.9077841041072866
-1.0974930897503656
-2.198968287471913
-0.018241726716255416
1.5292617742724781
0.08643867490742599
-0.7328470894124535
-2.367493497064558
1.1780320152034236
0.11155092112084945
0.7166702102562602
1.028056143227044
0.7798264805774253
-1.2933557760440382
-0.749635743529197
-0.5974238554314829
-0.4242504603316904
-1.851018943179139
-0.04951439843804987
-0.6064772640999928
0.22439754069548354
0.4323835781058419
0.6428021244809348
-0.7208004555884662
1.3127973578304597
0.058730763365012
0.9624419405498352
-0.6016463386148061
-0.17870835708696803
0.6647629043323555
0.609264837175637
3.4494676157726256
-0.3656239244737137
2.338349373431368
-0.012989238535444841
-0.19328160386501672
0.8823997280778668
-0.029499243744200376
1.9066356168956164
-1.0897994885549909
2.501423849040543
-0.11568439366460642
0.6270616669355048
0.021388664213742546
-0.9268832362110211
2.6767739371723414
2.380229691170656
-0.3331409785060823
1.328385526511489
1.35467549301297
2.23347007249917
-0.9348993727051939
2.306090395392655
0.3215189805498556
-0.42596727862475653
1.4615792715375486
1.0651845580897863
0.71227684733214
-0.09637603859572005
0.7546549475707044
-0.9739248914375087
1.4508543258767754
0.5329125467309309
-1.072477340118215
-0.37142161525520206
-0.4906891795471452
0.19887102760273812
-1.403771707113188
1.4758447225851168
-0.8243246905137308
1.7962131117510316
1.3369310011695439
1.713775607149423
-0.38715405279469023
2.4775295192171156
-2.511940757866315
1.2930725086337642
0.3020949581974434
0.8694863329992065
-0.04242414324071468
0.31391238289101864
1.8928442090972932
-0.37741839848673714
-0.7479854700991507
-0.3862833914199231
2.9973775909308102
-1.4283323016728546
-1.339360794509043
1.5946373812166772
1.0212999796202729
-0.7841478145371633
-1.601898591864074
2.3878517769006753
2.104877697060253
-0.7988521311760168
1.5885494581497448
1.3569270134119507
0.41860699226391773
0.3448566125952665
-0.4446553689296306
-0.6311492456156933
-2.0927099308211514
-0.9569125587300881
2.2065318416515924
0.7300785154437526
0.4583551668311023
0.434225288894466
0.11187609058708821
2.510898891432566
0.12209753791424308
0.6489023203885333
-1.181309885125103
0.6909360100777527
-0.16851486514607594
-0.988163648064194
-0.8938013495184499
1.9116000199707086
-0.6217594965772133
0.35576509241408905
1.4619867104916922
-1.1185535612352515
1.0422876881651344
0.19309738782647912
0.38304716955039325
0.9746051327889765
-1.9101209737410176
1.9054264601249982
-0.2780153227878822
0.8874461854346454
1.3211486227165834
-0.5168407430556852
1.36299565006155
0.8447935963134829
0.5162550151045201
1.9229632902673166
-1.2527761696992041
0.748065735564112
-0.8674095084131279
0.7300729132497186
-2.317548601891516
-0.09635435596849086
0.41282039920496383
0.7119622070226598
1.9051419072029931
1.4360909793681118
0.6454434488022766
1.1047660415100193
-1.7243168654487917
-0.058109451143748936
3.6233524779422357
0.18707365467848042
1.6437477141007886
0.7447859203807737
0.14018010491701285
1.2852507144574816
0.3288667589502811
-0.020993197571728704
-0.0409404435160894
-1.2687276578522022
-0.5619912208743281
-1.8956369319410804
1.2604030570945737
-0.2948667610775837
1.829855045073192
0.33170309029653006
2.42208717582614
1.0503594919939134
-1.0692161840775818
-1.6002344779953916
1.6946294987516248
0.3107537578913671
0.5292963715028017
2.3800541235692574
0.43444593106169715
1.9892978798675995
1.6828184979143612
1.7611650406879986
0.5399980626572888
0.6478583884483287
1.2945400890120367
0.7820952013329545
2.125459716249501
-0.13579516435337607
-0.16103220040726812
0.6461579205924759
0.9454984920234515
2.6434622643448367
-0.14925685911083925
1.6590162546324725
0.793308852782622
0.033550629262533896
-0.8764316105694313
0.3826857237397693
0.7517367198793521
1.7469715804015957
-0.2577456053719616
-0.17790757311596223
-0.08925881539477257
-0.48381559825555803
0.15685109461119817
0.6500063979459583
-1.142991338896843
0.8334489800301081
-0.5961230172389733
0.5133024496682095
1.693666802239555
0.9473110866321686
0.839452144889063
-0.23061403405341718
0.867488965936416
1.282534551863934
-0.723958063500061
-0.4942054059666309
0.2975956008463032
-1.7717911785029206
0.4787056071104054
0.12298198972337926
0.19707578269165316
1.4824866174034752
2.1025665244958853
-0.9197462417567727
0.15908344725499088
-0.2794858095668593
0.7364693281643218
2.710760240999855
-0.3254784261544438
-0.9609620479073885
1.9085857075305133
1.290841969161424
-0.06337990275531588
-1.1985563493955604
0.4291714870789144
2.0233509450744553
-1.5181347062829484
1.7562135602437434
1.451871828911842
0.1288907787145921
-0.3155584119643353
-0.6664373292332436
-1.7799468097596716
0.5811912153887445
-0.1976086137270264
3.58197382992987
0.5532511017163265
-0.47440611195915144
1.3372005626337329
-1.417523648048398
-1.6262310355232992
1.163111689528864
1.07705545722517
1.8808675470277656
2.3795888917347408
-0.6993437061693478
-0.5480093806020319
-0.38928928169707533
-2.1057794874977214
-2.538158716764897
-0.04595922828891252
0.7348432309822307
0.8006416488512492
0.591840563483372
0.339248843146487
0.4238689593159669
1.0568035203046917
-1.1163538741601688
-0.9561594438801426
0.24360586654983796
1.65441208626098
-0.5471875753967942
-1.8221861015672278
-0.5845228461253593
-0.7112462922166334
2.8710765600000623
-0.5267492075203726
1.1317774417016386
0.45560404591286674
0.8999411240792321
0.0016004865611247282
0.5382663742175708
1.3400498241044256
-0.41355913522844445
-1.0564933295006693
-1.8451346688531813
0.24460957858427695
0.7682841133847235
0.7984140032977554
-0.6234315704808117
-0.4667775970420325
1.1630395495352266
0.19665168669130959
2.0652656525386406
0.41409627203517385
0.8862913601293836
-0.6878957992795478
0.6808315778980107
0.2895741753569256
2.6987282246310365
-1.3653527793968352
0.8697440360719748
-2.746301955044898
0.4659258066236221
0.4554725149710495
0.00723651362084015
0.7273500572888055
2.296484293333331
1.4734986145924753
1.2413705523748448
-1.8037851531028801
-2.371480858407981
-2.3043528053282762
-1.2062401099865285
-0.1684617784410388
1.478892920671805
-0.09800778028831889
-0.42814999312380103
-0.43931682261917543
1.568989298310357
0.8832519670519244
-0.8403863349945664
0.48397330761914187
1.7522712194568553
-0.4928531060834405
0.7864364970324716
1.1567056335565913
-1.0726900878693586
1.2277626648901712
-1.1827190777097214
0.538526702819846
3.745425163178665
0.5661789100179775
0.26308567020201
-0.08473012104538889
0.4222258932995958
0.5014604646373031
-2.5434595823272175
-0.19759934395569473
2.9120035616392315
2.125820415186091
0.1139930516678475
1.246389663613841
-0.5243638562429829
-1.310122896531773
1.1910843884715696
0.8711985762927006
-1.651637703729248
1.996773163177156
-2.7004773184745563
1.2583128687301453
1.8381104840267255
0.6695958434652718
2.9931392661610996
-2.0258523448698154
0.7528075965207529
-0.7156905519478456
1.1874671028923427
1.2111388804192023
-0.3410079651865841
0.9664034506819126
0.13716380462726283
-1.7846463189641322
1.1962298097884088
-2.794545858177708
1.3410006084481965
0.9487486529228458
2.842967816918789
3.0986172872403843
-0.29564470075050553
-0.6120286536972434
-1.7302432776067462
-0.9591231657018991
-0.4991768833226188
0.5388853407362417
0.3174574758331101
-2.0541931232156205
-0.1931339895396188
0.2831987746988244
-0.27652556118199345
0.14164402418871622
0.27125615401646047
-1.0573869049358093
-0.2431750057146287
0.7634426762106625
0.14650948808413752
1.2977251888715975
0.8855393061775865
0.9791091886734415
1.4526148305743842
-0.0620262972617471
0.19295463805175936
-1.7362503983002253
0.3688229072526622
1.4254569719903882
0.8253000076916006
1.0395681528583591
0.7526990378776585
0.6553778651567206
0.8555762015247218
0.8786537358917182
1.495701390773139
-0.23405058463905792
1.5545195340225304
-0.6528861797349044
2.100885406405791
0.867449803050274
2.226083696698205
1.370944998091017
0.9136966359767473
-1.0081721687747025
1.2684779049760586
1.2272448808080727
0.631015250152362
0.7104655398896156
0.7643001486270632
2.253775932279482
2.23814702155798
2.7553902969584563
-0.3076477124436904
1.6738089096651556
0.5806440351079226
1.5757146307461318
0.737226507105624
-1.835645218113216
2.1260150271954315
0.7682297401259301
2.6111191733906027
1.2657406531469315
1.733147784614417
0.11852737723925287
1.6933201355474865
-0.9817973988372566
0.1620357039544129
-1.673654141464616
1.228959299079627
-0.12191166476011353
0.4943751977699543
0.6842429385024406
0.07015874166882574
-0.5787139749257506
-1.5197229677022168
-2.919460222902294
-0.7622677340354596
1.3405162229819343
1.3429127984766482
0.4870103367072597
-0.3725475660595557
0.18507809556432617
1.5932828086650037
-0.40829195773755367
2.6875135332995774
0.3136211977970738
-0.059316546763438775
0.21439726941142195
-0.5657905787913353
0.7953134544639444
0.44395967669874353
2.06060194484129
1.0560824228308918
-0.13782892437019817
-0.3241005347482076
0.5980019448088807
0.19713372222855027
2.6025213813697294
0.9276622858930095
2.5870263893267826
0.11158374525647755
0.35889119841916745
0.061203812820559436
1.377751289567367
1.285700031868481
-0.22010168001345765
0.12292231532579005
-0.37342586423471735
-0.7668455672805566
0.5066317056019375
-3.2655426114462296
-1.1273559151352175
0.7025822118833643
1.8021267542609034
1.119091207103827
0.3574762853930307
0.19009681156679953
-0.6505014365438478
0.1573147135288889
-0.37943093336252864
-1.2387508491682788
-0.4280525594791379
0.35892740890173125
-1.1601248662758437
-1.691613327255467
0.13388173349430943
-1.363245379403829
0.8024683556002697
0.3457263854320728
1.2853879616309103
0.5339262537160085
0.9904412671805093
1.5305324318496158
1.8643166609496584
-1.9059037651637067
0.41944802226511213
0.682791482441582
0.4426232460357828
3.1819969501671035
-0.1842873444894546
-1.856132151934994
-0.4058767067948319
-0.0017511242175210079
0.19481028360414607
-0.40689533926243393
-0.6079165561676121
1.6727481948613303
0.2236225769778013
-1.1033089215089742
0.04799621013688891
2.3495774482993084
1.710856512343472
0.9371930650847435
-0.64124617209847
-0.848085081390259
1.8826372322253022
-0.3162389787062684
-1.780880256428202
0.6828130238210443
0.933248217514172
1.7241119390243391
0.4318559347851193
-1.9630144493428432
0.3087394243701166
1.7864576604787705
1.0816472955820033
1.4634259559267575
0.8036396242647984
0.7788918554385056
1.2326250991855385
0.4747765878337385
-0.7313176448187136
1.3048334829181825
0.27574951557563926
1.1217396275954163
0.42468706902680436
0.881749940826811
0.5072349159046005
1.5253358628873017
1.1109457919848642
2.0182473168606276
-0.6514321135126221
-1.679644600800003
-0.7428587753032887
0.3916674969009569
-0.785436739759976
2.5417999585994893
0.5395269468263136
0.525952316765673
0.046537979989732844
0.6325255263372449
0.652402372458231
-1.2498157085986497
2.5848650644243096
1.2772574229845888
-0.26353563187349854
-1.2348133459495667
-1.39226338326549
0.7780280961717171
0.875510953507965
-0.22470222070067092
0.831262970749208
-0.6476205638847643
-1.0009975123787007
-1.113188846048819
2.0283852938811684
1.0043898078554192
-0.06444974349375007
0.9929270079596358
-0.20958823903595034
0.569520610480929
2.6968099066656848
0.4004394031140346
-0.7181295771064274
-0.889776380453591
-0.577718671380871
0.602878074142661
0.9170652826288604
-0.23814948816413808
0.254661388015804
-2.8429373469940113
1.22024342900175
1.0255004797415688
0.8944830873315189
1.9047785366569447
0.2751205919529144
0.7757626706564545
-0.2699345404603161
1.2896114498166589
-0.9432077647744443
-0.04754540925821442
0.31104968300146746
1.144377001465361
-2.8052385371855815
2.0510030519132867
0.2684531598852563
-2.8921677560920074
-0.5100015075176864
-1.1579297501203207
1.6602222577056365
2.7239371273078246
-1.1904673191085384
8.957600784904526E-4
-1.6461545193860538
0.10871319457602878
-0.4798172490748351
0.08132791904527326
0.026462800447154572
2.7526347015106194
-0.49778593618758143
1.5133454013063534
-0.7037703559521549
2.2841992758912784
0.008580578896327525
-1.476855550905129
1.4437376090116283
0.7012981141095203
-1.151943243836203
1.1993040385567943
1.922999433443397
-1.09430830909155
3.0009494301055613
-0.7211811600311291
1.362931389186019
0.035607042201866154
-1.6328460291435292
1.2469966007383075
0.5546491371201734
0.21064975900484723
-2.0030520938894565
-1.9558809628401985
1.0947170746615862
-0.9876216632680058
-0.19193633131962945
0.3019600731166902
0.9686863284112358
-1.7463582520231864
1.8064556568532053
-0.7343504819515737
0.137600072659873
1.4247708433186832
0.364144699904174
0.06818066784755902
1.6981029463648387
-1.8602459757103968
0.3000804122021855
-1.8168771249242486
0.8839882274099562
-0.5186100244219431
1.217754829909244
0.5983141999109008
-0.5981738202510053
-0.6256980618939503
1.1389128216428894
-0.25852794322966977
0.38995572431508124
0.09650092871417827
-0.5789192293490691
1.6171937610656082
-0.39348454897841556
-0.6722708137546451
0.7691746950139107
-0.13605341206989652
-0.2902152408383544
1.4990703781329535
1.543949007330063
-0.9968324657156796
1.0373931732680173
-0.611875552285212
0.47032198591065544
1.7588086587335432
-3.3516578461926665
-0.926916352339887
0.5474217048577246
0.2018794347760432
-0.09331715990093345
2.3445713270354656
-0.576553124882276
-1.0176525792494249
0.15379067471541444
0.13734051130914277
0.6144976439585899
1.0141132355232148
-2.4576706674290674
1.7497779088919647
1.5239708022048157
0.23252601359076017
1.3476362023877844
-1.0630330241520347
2.898274451114267
1.8590640225231871
-0.5957577849163174
0.02502593210546103
2.905168582993924
1.5955806520595524
0.46007841792548576
0.5174439422401894
-0.4151393027195124
-0.1295037910717165
0.4981217192654795
-0.9827343421941979
-1.2656054825874639
-0.6480656098886457
-2.3807999612954855
0.06016224026146836
-0.47701596034553
0.6178296044782032
1.1571216368229136
-1.3678432144052448
1.1496075493374682
0.3725676074264781
-0.6207807872648601
-0.1632634169474592
1.0949604242942559
0.29419291366582295
-0.18623872404582933
0.9420077631896415
1.4285519029082767
1.3932769296502416
-1.2699494026719047
-0.9626181599117396
0.40471733142856964
-1.1756059831382826
-0.133202244770874
1.686990178453942
0.7174018822022047
-0.6730781948882903
-0.8829304985259838
0.8223335770748316
0.7034929242079787
0.9752247430748547
1.1332854035242665
-2.2450635594869275
1.5598416954723737
1.0636543310512105
0.6213400293427055
1.3331158878457643
1.166507215168207
-1.1242933090292908
0.8945416054467978
-0.6620404921298805
2.2071866716289126
-2.3704567272717343
2.5080847254049803
0.2676659853761706
1.5201951497073363
0.13471919719908107
1.1036982709998338
1.9322055528857873
2.305599158941883
-0.01321660453360235
-1.4897206945282038
-0.012322669955996193
-0.6211613488073229
-0.2666571296757261
-0.046095215290238266
-1.6157521761159097
0.34917484208496047
-1.9930861248897798
-1.2501746507336962
-0.11281689777026788
-0.04137491225979507
0.5600457162251836
-2.0547023564258087
-1.1424509329745394
-0.11305183249491932
1.4647414325365602
0.5683432798636452
-0.3956801191782819
-2.0537718611377023
0.9991283897748999
1.2751190451719727
1.2659372884629512
-0.839973907673934
0.06492921713566911
2.2433193333542185
-1.1951893909317302
0.15892995723571263
0.8732544263898758
1.397099626669966
2.117534231962779
2.7293048005663922
0.6462431142405534
-0.13349074425544322
2.263825909869052
-0.4312915072516834
-0.8212893028313072
0.6263090340777719
-1.297213359665235
-0.6758651652794075
-1.2658754872599896
0.3133027132420519
-0.66524839255036
0.3572992592675707
0.826330429176674
0.14631284230900027
1.0996642378279107
0.492904915428589
-1.5617841426473758
-0.6369133229134709
0.48300563482261266
0.3313650011161166
0.9290546779494473
-0.7899364241398393
1.6956763172198324
1.133285672062654
0.1989153146194061
-0.9743249771279319
0.5831532638300219
-0.12103417256699633
2.205227893402135
-0.2880842483959488
-0.7469075761897225
-0.15804098273622802
0.30780847354408697
-1.789590327852198
-0.20171372344781077
-1.1376519508882255
-0.9995068050977152
-0.3246287915163782
-1.1677935168182967
1.5288619388729934
-1.4834479995631749
2.266180025811093
1.0947785004043553
0.20245400060680713
1.1462755242182971
-0.6174620538224275
1.8976641115199775
-1.1101013163043632
-0.8644416540372647
-1.6270104474655576
0.6240108506453571
-0.0930204394287995
-1.1290080958483055
0.2948963338687157
1.7724374614772043
-0.6974175922188055
1.350298954253252
-0.6740319642578654
-1.365439033193578
-0.8987321618003956
0.9432536899355802
0.05846643521748399
-0.026203689304119496
-0.4176951492779663
0.04212471304420826
0.7725005551090202
-0.25239048614566617
2.804591823686079
0.5200965321280224
-0.08179567901229876
-0.03480777213727194
1.0144075820274037
0.9110555182245802
0.031245010402360635
-0.9611819162144705
0.3872515266815637
-0.20416473983810704
-0.20107618035305194
-0.9260878643960283
-1.6125489298601527
1.0721661905085762
2.7398804306015085
-0.01380956604308601
1.0223279423472564
-0.979134532309349
-0.2983787611325735
1.2779771645887121
0.6230458737810942
-0.014534316142161375
0.8791589114845106
2.01757616447755
-1.4332827715340268
-1.0092803888242678
-1.817923419446511
-0.10819862619097553
-0.08681845116610111
1.2191595809266926
-0.6894797809711304
-0.9566370435334052
0.6626980392898837
1.2849534828141471
-0.11744182235489171
-0.8806313486131488
0.5674727146603809
1.9079227920033859
-2.2181657863598168
1.9604749879086363
-0.4742588801981516
-0.9873808120922597
1.8932841696728757
-0.4253065777646281
-1.418270407088543
0.9342968203314849
0.34637976341233073
1.7643933042492603
1.504846801507806
1.649977814271068
1.1660874228828881
-1.2337966143143047
0.12020732041901581
0.5980424848190586
-1.0442686022711691
-2.75430803512003
0.9434892574422354
-0.20510794308348754
-1.3222937414919844
-1.3792692785422098
2.142479336803315
-0.7762116435514149
1.153510400874869
-1.1367592941791933
0.6868434319916455
0.47552403715952446
1.2443583706371766
-1.0117057570731673
-1.4996513813777865
1.5713319507825527
-1.1024128639974797
-1.4260327324454782
1.5758240125335767
-1.1298602957566855
-0.5377144684958693
0.8558508472056605
2.3212668451266363
-1.1681807155126298
0.7007164025258025
-0.9559713376765792
0.12392553919155705
0.8389013396161719
0.013664207650387561
3.0841428941352276
-1.3034316014862615
0.934690731333133
-0.5415155367667409
1.2958853771038623
2.1336298915353695
2.2558820124295713
-0.47921576539091054
-2.715577469320873
0.8345416089483532
1.4416460581617412
0.0769461641498011
-0.32564437201822
1.7863952605875757
0.6068221112937123
1.4832784681672386
2.0335827886117426
0.671486726404985
-0.10352325115105353
2.038755832052602
0.7680172911471774
-0.1939290546306022
1.062051485743133
0.8339056538355976
1.1108573174291807
0.5451695191985849
-0.857523990336493
0.2453139538003929
-1.7591712819353844
0.44977081120596263
1.0777287731096625
-0.29562606689769155
-0.12700864489481567
1.6094774256728261
0.8346045890681635
-1.0169965983148213
-0.17957236851276842
1.7694802842650785
-0.4689050048832233
1.4486856384978832
0.036888145963430055
2.7623507373054186
0.9784354813073236
-0.0314258435535543
-1.8000890917706742
-0.5561213307577518
1.5295752075095297
-1.3199803749654753
-0.23397992509897958
-0.20953399563913513
1.433898624844567
-0.4861818904887957
0.18596431539220554
-0.8559109034426544
-1.7537164630804052
-0.11554063993413619
-0.06896241297690858
-0.21038281269312523
-0.818119066718961
1.3264147103435202
-0.16509289075244693
0.9875932103783429
-0.4465002887611127
1.1281960015195311
-0.09251030762537019
-0.39762638668904016
0.07245425270300831
1.7167627896383273
-0.5901209776316785
-1.574194620662119
0.8041236197992127
-0.05696000916099479
1.3548305474145612
-0.06004588737060349
0.057704739822895486
1.189310147964516
0.22465511880606207
-0.49763831927099506
-0.1257148975231362
-0.8033009591763689
-0.14383758125372284
-0.2509622501639658
-3.12205283947688
1.2730398099673885
0.6952356642809484
0.017686012458654282
0.4063307064978663
0.4623256975909835
0.2171103280823028
-1.7359120271521162
-0.0649366333688586
-1.8258607140615815
2.061735104933213
0.4513184853309289
-0.22736762252763146
-0.3572364481773748
-0.6479204660912522
1.2453991950171386
1.3124956580014666
-0.39583755160205875
0.03826146440031743
0.025544450868976762
-1.4270778945992988
0.4083189717893545
0.18603826267264728
1.2607309798141733
0.19419474455613128
1.6016331381508337
1.730657881492006
-0.0642002085304557
-1.0755839321570537
-0.44799014124656833
-0.7176889786960565
0.4758210587863223
0.31200270970339117
-0.42551100749510173
-0.31283122463849666
-0.7715512199911628
0.4715804015613516
-1.0448573152810794
2.6260888320522837
-0.25479041868422514
-0.5828232224504183
0.3287770738618025
1.1502898897040887
2.0965436784149007
1.6833428236365646
2.634364056901407
0.7468956508675068
-0.18791765294203333
0.6108245531969438
-0.8975224000239052
-0.458054340661346
-0.23303635846794032
1.5521896896246272
-0.6543176132256076
-0.3170624770126863
0.5364867788451546
-0.8060288917755198
-0.3793820811533742
2.2651306918040772
-0.41187340432014674
0.6533424149249927
0.15222159099104618
1.0868285969394806
1.3588625019657405
-1.0550297806460356
0.693832039041102
0.04471619782316516
-0.6485967466081817
1.1346283452544415
-0.42139143988463307
-1.0388484100414874
-2.1159701870345824
0.02893205906838378
-0.3119042957798755
0.45143586071088154
0.1376633726565129
2.2600536857404236
1.5662839203326064
2.4258562456320854
0.11649359191014706
-0.3840683679635434
-0.2895160299276832
0.7683751469195721
2.7930827463497603
-0.5338533781557251
0.9148576383872878
-1.8154218040302426
1.197340953042885
-1.4400192937507557
-0.3569311517462219
1.1365003603872827
0.7365159107468647
-1.2611421575139818
0.4113560328730799
-0.47134094342150584
0.15554038635620226
1.9647318374955784
1.339341147604704
2.0071003269240237
0.059054677351957484
0.5118295185694591
-1.1529045463065488
-0.1352778406289378
0.7503029848555283
-0.03402384734617101
1.2269001356593252
0.2297861460037997
-0.43274671950762683
-0.9853729615459081
-2.0635401463998275
-0.7724088183100375
0.5287873824581377
3.575578365601079
-0.47290655142392996
-0.009751821310367753
1.9022406730446826
-1.131385282182774
-1.2217697532250822
1.3446785798413676
-0.11909490708941335
2.215695298870494
0.5828127635736
0.4952067010547104
0.6719921635039283
1.7281104304287316
1.2558867325460186
1.3745122423060228
-1.059991082884949
0.3900332915165552
0.2305748266823039
-1.1534007241204085
1.155107053947874
-0.896615868262234
0.36654105028781503
0.37248906263091186
0.3718153410457717
1.6950355992816568
1.3909067972691784
2.2398766169126163
3.315566469261138
-0.48134158257396475
-0.8719223437168659
-0.6478549816005017
0.8445863766985717
-0.28762229188510136
-1.661716875926929
-0.056168334059951
-0.9262065131020536
2.552073579639629
-0.39875587092014725
-3.9090242187350883
1.5585949865471942
0.7604487401494692
-0.6240802272715695
-0.35365066085341107
0.3243668080021822
1.6231374525265938
0.4291201111954607
-1.4060326912097105
1.459324262587799
2.4899669696267526
-1.0493296036079778
-0.5192920417509004
0.7226726956886036
1.2114653335254575
0.44442627399291434
1.3385244658391946
-1.1240090955524769
-0.6394443062776134
1.0387550013093252
-0.7619956565519411
0.4474360415020676
0.39680448715732614
0.45751107762359994
0.18639645066433957
1.1426876492473594
0.5688448589811472
1.0073992044149858
0.823551227472758
-0.4975355079774231
0.5817251280705027
1.0292886546197382
0.7225188847939029
-1.2595224902829654
-0.28493162798879296
0.5663448946889609
-1.0178536898328028
-0.5362100035480737
0.4969181935541197
0.42881307784159894
0.6244006449937206
1.691051979323148
0.7830524442730433
1.3724151993183757
-1.103004993966373
-0.15642062738948023
0.5933119851729274
0.21058875174044872
0.5951126758318512
-0.1882928879472842
0.34832569943791575
-0.6004146383924805
-0.28505028164000035
1.1645238469771269
0.8007283592431452
0.0720514266226476
-1.2953481690487696
-0.1500565659855128
2.029050511681569
2.1451819601166493
-0.34429623307257334
-0.1629417891488359
-1.2762456458609432
-0.7543705334237631
0.17431798292774206
0.4590293505784536
0.9573918973080945
2.574280962359011
0.2568743014096442
-1.3076608994415135
0.4509969254440108
0.1991806385374249
1.492820057062036
-0.6625068446297894
0.9829217665090421
-0.9320210735889978
-0.7151320541511956
0.8563569774238753
-2.1193448922644658
0.7405780105622715
-1.4297540946760305
-1.398556723710557
0.7122535897578928
0.30854166779211856
-1.563575437861854
-0.6287941318992674
1.222784267801007
0.3943919391069568
-0.27323410069235493
-0.36914599547082405
1.408203304748566
0.4964287012062034
-0.9869916834194805
0.25551020269428987
-1.252973986937856
1.5425961470230636
0.6989119095364151
1.6322119260749375
1.1807585254878679
0.5773026479048426
-0.7316396652047857
0.5461276431963927
1.4808821170836668
-1.425974762558104
0.7316995473633071
-0.2162826629543506
0.8225001103305579
-0.2659731588884091
-1.6028932469553152
1.363106800687368
1.6542053963623533
-0.4171540223702397
0.9948730637327886
-2.7767539699075314
1.3738979111346423
-0.06506475576812731
-1.2736191825255596
0.17112716332211958
0.52763016219609
-0.18023679545821863
-0.42718212252152404
-0.45583396852530633
0.979476514729213
1.834207202885186
0.4364032343969134
1.0094394332287362
1.889698557326234
-0.5221119345434857
1.5340464913924583
1.368294047593443
-1.5881766487579316
-0.34446284132219146
-1.5149550933961313
1.5748418037804857
-0.488983708044344
0.7520697511019258
0.5271347717659418
0.7237760837820655
0.7663707927509935
3.6942170067917024
1.0533331308615188
0.14967532392394595
1.93307574117496
2.177025612448747
-2.7270514924982656
-0.17523685503764974
1.703061428235255
0.24279660654589202
-1.2640976666258512
-0.01610440785619395
1.2869508988849285
2.2229292676909664
2.0070659128442045
-0.35805289078857355
-0.712767902394261
0.4784112018932051
-3.4055893116268363
-1.4238333949926203
-1.8703161969748443
2.227342598339638
-1.520213024643156
-0.557261469494879
0.751200194770484
0.24265588622770448
0.49031696513141726
0.4530029597848809
1.8166563626565297
0.7692083952247922
1.2548467573910642
0.9939313743889714
-2.046762034470683
-0.3389454629636274
0.7608622517301421
1.880284984649005
-0.1728476145897034
0.7744342965483587
0.9598594337802961
-0.1818638944063678
1.4152032346264325
-0.3449353083500034
-0.45264307825584776
1.4647636792881678
-0.24040077943152746
-1.8609130196548667
-1.6239118047723842
1.3903352752810163
-0.1650211278189283
-0.4225552959554186
-0.6789367792571027
-1.7222925907532698
-3.1130321530695286
0.27681400795745764
1.2642043945832628
0.7083680810812036
-1.0098720360478082
-0.28203566784176176
0.1785227597561942
-0.7873365269897197
1.7050443075991146
-0.1809258375105514
-0.008384677544720325
0.6802803008473342
2.9715218584162417
-1.154104088127137
-2.766399884687637
-0.4377269640093794
-1.5314480665812602
-0.6800590336101713
-1.5808718057292683
1.66410177399763
-0.46853612749863544
-0.0595883365281234
-0.020032600088291205
-0.19982565731256766
1.9448098235675044
2.95211573373344
-1.78318799086749
0.2483191445073643
1.2004861213732714
-1.2194157948286906
1.0803351391896954
-0.4371575722268424
1.4726721716781737
0.09151733801486417
0.11866728499978216
1.463114545257283
1.2256814744249447
0.4448007619425184
1.292419932924243
0.557704934823283
-0.8626002251645908
0.4079635902629325
-3.199295893533002
0.09346709927070793
-0.7561142333541353
-0.21075983157985886
-0.43543702320282907
-2.1328187382453634
-0.1549070546860794
0.08564781837151834
-0.540135240675345
-0.18762595928655124
1.7266735298694242
1.6438988940301644
1.4723660891273744
-0.7853999789645547
-0.8051709559947801
-2.216288812642835
0.3995607234970771
2.370000569122548
-0.7354212040108633
-0.8700473887296317
-0.3037820501401046
-1.262046107727592
-0.16738481730317525
0.8742851038462987
1.5564594802827172
0.03373886789525017
0.3617536154253192
-0.052089407597470994
1.4205617534354127
-2.0924148791307213
-1.6251843924520548
0.596397711697818
2.295784728609894
0.3106515406320683
-2.530455998149957
-0.5881488745661478
-1.0359175059136505
-0.0014500720226125474
-2.00602565489224
-1.7409475576179827
0.5240525643283194
0.23158603234286357
0.024350116057569593
0.4298047869754486
1.7070612146173634
1.875111240242652
-0.09572966102384727
-1.2904977735939265
-1.7184460889673476
0.07828054438992037
-1.2434047512619717
0.7178449717760186
0.5097945104311916
0.6537461760001626
0.855674501760083
-0.08272086432731415
0.3481858870769635
-0.5457299802985258
-0.23506599629457398
0.46068516532570397
-1.7394636610698804
-0.5027341880709935
-0.939070252067677
-0.6041525866326009
-0.18082458247895136
0.37244268685844406
0.07364255604332143
1.377412314120487
0.9464535515543216
0.6522215489482579
2.2980163908326747
-0.23816976886353886
0.05605635468629572
1.2878547276175782
1.2648064843112479
-0.28556876854545143
1.3026550809809583
-1.2780333657743834
-0.7965705678513579
0.9576624420540857
-0.48026187798455794
-0.24438198976244682
1.152543491989874
-1.3112836138719586
-0.6043118374043887
1.882135590535567
-1.3865888411308076
0.9316727610586414
-1.7545037231546965
1.7671169156951678
0.8877567609836945
-0.7021438931409127
0.3257452413424927
-1.7783132779400395
-0.2586684902027438
1.994989361606971
-0.8345278663791031
1.8887245133671575
-0.8199510963951423
-0.4143978718577766
-0.9615440702968691
0.6205043404295881
-0.5783880888975168
1.0963315308716506
-1.4782858535420045
-0.04252469364554218
0.39129668574266263
-0.4362222906825502
-0.43986990496609524
-0.8630179046048979
1.4995876260305285
1.4932091590350798
-0.40901172488613513
-1.2104155232682505
0.5841875961110131
-0.6889662898209807
0.6514651015836781
-0.7152520029405304
-0.24562983958186715
-0.20030514453258538
0.4962757566429122
1.0310911202907007
2.309859389566746
-0.16753864476712949
1.06368220539387
1.0365245585706766
-1.9308328645851645
-0.8838217913772329
-1.3707100294009997
-1.095170347322342
-2.1650880456142136
-0.4586356542279752
1.2097579588362832
4.868449562098005
-0.21730177589311292
-0.6667584527844447
2.3882491469662392
-1.1557537939815896
2.7262497354819994
0.058923012374715485
-0.24998917171262883
2.1188816867395164
1.450136822723598
1.2834141963922268
0.10091908816741124
-0.8047692475369498
-0.007778851979843661
1.9997235400417435
1.4157239339704966
-1.4344993606465481
0.12202572654457522
-1.2878315405490774
-1.8182767074399249
0.5179843514771513
-2.5616452392453235
2.949679465501361
1.1771239056331297
2.40243321279831
-0.37655600093571806
1.0376042296099115
0.8163529602073057
-0.6600891851670105
-0.33493005934535036
1.0536259714431904
1.1376817467970253
-0.04179630645344806
1.9854620503064233
3.3073800153527504
2.555354772903541
0.5339951433746527
-0.40148915934067914
1.0473552580288898
1.0091615430822745
1.1326762782640984
1.8783602890901465
1.5345170358319074
-0.9276651242882846
0.7960033853746107
0.3302987038271272
-1.540325403254197
-1.8753532153299914
-1.7947553616423242
2.618142389233832
-0.35671733926259175
1.3749880353287796
-0.026095969699215127
-0.4379589709900945
2.8825105024266553
0.44972027719876984
0.5036708104772963
1.3928522179728324
0.028514202614837558
2.3684037534263527
0.6912048341973356
-1.0510962696172943
-0.25082058213577185
-1.3239339574649112
0.3002671780064414
-0.8925934684886596
2.783088854810703
0.9921677882255359
-1.5391954669594823
1.8471056409140185
-1.0829551876012113
-1.4554225677866495
1.649187867609488
1.4807913252351348
-0.45969909468661124
1.8692448585783796
-0.13889190342978325
0.43066876169154855
-1.3868381145136655
-0.7488219439679991
-0.7080091180855672
-2.139155627412583
3.4213295672479904
1.3955596703964872
2.153170845872671
-0.13854882201728852
1.2982151715896963
0.2165936365674152
-0.04550725268427773
0.3608993401615258
-1.1952800376438826
0.48260691276216716
0.3036639658911105
2.089280564150885
0.5328734782723361
-1.1071373862851017
1.370668275051609
-0.4662299995094351
-1.406267681311601
-0.12820808903343878
-1.481666349615382
-0.13052710582440225
1.6063341070555752
0.4331807549044023
-0.006865169589114893
-0.8497066149809007
-0.20002876765826222
-0.2547933243438273
0.24326984478677272
-0.8483872635971048
0.3096714097364256
-0.2928605730824658
0.07320141994392333
-0.3285896876372453
0.5520911661954038
2.283261938718127
0.3524848965175817
0.49479171359636315
0.590127541594094
-0.4545523707411977
-0.8293212199817224
0.16053266685752704
0.128797036347685
1.0959293231065317
0.4575812662791411
-1.5562083913752975
-2.34088472133087
0.4349739466849663
1.2078607719629535
0.1808939338829027
1.3856734707003897
3.0229336180200965
-0.1793483162512003
3.037254782608727
0.839688281763179
-0.4745559907522352
1.718592419719166
3.36531131732927
-1.7062877564458532
0.6095652396975277
-0.17930516470359179
0.5205990581034673
-0.17221560164803065
0.22239738954900978
-0.5649655016939039
-1.2350289640015972
1.020084175166226
-0.2718213218172895
-1.0381117737857535
-1.017334446879359
1.6961982162196763
0.23155279994634506
0.5829411539464925
-0.2994743171328016
-1.8663685297994839
-0.30906338482656803
-0.8520871644885816
-1.7208867839027804
0.9980668432260914
-1.9028175218113579
0.7855216245632133
-1.518035851552504
1.1887414770136724
1.4047690367869277
1.1997315379324658
0.6014111626355386
1.4558535137851811
1.7520943141881986
1.0137912355308893
-0.8549248034989994
-0.07181040453731093
-1.2766821862405668
-0.13227926137391566
2.2431603553638153
-1.960696001975579
1.67661546894528
-1.1969366539584472
-0.7012126661350089
0.6622510578900384
-1.018331175232798
0.06568900069581629
-0.6216578197188289
-1.100938133165884
-1.0394897836805783
-2.148356852961202
0.48066575497986985
0.7709288924569687
-0.7565079711184214
0.39789179597353125
2.21057741789549
-1.967030319681719
0.5598891838843937
0.30313571721640964
-1.5849599640310459
1.455182329465099
0.48110384782325627
1.7842171152968884
0.6678909745276973
0.9422033406590203
-0.6283982583377931
-0.32017736568320054
0.6825604446960835
0.20229392669051957
0.33701287049136863
0.050631803395614336
-0.5925120336776237
0.018929070807857724
0.4160466237581728
0.6622805295931689
0.2905415761191579
-1.35801291205342
-0.23259231335929906
-0.21524595790447493
-0.6004071873164055
-2.0329766594261147
1.6546716413782525
0.2809124723654959
1.479287793966582
-0.027402005292840356
0.6178242417288968
-1.4968761200185607
0.10870084061547242
-1.23030023054028
-0.5946774379948799
1.2042878771487402
0.04290232564539278
0.40889177150419403
2.7356660232864476
-1.5949605541572724
0.9022093730222733
-0.7191239066358981
0.9675217883544527
-0.8116128176420697
-0.8052266125999812
-1.2973525316955936
1.6126065810966264
1.1972745037824368
-0.5481545121250276
0.944287213568225
-1.3537562039610356
0.41452244256870946
-1.1573775745712167
-0.05494747115979647
-0.16385432442259526
1.1572264662473821
0.09846163392224025
0.3080574782668735
-0.6264955189860723
1.0882491351134749
1.1895725927144634
-1.3202518412008613
1.0669065818454844
-0.5558837719079546
-0.4970902782940948
1.3660237909003032
2.3089545657997026
-2.3749195489876676
0.7424411785455093
0.3065542037636331
2.3567529708722863
1.3289932875473958
0.08796566692267357
-2.0281990040604474
1.6132737226987601
1.5685029506380148
-0.8161290356703299
1.5580576924897183
0.6972442088383375
0.936734185239716
1.6881176024122326
1.1334208697585972
0.5243509443520384
0.4521196797786159
0.2611910556439455
-2.941164325351671
-0.44842672314054055
0.6288989047720431
0.861507273811683
2.8793612105822106
1.4335803539315732
0.690350475019789
-0.8989181186835731
-0.34583583739571555
0.17905929972413806
2.434840851008635
0.41523359642702956
-0.7295689486121053
0.14645664848339043
0.5515936643806278
2.045780037214914
0.6108120941536318
2.6545685974263313
-0.1613009257291226
0.2765166315025369
0.5096730759400275
0.322919804659485
-0.4263033203105578
-0.7100482858520162
0.6617172400660567
-1.3616876390739088
-0.8389306528553431
0.21559418042676123
-0.14625090163182042
1.271114494896121
-2.3825910895306484
1.1110132675788595
0.09331893363550839
-0.4073860951653808
1.8005659903651001
1.512634124504629
1.0701967000068064
-0.7309365899749254
0.0644470150175773
-0.07709467424945829
-1.2290262772346872
0.02727303020314456
1.1700868900167867
-0.4858549033915651
-0.09876464247532646
-0.27164651369394494
2.4466237428733555
0.42157477178637914
-1.1157184816557837
-2.5075521811280534
0.3462808805796533
-1.5901410684095516
-0.08332209894533675
-1.5002823577674511
0.6656174456026988
2.358209789180086
0.8939828857063132
-0.2559085404036677
-0.6548792511247172
1.5252843568798025
0.7287559019725109
-1.3973166617883026
0.08658070781986173
0.9209849095551421
1.9268803756857682
-0.15552117295521345
1.1026130109306775
1.9741659323309713
-1.0379284212955773
2.2396723624097925
-0.15562372011030243
1.0389303780195511
-0.8058717986183401
-0.40105396434827795
0.41148715039920913
-0.355797849766537
0.8501618382855588
0.5315559889916716
0.42481591015342696
1.7695701051196782
1.1223192933012796
0.4737319729776038
0.33384119303288473
0.6033748677506784
0.3372848359909171
-0.19214536551836692
2.465428062345347
0.09088599296017918
-2.1032928064438496
1.530510663558475
0.5207934791637927
-0.3393542154082802
1.1649219392639514
0.9595380064430414
-0.6576841158808362
1.639066886455694
0.9269674015967
-0.728425514557858
-0.9795357180342685
-0.4218330117580442
1.746704003197602
-1.0908421718890777
1.8403912843273846
0.5752920101341421
0.5445777756144496
-1.326855266993196
-0.5900768703453608
0.17132768021284495
2.2339787553304564
-0.6173664761977531
-0.1624625862939258
0.06468334236788525
1.5096104672436343
2.154839418074694
0.5315992696042247
1.111895965480732
1.8625675683058647
0.6593670360091864
3.114580416526803
-0.5707444542963382
0.6513647999865838
-0.38470490559180054
-0.6471729811592977
-1.3738598009238367
1.3514632999753122
-0.8665941196323623
1.81456969594807
-0.5240416466475036
1.0843000534848368
0.005424092815725028
3.444214785578739
0.7402681997318272
0.24687604173535316
-0.8877670558978696
1.446436486603488
-0.369729817906353
0.2815477064026317
-1.423367692124121
-1.4468247122087061
0.16524325945239787
1.049049332776738
-2.2362549874284996
0.9742209256297881
2.0668558401328387
0.49746888097858916
-0.3762685826126661
0.7058640284242742
0.490451070381326
2.31985150484038
0.3484110962614735
-1.705145826528885
1.6124791305123323
1.1461497099669034
0.06586595815211485
1.0900003538594472
2.2351498418658204
0.22912668435143785
2.677055050318594
-1.6110072746764426
0.1959604296010362
1.634837147071109
1.5881196098877348
0.5104593124100615
1.7989016375339122
1.425970301227658
0.4825575897901335
-1.203094276103958
-0.424876781687899
1.9142540605878102
1.4139162495004955
-0.017060445623796577
0.5447732662410816
0.7758258958440937
1.0805942229569048
0.8206401688196833
0.27715437336916865
1.2512767346175604
0.7739500229461127
1.1711950175529375
0.2983451702418523
1.9519088788500643
-0.8761524432354297
0.3283331794623561
0.1313546210506871
2.2874479280775137
1.2802690020117726
-0.42737457397143175
-0.013592883385796867
-1.404420585449113
0.4486875431983147
-0.2607651632923035
-1.18301130991424
1.23964858583523
0.6976667847871951
0.6107822118314223
2.0457344811065044
0.26218434202239876
0.7569221144702399
1.1075790875772173
1.2754319704208188
-0.7722302002462897
0.5319198312886393
1.5900487391981102
-0.241720294814589
-0.9248677447672089
-0.4728959673386477
-0.336040291349002
0.6432215719660987
-1.1314614797358487
-0.3200797820816156
0.6128668146459654
2.257357015584901
1.4191955415544109
1.41136382943431
1.1341967081848994
2.085476587675978
-0.256910447788667
1.629432855456817
-0.013894971970029132
0.9151904119087239
-1.6117528332742876
0.4309692989742101
-1.1139326238395695
0.11664350843066869
0.8249741129198161
0.8453132016603591
-1.4533573574427952
-0.10613719408626955
-1.3482844391490239
0.07706722850072525
1.0752881866139872
-0.09179614932627576
1.2419954400133801
0.3642051205955586
0.695735198726038
1.5586721068611886
-0.1171436657150798
-0.22021838194043142
1.638905538679032
-0.7039619962480403
3.7907141587322633
-1.0918882881204535
2.29384932593219
0.5505772840615224
-0.5172317967635571
0.9591358115648722
-0.44222863128355233
0.9061068140356329
0.24266371474160198
-1.1144084747959602
1.2184421070713396
1.7458517906845064
1.0802286065967903
2.3406191681651958
-1.3352187475076234
0.05295239431924773
-0.3739297177803733
-1.2611603190756084
0.9836093325661927
0.36465449939720834
-1.4455831175944969
2.0794569596931503
-0.9210783691573987
-1.1833572799055099
1.4934213362592081
-0.20092683732917999
-1.6959595563406875
-1.3810620559507507
1.2913106559656762
1.339683043410541
0.609574893531353
-0.45122040378809103
1.590818015101514
1.2962408262210183
-0.09206116040415965
0.5816545839897512
0.23910411268393275
1.8243050802416054
1.5884199892268704
0.7599958479438891
2.8088102769954517
0.24989785034145037
2.2551804942451668
1.8543838216230661
-0.2569002198843362
2.2169890141102138
-0.908262812143741
-0.129276072661208
-0.6701246088827346
0.04488892638068376
0.8741496279601582
-0.7907639985548235
-1.7821016916092618
2.397793085393538
1.1729503133910513
-0.1035305356154386
0.8139880713961559
2.4753097760281877
0.8560177083097344
5
2.8281590825685106
2.0200442912425687
0.8136443767068849
-0.168151901939619
0.031140432879635215
-1.207201511987155
-0.2785535260268497
-1.1469125397998179
-0.6019526211783857
-2.383052478845036
2.1393144391231704
0.22880368508643242
-0.35743821236934425
-0.7621446367268616
-1.224846509225146
-0.6499849172379976
0.8160151766376426
0.5610821202946495
1.1774426097900619
1.912226004471461
2.324053604218901
-1.0034474891124374
0.12004238944526144
0.05831861874654366
0.9776708529586775
0.6317534913691878
-1.6643583622524942
0.2994303191656386
1.7509658853861154
-1.7060366118891002
2.3155317101593447
3.300062966454229
1.7123455303741695
1.0823472462044308
-0.9724316798304978
-1.728719740408661
0.024975146680547858
-0.764488095820423
0.1897614599936166
-1.4763156443877035
0.5140973118876924
0.717199222223933
-1.032461637100769
-0.9631210008822617
0.03289360542538636
-1.02859116844329
-1.6361646796317695
-1.1233364783016258
1.0780332176003622
0.09033949695951603
1.1263091808864918
-0.8129164000651237
0.677849793746614
-0.21030474500251634
0.7529703285932905
-0.5325462471178721
-2.400616638525603
1.2037907026329582
2.3580452326821177
-1.482902814645735
4.444159692537253
0.4105131858213743
1.709576584656224
0.345882249334907
-0.8786324186906359
-0.7103620062978981
0.9637350057996436
1.970455100555408
0.2902239625681
-0.2763423052365298
0.3401620500380664
-0.21657988738465617
0.6087178633335564
-1.8745698825600423
-0.43169506106280997
1.472952309719259
-2.7277269685887333
1.2622881853980994
-0.7676853087196612
1.9467224678649553
2.5746217191830816
-0.7056546639963115
-0.5064772058553
-1.2985555860675329
-1.843440550890621
-0.9336209372657815
-1.8439117735897286
0.034599237460187504
4.2185157869009124
0.1161805902686395
3.713961352510511
2.922562279184377
-0.33497981281780437
-0.1393655673901795
1.5777791839065682
1.7092571596869768
-1.546046266218319
-1.5641950668653772
-1.5819004040143787
-0.3513175829627865
1.697770846400427
-0.5550025331788607
-1.1268096342164315
0.22126000049232192
-1.3640707086682797
2.9389176175543645
0.6740332184177095
-2.3062652228730687
1.6557572603090331
1.043970171083166
2.5580975560318002
1.6031871936595834
-0.6286958204398486
-1.5633552937911568
0.055884014671336434
-0.06157299297784801
-0.2649121193189092
0.49194841956895335
2.4688195429137374
-1.2649661459474308
3.3664216987364908
0.7576809221501806
2.09170836111853
-0.93307604993755
-1.980767399700756
-0.3803486644561644
-0.8984580016057014
-0.30993572966699967
-1.0744856888861416
0.007846311855204062
0.5171444809167597
0.5899598948945773
-1.587238642838267
-1.4921470641293837
-0.9304475968161424
3.237595298231776
0.7864692511483955
0.14831326591726082
1.68790897612018
1.4223328496709096
1.983613394036897
-0.09956900652881594
0.23975885500436683
-1.044656258895533
0.1612267495977812
-1.4059281495543177
1.2177427793426547
1.3119745503307616
1.8781154645388585
0.38069724691080165
2.059027994101355
-0.16747766909319683
-0.5352510740291702
-0.6085435302406764
0.316151890023464
1
-16.337697670662124
-12.946767805237137
-18.464051903301392
-21.552727606186103
-16.90863534977683
-0.07644753212401677
