80
3
6
1.0650974724356268
1.3689375726779078
0.14399360476529727
-2.219981194243705
1.7121366009744805
-0.0507321430999387
-0.7295141486032539
0.33333861028496264
1.1301537419060792
-0.0645514430749249
0.24092816057514319
-0.5547062760370194
-0.6453492016020108
1.7657904990406688
1.1403832909760048
-2.33636535183869
0.854843259124434
-1.5057328754430022
0.583827604624376
-0.8070183012787382
-0.5482315267070131
0.9737342144376101
1.373301105523863
-0.5912800125437435
0.29726918411826275
-1.313888259773614
0.40585192299898365
-0.5049456382761057
-0.42583144801782824
0.28543768032125566
-0.2557254021698413
-0.596446706805407
-0.9649456334257871
0.9104005812953443
-0.47651202156814787
-0.10497791843511185
0.848284073377523
-1.2393536739557973
-0.027356946837925306
-1.0660946514115412
-0.046288218275452514
0.561245618491146
0.6093831484562764
-0.4015227308768737
-0.4668831178628466
-1.0383009778140797
1.016742645058445
0.40575522680816195
0.393334271311846
0.9066168666529781
1.7465547439761477
1.434470047158197
0.6729226095414754
-0.3968098094077173
2.0168952602952133
0.5699450349918148
1.2544949157831342
1.715655438655397
2.3936653922828457
0.6321823887361847
0.18991852454185082
-0.28204260263973696
1.541464251750784
-0.11061629221666842
1.351224255560858
1.6189197318447655
0.7988537302319334
-0.0790897940689749
1.42746758466343
1.4286027733709852
1.7137854995091266
-2.6790274065929394
0.4867015555773692
1.654338450843824
2.061525234569917
0.798990286301591
-0.2249384464364709
0.5015559814385088
0.28406002864633484
-0.777278370833632
0.23323499687349425
0.02745613441479212
0.3245900305907401
0.5672973821546835
1.210038588923703
0.14585267473431177
1.3886183155272915
-1.715746993160001
1.5732356385163597
0.7712778206277251
-0.8532886672815174
-0.6988794825699954
0.7224560356173365
-1.7162672002989166
-0.18082841674198302
-0.4651356817124417
0.9193958314304694
-0.9449844795034195
1.000688609263971
-2.394472531488151
0.6010525615549296
-2.301640611924753
-1.5718198554966238
-0.43897508434085886
-0.6899009345638525
1.0520413225409309
1.9270626086558027
-1.035761903610398
1.0328217254264151
-0.048943902780408576
-0.2982480647858273
0.1592986174260294
-0.6521366599517944
0.34794696271928843
0.09727074614840778
-0.9530204271965302
2.0219184231692586
-0.3017520570400384
0.5446688009647459
-1.6656085302284471
-2.263348985731718
-0.4389245820159501
-0.5110639718577552
0.16058174887961707
-0.32317635887967266
1.9439157681096584
1.4404770306177443
0.2444471933877369
1.0890749061794192
0.42785927929847994
0.41391724901351445
-0.22381083742956387
-1.434537353111411
-0.11366833079526825
-0.16102920932636702
-0.7237901514595222
0.3073989463651888
1.3630600582875858
-0.7782083688473611
-0.910826616872152
1.1976727175277615
1.0584631358551746
1.073597448722842
0.7813398801125091
0.8769518817129232
2.7510273992977723
-0.8291522111356328
1.933088672617881
1.3745894371995373
1.014570631030162
-1.8619705048664024
-0.8268428129936402
-2.6679902747449256
0.4200549105784224
0.333213471637101
0.19944561777793157
0.37355459967705235
-0.29487595438180625
0.3896771405694564
1.507967981317272
0.9049604119984713
-0.23688594305864702
0.13011587072176567
0.10007592605632365
0.5499912501407819
0.33772664341315145
1.6513329305262336
-1.274066221489533
-0.9493642089585194
1.9397925661675268
-0.48449524402773686
0.5342929269183483
0.8417096267041109
-1.3224333449420969
0.3170875368371244
-1.0497492788946476
2.59197421236595
-1.063384908090943
0.4106774296685931
-0.10808560218313275
0.7314202034048078
1.4215508878181087
0.030560811508222457
0.9150676451228101
0.536423072087953
1.5043514358487835
-0.35685378104993126
-1.0321562949134189
-1.5668404437587653
-1.1221442947596099
-1.571607641039769
0.10789387659977259
0.07342805172427927
2.9438925987326043
2.5206360600225417
0.09211483805458831
-0.5479481938768666
0.2837868345702221
-2.250557310888858
-1.4299939752902178
-0.4496929761421587
0.1903374652076169
0.06318213715299362
-0.6833862852579106
2.06098349203584
1.3120904190540985
1.331653943874797
0.7137353153560306
-0.29511582661822605
0.9279225783519747
1.2695540776627883
-0.6546928437799262
-1.4016802202300764
0.8282379257144921
-0.195556646525548
0.06206599427045205
1.331844880617812
-0.07104949702798408
-0.04204504826229058
-1.268882926954218
-0.30824007321309055
-0.9476862749904142
-0.015811707239394457
-0.517464642177061
0.7054550626347252
1.4854094887221139
0.17714631634091202
-1.4169191854520202
0.9989955193190199
1.69607887880471
-2.0050044404708944
0.7952190179560419
-0.43006118372814117
1.8766597066965454
1.747878247683877
1.5957975529357031
-0.2717154810803003
0.5087025352359857
-0.7905980906583059
0.769956976763181
-0.2512823668703136
-0.4188290388430992
0.67676069104305
0.0404223722612049
1.442547931076436
-0.16539185441157273
0.4758804643576823
-2.5820729788067087
-0.20618880697206304
-0.020548195385917442
2.246637557221409
-1.3223464164609096
-0.24277187208789497
1.3898218747353528
2.024508505503802
-0.3455184753986537
0.6425293829222108
-0.9861529346848685
0.2231371704284717
0.8467094076083432
-0.2404405803857717
-1.221243189212735
-0.4626145420148934
-1.0171206595407163
0.9492140302230752
1.275425712743148
2.525770648595289
0.06588865273918443
0.6782864728782529
0.6761000588401581
-0.3169393551362181
0.6317916859919481
0.11231184763838438
1.9142941331449974
-0.417009848208562
0.5708904007427601
0.8732813826966809
0.7711404586048785
0.3274709056664871
-0.9741241033679485
-1.1079543251796333
-0.36051474414085044
0.18161244846238703
-1.080059667639178
-2.136623107121272
-0.7880392326356163
-1.1295944277736174
-0.5155102779872954
0.2683527936652106
0.6082032193093527
1.4988570914327364
0.8364622466632928
1.4323854333875683
1.2686590428233322
-1.329685774307554
1.7966919729498119
-2.026415279285005
-1.4271046453413059
0.714875457135197
-0.5277035341046523
1.3215752491676889
0.42247719815774487
0.40918214483283494
0.4711055195717552
0.4629610217022716
0.03797592070197594
0.8000400344751262
0.5614652320727154
1.8197431282728338
0.929668179335683
0.30046959532092593
0.4295824789364703
0.998566163067372
0.9681579907599155
-0.1466014800982518
0.9630291379323426
-0.43813673057266106
0.40385925336027106
0.14973457430288628
-0.899063132409521
-0.2231357698044299
0.635137412902067
1.9665206985133818
0.1321393334468653
-1.1112033181001788
-0.8018086314139221
0.7594846413929517
2.2995370791073735
0.42884517158251634
1.9987120551808792
-0.24879834253525207
0.920628831787429
1.9488112055725355
2.285407057620991
0.2472081634373859
1.2333513611406408
1.5199571794562667
-1.647130164239475
-0.8316394806307553
0.3319919123191234
0.26886658223395943
-2.3263655413340127
1.6945944030736517
-0.2837564239905394
-0.7725493129401211
2.217271123376293
2.0663048812919236
-0.5006500037536215
0.6918171427995494
0.6516950736310239
-1.9643954678211357
1.018638467748572
-0.08514443037270815
0.1861512446232294
-0.22429794334063774
-0.19190998009881458
-0.23822097626420372
1.9872388705319457
-1.9014882492818606
-0.16796189022644842
-1.1802149632476697
0.9887041120324283
1.5023831175297495
2.644736076339398
-0.650761563911346
0.8340782510995787
1.7870602814834888
0.4884202973137926
0.45109258714238154
0.42297475185184186
-0.3152538047217745
-0.12027196931507747
-0.1499289539757353
0.1717927204755746
1.3272215885726693
0.9464342016624303
2.827779256580881
0.21164895135809886
-0.6380341225404282
0.34587927208057334
0.13951688389402125
-0.3803827709767551
0.3945389074357645
-0.11554394407568094
0.752854708282402
0.18154106707539527
-0.1212236985973187
-0.506426031158171
-0.9778493662876071
-1.9263286397485666
-0.09716155005185563
1.6878480246149983
-0.2543030303421365
-0.3787113015828211
2.1187102501172634
-0.3483858446139171
1.8228225857585338
-1.712815454123621
0.8735865727024046
0.9535197428759241
1.442690315764183
-0.14760006254308145
1.5096841121407707
-2.2703303210684034
0.7020895551420915
1.0508239328953835
0.6716197965649385
-1.3935761682528918
0.9854070205851369
0.8145299020984267
-0.17050889194624103
-0.18822634754227827
0.19082516283658624
-0.6152177745480326
0.7295691565643708
0.3213531290615136
-0.16626110100805058
-0.745055083962691
0.3932113199206335
0.5048520953506429
0.5896002454756759
0.4048585637660175
1.6443467777674754
-1.3686401694466719
-1.2130936206619247
1.3888910000142263
-0.657780905517334
-2.124440744351217
0.2781566724093879
1.2057529695208078
0.3109247038121549
-0.178343268094756
0.4916487636268463
1.2426725660300992
0.73271023185253
0.15534069011006785
-1.8652255363538501
2.4280482014474543
1.1942070820974304
1.0607723471696229
-0.992362468559215
-0.01022813853626807
1.5427613918974215
-1.5310053290432455
0.449980749639323
1.6030548910463138
0.34119391646999203
0.07910074071038661
2.3544085621251876
0.6814634656676446
0.909439889967867
0.6660270217862994
0.05527555913508248
-1.178849305073898
1.2501404296691623
-0.045473568923714625
0.9218547193191096
0.007076490093225349
-0.9117010323539494
0.761347449905085
-0.6784429335549108
0.31272884812531354
0.9276481367210733
-0.09288139663977654
-0.38960239678051295
-0.3054139622590045
-0.4039568813054171
-1.330966839349071
-0.33472516811192454
1.2596712510514747
-0.800150087705188
1.7193599176065415
1.0663483352543885
1.0266591734507764
1.0061993687433781
-0.9460289870184019
0.06637698523336047
1.0289458375239482
0.8309203727115421
0.29805132334606255
1.1050017934742375
-0.19522408493993262
0.32555647206955596
1.8231054780945297
2.097278799913447
0.321196073176458
5
3.1797397336715214
1.3390385818763804
2.6963820614792113
2.2583087905878045
-1.7946477408341497
5.011074169600028
1.8553804309833615
2.347509551311461
3.0729058390928925
3.2792140380192407
-1.3039979567195825
3.6806860546436444
2.727183791501191
2.979790375119771
4.244851491947084
1.6689232349102796
-1.6726966539197299
1.22059428946534
1.709390591498699
5.563671780701324
2.1473257750763017
2.039100945155774
-0.5640473287335187
3.3165907487618917
2.925654589754604
2.7170883387241482
3.0482827813174245
2.733324347150848
-1.4257954544644476
2.330113699743848
0.859086084094096
0.8516950699454454
-0.08025144910064913
0.7869711776706616
0.4437956725079596
1
-18.75276229802065
-17.823681221390046
-16.0886794768725
-17.341479799705684
-14.85958038636521
1.1093893001010993
