80
3
25
0.26660758772305976
0.8025383330821313
1.6302124792603851
0.9911684332525138
0.7555637309389418
-0.2839237598773485
-0.8571169085420026
1.3590500794325355
0.2246642186049757
-0.21278926573282364
1.5585262790666468
1.068463366738194
-1.6490485201120375
-2.045496042857348
-1.0924044753299669
-0.9612118746878983
0.6691748373539378
0.472518296929267
1.0920492452152355
-0.5605689933548805
-0.07174028808864119
0.32595618549109123
-0.7856991584873556
1.3693413672768247
-0.05884272592199473
0.6019359741056078
-0.4334308445298458
0.07590295429337283
1.2434368445269595
0.9696494325593696
0.8047798278075774
0.5240560616984004
1.7110554631026171
0.9376568029725495
2.2577144062945558
0.8616558859329002
0.044947512163266666
1.049061831358979
-0.5852929286264393
-0.7522368675329486
0.5974010648462987
-0.5787957774641631
-1.9499631613560058
0.017999688334650946
0.33685416018803377
0.8818147521202905
1.1976234082731325
1.822758233661092
1.7614921135210189
-0.12237292375795164
-0.15961836850267075
-0.017628976682351985
0.6020844535308417
0.42609492629356704
-0.5739033152044779
0.5423097830249026
-0.22256033678688014
-0.20795817541497041
-0.8175470155539939
0.24060588114584824
0.9180397791982221
-1.846198234569466
0.3551744151814378
0.5101807087257031
-0.8171680118869172
1.0571108139341496
2.7570545183200683
-1.9652492217674336
0.36590203304049135
-0.1623148997587733
0.5659121512768764
0.47352209404042794
-0.2052921568403801
1.5436936820899516
1.1230842389519013
1.6400243143055966
1.3407071880291948
0.9999370367518041
-1.039871795239698
-1.119206248187246
3.0757049264088105
1.4514090311020016
1.861846600405836
0.6571180981461928
0.20637815674230817
2.0827085565501475
-1.300823826439575
-1.8722009747905979
2.057057801432857
-1.2813315890403392
1.2330534130354873
0.311681246372714
-0.33388866302929965
-0.7575884305702291
3.163706445190638
1.082030849853842
1.188909309254518
0.5335630087140819
1.1906160865311781
-2.018461018518144
-0.0069894686107188145
-0.842837235935113
0.48317537443230585
-0.9349437301423215
0.05033204302095259
1.680057231408674
0.2340807921939689
-1.2662785350731545
0.12263787446652426
1.3939622157766767
1.0107269066540465
-1.662873491326809
0.8685447875636193
-0.7973297879154416
-1.5404686301965864
1.658788900877352
-0.5250253370956505
0.39356183727112937
2.014924306791995
-0.40281207394428065
0.04286806086518473
-0.16304215151501644
0.9044375943421232
0.8403169907719389
2.2768525800246073
-0.7004501277305029
0.027835847543210633
-0.21706491439499065
0.37471648309904476
-0.3951063839790031
-1.4913976334821049
-0.02127549096717743
1.862356674136046
1.6541003919623218
0.7021558471612543
-1.6668403190784193
0.705826697709805
-0.033115585786693186
-0.5819167328276874
-0.26518520715648325
0.6618677303577775
1.4279372291038541
1.1944729023782452
1.3054782570888426
0.603894724777144
0.6335610823920557
0.5992319262115996
-0.9190321389665893
0.6603618980997034
-1.311504155620784
0.3742556710561298
0.5236640852686766
2.499638375105362
-0.38115212164323087
2.0491346531586103
-0.7037093450120113
1.6563924068514566
-1.2058901111897726
-0.34106262133855325
0.5472875727604014
0.19071648549050088
1.1422297182454195
0.9434501540869017
-0.032921328474697295
0.9462440534080573
0.33297772462309994
0.11667819480857437
0.2727102995514824
1.614922581912255
-0.8139076207564033
-0.08195100233296357
0.10669215956156942
0.09816116342337705
0.74201544589249
0.29576732173212134
-1.0372357827863177
0.7504633305022312
-0.2923221087685054
1.0137262633856874
-0.13441923813814582
0.5160759886492091
0.3074828966048399
-0.5055262705152366
0.09451191943972265
-0.05186886550264342
0.7751630789368846
0.3155178404882999
0.13575281501027864
1.0773176263753093
-0.9785734522435419
-0.8551862610308558
-0.49317097785355085
1.3806744890658178
-0.01778896582003993
1.6706008498627054
-0.9517604293770194
1.2904918399898953
1.555336939794176
0.13662498712263837
0.3806627634535025
-1.2988828684145646
1.8295986123234944
-0.39575079201596797
0.7325265582093203
1.7061391212090256
0.12954205369542612
0.928341400933676
-0.8338169371250844
0.518958189510682
0.558957865827475
-1.4589062436698055
0.06022295724932024
1.677085293533899
0.19397164857236132
-0.21613168044218659
2.0596603989562015
1.0677594931000334
0.15689426472961154
1.2455971767784273
-0.2716078043956292
0.09107520841151247
0.5563867793654365
1.5374597041622993
0.3586364989469257
0.9269286222773341
0.06520731861382217
0.5503016334428737
1.2514399747955294
-0.7585305285256876
-0.6894116871311302
1.0770009122413466
0.12077277722239466
1.4086174330199073
0.5271961075975847
-0.8314452606933012
0.08174700978245475
0.43823544586324326
-0.8776378516023594
-0.5135145853447786
1.660837639846785
0.14126533976602418
-1.379837739392685
-1.5015001468267741
-0.08125973396041636
-1.6929217192689339
-1.329200978100116
-0.32137485952196426
-0.2863153855148335
-0.020600863823275903
0.20124778228686954
0.21223315662236425
0.8068483261622186
-0.1967404804698658
-0.36911397846550087
0.5115930399991786
-0.2606765841174306
-0.054357186686571565
0.30119601188003203
-0.7063235315380973
0.3341343423625506
-0.6424284923890783
0.7367001393411889
2.035959909699546
1.1318380748974592
1.1983546089245622
0.8899552711230811
1.1006402593602544
0.04450318033400569
-0.715377462847322
0.020591450193169287
-0.4217207945852993
0.0238277570115768
-0.2327258179807795
-0.14200619051458777
0.6671956816848056
-0.4531353714133962
-1.455885168208539
-1.1272347815027872
1.656677201025551
-0.10540529792924405
0.17801976528295288
1.5469797514379926
0.7671890835737546
-0.16388127500957766
0.9100525640825101
1.6663844730896782
0.4157461621221486
0.10455200009226587
1.3596936598382394
1.4432477323920803
-0.2430399302606232
1.0852627530719652
3.1005077640008927E-4
-0.8648900986493705
0.554964319915106
-0.8027395946281636
0.44617437880602445
0.2664368059599695
1.53198262711031
1.7237997789326651
0.5149852153258511
-1.129206279069244
1.5051848661192737
-0.05152264253307015
0.38785010637348216
-3.2328347724373283
0.3033856355904571
-0.6498440728001157
-0.103456675862345
1.3420052861920952
-0.13799843864452438
0.7929924738171925
1.5974184542130958
-1.7868858897458009
-0.05214313148158925
-0.8067081524481154
0.8799029115338465
-0.7331606654718742
1.1528836399605755
1.0406033954955254
0.6668159345794495
-0.08616887317369919
0.9059967848834185
-0.034288773421211075
-0.8129082765279567
-1.255683332796533
-0.10238056060656871
0.10429554192177543
-2.311067145443232
0.2005675577535438
-0.7817053081977339
0.2656186096987279
0.03675508496665322
1.5320422314176976
-1.0025875847235532
1.89018350191668
-0.9109405251704601
-0.6621209176926159
-0.7711195446932979
-1.1573151333386265
2.2037753083331117
0.7346733080071618
-0.5980959810067108
0.6230652054988562
0.747873246598413
-0.2640053954631063
0.9408829074883228
0.08040061063396994
-1.6866538863909948
1.510602511229929
-0.6635591417059097
0.344093564524556
-0.13194337090781658
1.4807176956386694
-2.013910573818671
-1.4489811785627436
1.0632645265356389
-0.6140230586242359
1.9103928390415916
0.9208303376351189
1.255067822992599
-0.9726475329826927
0.8674542463932712
1.307724956446841
0.7721805066860503
0.8360739657031688
0.26637400661740285
-0.2938575851785078
1.5785139651783062
-0.3782209635230106
0.3748342116135088
-0.29444553917829336
-0.23233748592665376
0.011604360657205418
-0.869403785155299
-1.5935857889987664
-0.7565895981695555
-0.9126849632094884
-0.3434719074499121
0.5665489166402312
1.393150680679409
0.24326573945200045
1.6515989754659375
1.7789304570866362
1.3886837358988837
0.1990948760041507
-1.2696593740007447
-1.3671396653796355
0.1802185699758868
0.6883579513647835
0.9803428994080547
-0.21070420006992885
2.604956512253609
-0.9656731009689176
0.041908878987939
-0.035693798458564005
-1.7152711822061553
0.3231879529809475
1.1475223259141707
0.48159164701996954
-0.3856754250432312
-0.9769220082761664
0.3677928649794311
-0.638998583506013
0.33590542243017724
-0.3561939194048758
-1.4826681684733034
1.1927553208482509
0.5821075154577258
0.8558685169215289
1.1107812557903678
-0.9833150821949731
2.516996863342508
-0.2861211531715029
-0.8890531029736876
1.8609472605949895
0.04052321878761375
1.8513208890651685
-1.0096075050099762
0.30454599024749995
-2.319205365198036
-0.20495424187452094
-0.5395612444567458
1.3383458806016673
0.9699572332321785
-0.725020161793358
-0.1758046410394926
-0.06210612049091283
-1.8698873699539131
2.8929880450389875
1.1351268025051722
1.9153528165207157
-2.2570902781601583
0.24274347395880047
1.831081472167197
0.3750319079197527
-0.7438210796228764
-0.11767637478007195
-0.42821314929846555
0.07081008315213377
-0.1505964896022337
-1.4691813231250321
-0.7393756395724294
-0.6984230501268298
0.8111506191703469
0.4686503567544318
0.20777292085095428
1.8325558921523228
-0.11285608709669617
-0.4948468116243276
1.8533986227722121
0.35968208654585254
-0.2692299785300907
0.6214244872592114
-0.7187376405046138
0.5791401800149516
1.8909543585324242
-0.23215274674894773
0.7134260159113586
1.4923016651266183
1.32726715991747
0.5445325849503782
-0.31481530503496824
0.6357201788655371
1.0643239076656896
-2.0904321929214937
2.9833384993599443E-4
-0.5226169815079597
-1.1825883158363988
0.8787059758915529
0.8837646060245818
1.5825367030462045
-0.05271935546164904
-0.6121068056070702
-0.6414525807851149
2.5846715391751287
-0.38273861816837546
0.9693475040654589
-0.06612130450415406
0.5006550835392065
0.44307362302930925
-0.6243482869550999
0.7311106454528936
1.4441447401369414
-0.8373134574266502
0.46474457493289556
-1.3581243991140555
0.0826522021141232
-0.5399749606602313
-0.4025218750155444
2.2317340664479004
-0.2740888581687716
1.0472770903601467
-2.0055583155852656
-0.472392816651651
0.3318774823461692
0.5047280872365619
-0.10937187041890142
0.859113443863999
-0.5799280359266735
1.0707454297943013
-1.2124486659057463
-1.1084518534822456
1.69039535135796
-0.25908316117260904
-0.09642662657060919
0.04327096571195653
0.3873228611731689
0.18284897183634385
1.8574888419300493
-0.7512549506275119
0.36313152118514386
-0.8729208055639626
0.050518554363615534
-0.8975229148567581
1.1791557575440925
0.2928435108945293
1.0602871487471122
1.0126534232067743
0.9027148047828142
-0.29450180413406113
-0.18655248537592187
2.2423804614926897
-0.7755239524941432
0.7022895194457612
1.794396042524152
-1.692016335206843
0.40412281512128867
1.017555594867036
-0.44650753772944035
0.3870688478798002
-0.40196858986905987
1.4475743093759235
0.18509917826322955
0.6902256579902049
-1.1841261819235191
0.4553360002882629
-0.7354130063167174
-1.2215590032998622
0.9642141435847215
0.01727722748531206
0.04127540621659368
-0.11375085542400099
-0.24171347957281097
1.2761325726813928
-0.6947567200015008
-1.2581086900422014
0.40963040560733455
-0.6954312780703997
-1.1078107532721901
-0.06674523788891662
1.4641692926460979
0.7345952993373207
0.8636315513089803
0.8082849151450894
-0.666009473586655
0.615979110322681
-0.6245607167802185
0.5466535587446382
0.484683591343388
-1.4584138406197085
1.0816244503119754
1.6547005634726597
1.0053351860798487
0.3910546734546661
0.3071753103221906
1.1235868544849026
-0.21988295966976384
1.0538859315497004
-0.16666526117365213
-1.139743568226193
-1.0734916561105339
-1.5351275406832783
1.551161026932
0.7144568924766719
-2.2480393239644916
1.9487155411210886
0.47064848025897976
-1.300896964211409
0.1093723479465378
-0.5828201507825689
0.23032251652164298
2.424923255744964
-1.2970102655619244
-1.6469345069102221
-0.2994299891378115
1.1329233720456253
-0.9449608148783606
-1.038840238170033
-0.35465128338371543
-0.4982482871450547
0.14141849474076792
0.48839527954471257
1.018557721012633
0.07659506616224493
1.438837151689657
1.096728378501803
0.30110517829628275
0.9699077266998288
-0.2876976526159718
2.9791810504058605
1.0557985514521293
-0.6602712289352062
0.3969973577615549
-0.7132131086688771
0.16699980308718143
1.247996159312541
-0.2420614090547944
1.6320489570614602
0.42018154460545465
0.3301522991389116
-0.7131296727222988
0.009741399133606082
1.205269006925315
0.8175661590484603
-1.6375111351406302
2.459285050491756
1.6412037271696756
0.9827265972598483
-0.2342426048515341
-1.0493016951408032
0.7767677902951239
0.4725553581317744
0.8206841364211449
1.2192786695905684
1.0855721617007155
0.35935374379427054
0.1353025734304909
0.05661648632128143
1.0922863237247202
-0.48157412459665117
0.381689243032323
1.2014470197752136
-0.15315590531874562
0.14512680918558557
0.315721142614911
-0.2984812941142178
-0.7801218901556939
-2.4664517593124216
-0.9652540692407413
0.9028539049056941
-1.6226425500743937
3.3598169811757277
1.2037986181564422
0.05936325225379651
-0.6047125671267265
-0.5166775420742014
0.18429201363255512
-1.1556469604244646
0.8288444583418231
-0.2981434450974374
-0.3756325215410457
1.81623431633173
-0.26427784978780644
0.33484795525848404
0.16286352171036134
-1.5076092672846195
1.8174190865921789
0.13753504542753328
1.0129946824844556
0.1615725603317504
0.5336745681181165
0.476505522038812
1.535849076704839
0.0374598096103878
0.8231935221432557
-0.5536538838288201
0.692416000867803
0.5861484633295031
-0.4306592126427749
-0.04154808280546736
-0.7936790305958701
1.0972460417787884
-0.02694798995274363
1.2641522893416266
0.43527084190530596
0.972411762642089
0.7404576920328814
1.2613439442309162
1.345563031771179
-0.3674123703172689
0.02079614390076258
3.622902363403778
0.5796451269234315
1.8995799245379232
0.9848369906619743
0.950686805997263
0.10251478470212247
-0.01909979277320495
0.09636874151809467
0.6949458198522958
0.6895912947087777
1.0350876079867075
-0.22554955238852248
0.6219472851681036
-0.3976819109949087
-0.6295671249478406
-0.5201017745109505
-1.3191003881163514
-0.21335872780484222
0.6594042063969776
-2.116252412782853
2.188824265906129
-1.5246814840928393
-2.4559058240023686
0.8854596363025993
-1.046112627012597
1.9933184693629018
1.0636675571050023
-0.4310900851722658
0.5964756822266666
0.6986728654146948
0.22109760201805176
0.3033454746793361
0.9272962691504026
-0.07765696249517125
0.659786706607286
-0.11860286578537907
-1.0235867014329043
-0.2677712281167529
-0.5557676871739243
-0.40821650214420985
-0.19511254214313897
0.9081535687286794
2.2542720272052525
0.004793736570925175
1.4433320150736735
-0.7235660648958874
-0.42766141287577725
0.6530040116647012
0.15673010188467776
0.9111342737794274
-0.5117803685778582
0.5797643231698583
0.38085956187936376
1.6425770324120303
0.4434063345506924
-0.057622598929832625
-1.1086987353333944
-0.2596133115733172
1.2497389602627182
0.8675751413633024
0.1049367985273365
-0.7746446009026372
0.8829114283963367
-1.4098800265191311
-0.2869072721729748
1.4165902310283107
0.40360833869441837
0.7280333537397888
-1.7805207341290523
1.217962472371918
-0.12794708773326155
-0.027100224401850656
1.46378458179657
0.016296612727839593
1.2086369645934327
-1.088377096825277
0.9603918269024453
-0.20647157653656376
0.6384512648325166
-0.04150625395306405
0.16236719073097639
-0.7634094472187074
-2.0014382344537887
-0.13406646533351604
1.6980300951007707
0.9599144501581097
0.7828249424931903
0.9840986529681169
1.3734937995885967
1.7504131808466177
0.306385680780498
0.8146156856842766
0.8811770521032571
0.7667594864870333
1.4405287785894059
-0.46694328507393845
-1.9557843415120624
0.777674535011011
1.8624713124793444
0.5115947612843491
0.8811402167709301
0.34304869989212544
2.073554312134509
0.10199680364281982
1.1170665059261142
-0.5305678261599983
0.7820403506567646
0.31164544894554397
-0.40038152197928745
0.023190604487634943
-0.4610213198874803
1.6063027168088289
1.6306952594846609
0.38018501428546825
-0.1458187210781711
0.4478413143016998
1.308362849888356
2.204272909566638
0.9035188872680009
1.7534849240607444
0.1889304840904636
1.9293628187081506
1.4314577791206762
0.5928314484835018
-0.33685280508144516
-0.03056323477607
2.8190671551848827
-0.6513825381440471
0.03760816478628383
-1.1124188250089773
2.254724039021698
-1.076858434775022
-0.22421799737408585
-1.5373434077659969
-0.1144876817673801
-0.16663878662080245
-0.16718103912684085
-0.7454523094908895
1.4212176131208136
1.583331446033658
1.466345533020347
-1.71601423810872
3.3600554380400802
0.5799453808362259
1.529761823755542
-1.4971172397742327
1.0616892632021613
-1.765153852975145
1.5307169966429603
-1.3482952103563948
0.43789466408334726
-1.6030085933094345
-0.15194948760989907
0.2854216211376624
-0.6703428449662211
-1.4608908636924205
0.6183148935139646
-0.043375026924986154
0.5506128941240516
-0.8053001470007415
1.239803673094418
0.20177693272957908
6.399099332355523E-4
-0.9751900107763406
1.8629761229333135
1.0386021981193938
0.7800597954189794
-0.3029272810231858
0.6146831787788339
1.106397783275899
0.8248595411754345
1.5807829492369707
-0.07726132620005358
0.6683480444913821
-0.02069667522036002
-1.3172360552841091
1.025317485141239
-0.13046389429610333
1.0307824017477873
2.229670901303148
1.86100839604681
0.07785259327596136
1.7972712618512703
-0.14494462335139577
0.39497451259311656
-0.8599711509137232
-0.39032782481937256
1.4441592578189462
0.8323816041532589
1.3712355130878833
-0.566951237612675
1.8437328604832286
1.0106792460238612
-0.420805255353822
1.9329439082869544
1.5139347227962212
-1.1331375330827531
-0.1154703848837422
-1.1863648233026958
1.2500070573279647
0.4502847803160071
0.4524289793413875
0.2577234304269164
-0.04746343779457649
-0.07558435560780173
2.4211341802767157
-0.6086409300385397
-0.9732159187951266
0.6636529260399032
-1.2779840302467
1.449484198897424
0.21859181842731606
0.42976104364422185
0.7740036340562537
-1.0466083835837645
1.3609127702271397
0.6884119482936398
1.5846038205261563
0.9638618758910993
-0.04532946750265407
0.7841849130533006
0.9798077951608674
-0.34476383251822856
-0.6666734223274706
-1.269224570068905
-0.5391448380199719
-0.2807178505666632
2.2114056391351
1.2252651440145876
-1.217486096567106
1.7585931681328746
-0.6987217575958423
-1.5162919481333246
2.5433456239888717
0.4402163440339573
-0.32012959557364284
-0.31588447632473876
0.5642887059858405
-0.5014385714187375
0.4288749138882711
1.0125177349316385
0.6073124775951695
-1.3975400409174605
0.3406154153171427
-1.0184361831344217
0.27754175103441614
-0.007561600738444529
-0.23881013995383504
-0.9509453469924505
-0.26584777381342095
-0.6619207044072111
1.0032337641160138
0.38894882337039
-1.3440472291712855
0.9727256898721613
0.9887216016497318
0.8017796775483267
0.013923198265252533
0.1192973110833066
-0.24566538025676404
0.18698433981138857
-1.3446246759054408
0.15255468327039462
0.3348267081188094
0.8898281880642315
0.02266303238575651
0.1414948903594066
-0.5861606809303127
-1.4872883614334005
1.8758360070524085
1.4842162486689625
0.21510184270970634
0.587312231709429
0.09665945717926484
0.9558510852075026
-0.027909935162070312
0.6786260446129473
1.1313194829287077
-0.1747934770447297
1.5346792729224252
0.7933118959042098
0.8917285952619075
-0.7192277315690772
-0.17513413943773498
0.15642922113201027
0.41000947810975036
-0.5380331961649351
0.6106493668546221
1.1268166955697778
1.3304664994230702
1.1315201074093644
1.421217117158698
0.11996093529377358
0.3367904337381146
-0.2765147546085153
-0.93000364684912
0.7082195239358151
0.46090281376272085
0.27435275685862526
1.628762963523788
0.284998148048095
0.3589756328033793
1.8851301619744558
2.2436274653618566
0.4297482983601028
0.6608749119943031
-0.3037570887461625
1.8691209285319812
0.9833949915850385
2.887894455278883
-0.9414219992902536
-1.0856665840758453
-0.9056822836248714
0.8172266602501775
0.44286505766316636
1.1339906637981945
1.1965235186505043
1.286294074768291
0.27228571232451515
2.6043726569920596
-1.1132875400840962
-1.344876258771149
-1.1855952420600686
0.4005351486501643
0.01602266117923911
0.20109801817100437
-0.32588101937466063
-0.18202541049643717
0.7832523053113043
2.956754784475571
0.26872163474381133
-0.11641333513747695
0.7360028118774202
1.812273846634913
-0.31752992526403323
-0.05298119041332703
2.250172086452314
1.7813427850635832
0.5817653527206244
-0.5309401122508379
0.39472253371963373
0.8187679028221309
-0.47497308947718414
-0.30652059161062994
-0.9292747910760933
0.6683055880221095
0.04832524079629198
1.0035020308158704
1.8119443268552964
0.9238670829268443
-0.010335253467767758
-1.020761438505945
0.8012901544645598
0.04012272425562345
-0.8148424747860192
1.2320190995901792
-0.5419901593007774
1.6541161274650573
1.2174877353180955
-1.4553772933811275
0.3787866358117442
0.002096084563626935
1.0860085918055913
-0.26252307288401766
-0.7764646140182395
1.0508293450348622
1.542048668691916
-0.7271114384183032
-1.3988717305461553
1.4306554225090715
1.9056704576551293
-0.9254706006294843
0.49355594179646833
-0.26552816099532583
0.19627939064855301
-2.3502952008182914
-0.07108732460800246
-0.2625166894358307
0.3003984949021652
-0.7738023230714753
0.1309459814181935
1.7223018786863993
1.1849484137404096
1.7168302178779231
0.8482618830367431
-0.44713851564396884
0.05441592237258286
0.1773590903505466
1.552190284351871
-1.1265161786198115
1.8937310857203
0.31313251681403526
1.8309172256631365
1.1053518367932826
-1.4931628988923844
2.0634126857441846
0.49518027448499313
-0.04656294225543815
-0.9924559082681582
-1.2507716237365842
0.4174035418990701
1.426008856616341
-1.467364846676624
-0.47162118093461997
0.9420302323382139
1.1543624757066762
-1.146298713909432
-0.014245661322852966
0.41400281352915674
1.3479187893659792
-0.6467155065213521
1.2804056635343921
-0.02519637179492419
1.0775338455495818
0.8928071023042841
0.7697445797166866
0.28133443834290517
0.12423821868303778
0.8668866801520921
-0.3762948684975027
0.13359262582865541
-1.3060743531708365
0.46910341249313303
0.9139920420565615
1.0850092646298806
1.254900308281811
0.588935311032166
-0.18831224289504334
0.716346935509374
0.9627547916663399
-0.8887537476938587
-0.42757355943584385
0.33958695041539083
-0.6876556777899149
0.7534978652591067
-0.19229702173891686
2.6984991084246572
1.06959704581727
-0.2570418374713955
0.5310915325617973
1.115468101605743
1.3032671191949656
1.4983639449179267
-1.5914512361466955
1.1430056974527951
-0.5086871665163663
-0.07198450823793814
0.3450622933938368
-0.03706988398368051
-2.2902444256807204
0.8410553731316772
-0.11863493202349873
-0.8310252389512723
1.4250262981158226
-0.603277992029189
1.5860007160989154
0.0159822462901667
1.7023435299318768
-0.48284758054545485
-0.020671514671414384
0.39951749954152016
2.2805738828920235
-1.0001079635494572
1.9240857523445278
0.12558003159466086
1.2191892757595975
-0.4206482477413486
0.10250564947199184
2.811882421702024
2.463930149633046
1.006524445872652
0.02361350845195386
-0.39925603504945095
2.117702706153551
0.29718135328750983
0.8088956990522124
-0.19131016379219717
1.48343961141412
-2.093094712582696
0.9787151241667084
-0.09380035163025877
-0.4366541173588269
0.7039581798228639
1.1137208221727248
1.083128932525058
1.0531681746151502
0.7528247810800439
0.1772022155016928
-0.4296361807128901
1.4037630482986296
0.4719186289774537
0.35974325702708954
-1.2948717835583636
-0.603166873379
-0.9522070739339715
-0.7481302042607165
-1.6527182516576182
-1.5474747396700619
1.5602521534705882
1.3714189078574597
-0.20078704470230752
1.050266804979365
1.1364984847852946
1.1638951830974569
0.41673075266761744
0.9103291681781924
0.07741685621597294
0.7049483127880126
1.9097309431893992
0.06988960364997185
0.5590332683007925
0.21452962243197995
1.7571552471929786
-0.28733665841590195
0.27678411283206417
2.6688323009457946
-2.14810404550678
-0.8315974665630295
0.8240938170640151
0.21178570462261864
-0.07861149385526042
-2.1866255039134885
1.5227034384552063
0.19234462573782485
0.3532965164648206
0.2262805063463609
1.380512019494654
-1.2379890452546223
0.11097796484916109
-0.08309167291827173
-0.3060617392141295
0.13787996967764454
2.591807466332839
-0.21728994524791764
-1.1724348070569008
0.10852375745813476
0.2539869102197915
-0.27458132282994036
1.2581534903267444
-0.605648745643015
1.2532629642192679
0.04232654489645357
1.6500407684656953
0.4752654451256936
1.028849833752654
0.5240418437554064
-0.129787432356017
-1.0042131375384442
-0.2447903442937367
-0.04496890273955616
0.44282514668510825
0.6578038434053769
0.493855250100268
-1.4821197151130738
0.01877154874032405
0.9248464447139155
1.185015349703716
0.42468700231828493
-0.7112352320862152
1.9100340781645389
-0.29126563057065114
0.11102614007753599
-0.5185470052684762
-0.20434290744530886
1.4868526870440726
0.9635980583151743
0.31742224971758803
0.5381674817960845
0.40612545577645204
2.039112279700214
-0.0307890294250322
1.4637228648019565
0.44846923467215477
0.04058040740917976
0.7229801993465166
-0.4930389951693648
1.3420154994491984
-1.2555273134658347
0.06736520771822864
-0.9298022888747232
1.2963206789145298
-0.03152622101400628
0.5965919445474266
1.339440193418434
-1.5723378260279437
-0.8025204997539893
-1.0379002935617279
0.769727885910364
0.36422530098431294
-0.8599711150433754
0.3651798022841739
0.6769844171604211
0.5222476649431228
-0.6289978287923425
0.6774137940831513
0.5998697555884731
0.17793097827079746
-0.29336862711349654
0.6863300785633104
-1.0091733108599101
0.7338772584127289
0.25082040990690274
0.6734124164627905
-1.3848375871684446
0.39416659009988964
0.3452847280768044
-0.34171103572640515
-0.38227033496518953
-0.15095791385010576
-0.04954792110793499
-1.3684187734343896
1.5645342060691696
-0.11308362059089236
-1.2275645203980061
0.288971097808737
1.6563845742650574
-0.4027798373487245
0.24484364383076995
1.024751587982254
1.280022411539533
0.4642457744679232
-1.1560691425495164
0.538424014953002
-1.7518616551301607
-0.10140082941463888
0.9497900810757433
0.6391414282197672
-1.0557737101451017
-0.09264604691768813
-0.6583383655986368
-0.19010757978838394
0.3779569995468087
0.21242885923118116
0.06474431117487092
0.8336789822625567
0.4812997364994603
-0.21674579002308558
-2.504983238293425
-1.9243904978381925
0.8484807242376867
-2.053995803236912
-1.3749708465589177
0.4042736946861448
-2.196112692096562
-0.32513636671533164
0.6707466164640984
1.6520091280668556
0.494938634969564
-0.10175735668752561
-1.2436783303158558
0.5440269154889871
0.9600087893173659
-0.25348625399491265
-0.3995381859697952
1.2665043683995412
0.11753541459420412
-0.8957489225610499
-0.4349778671788531
-0.6997422643409466
0.5782394442164183
0.9340104194333883
0.023422438018247838
1.0983400683893108
0.6947089300487934
-0.08008441627758997
0.8792362995966847
-0.5958056643231227
-0.8540610792160421
0.7772140737020705
0.5910194035593668
-0.7495305301328473
0.25842847647894157
0.841842522981901
0.7444412566225546
1.5531762806479024
2.034026102196046
0.9908016383052685
1.1398023874339644
-0.6365930547249474
0.21221963304373526
-0.3678735451026889
-0.6627467691578702
-1.008619080186379
-0.1840555816324868
0.651904268766892
1.066041085693367
1.7105361641638264
1.091433662634249
-0.5577824560551119
0.6907708726508042
-0.34313144341575313
0.2296071233582364
-0.7335106729183328
1.0761619040366415
0.36483250861953787
1.5488185748508148
0.26923810885895777
-0.33733807725779286
-1.8709352298571265
0.33888167164594907
0.4467169085715999
-0.44950941376837794
1.6037929267823305
1.9493025502408345
-1.0175663923904124
-0.44709331903738975
-2.0059412755039094
1.1162170836415712
0.43385128746119195
-0.600785052211052
2.525721701004394
0.7828348001168188
0.1860146417553013
0.6819401030945895
0.9225405141943077
-0.5325386118190819
-0.6020543651666597
0.7223313922404024
1.2802145699788723
1.0927237016738285
-1.3997876970843761
1.2866778498079674
1.0880564753319921
1.1213287611534986
0.1804834106731846
-0.6571541411879867
2.6451848595877845
1.3168418257639785
1.0092752088026273
-1.5759441633803557
0.7186037550070419
0.3735896074943446
-0.812814090214158
0.026384879451065414
0.9530252718400134
-0.8496797051651134
-0.5356562741384213
1.3612433179962777
-0.6536192831805696
-0.36485937254901035
1.3666078697238067
1.3402636616587502
1.0393463641933522
1.441005216909006
-0.9278056955627602
1.2591943594043078
1.952394502242892
0.26145022015108227
1.518378098878581
0.9790885249286853
2.1950438555598617
0.4232239904213718
-0.10275180005655585
-0.34920282087190757
1.259581986425785
0.1973948634958442
1.3855537328717793
0.8933012651019238
1.5475711837273396
1.5317783657202373
1.3618420593828702
-1.0582533451069767
-0.45457639314272436
0.32736381657724445
0.7115524061211802
-1.6881807716207438
1.4704114612773875
0.37088133181387906
-0.22821936141565385
-0.439316440520403
0.8624299315635824
1.4847779654761273
0.5140195640150593
-1.0081426188582077
-0.16273068756318737
0.435826027386802
-0.7458922773339727
-0.4733297027863023
0.5072409612998093
1.073368496414561
2.7201749254026937
0.575925707359659
1.338134726060747
1.7447391777470795
1.0405684747372244
-2.042011809790704
-2.4986790626412456
1.3442895601460367
0.4115984345154073
-0.2126830948004375
0.6970270154402849
1.9086088969796147
1.3407695129295256
0.6691996629904265
0.29870075679115443
0.038445071469911954
0.33495070263533494
0.5539800052064494
-1.3313569560374665
-0.1479911410630538
-0.8199482944659584
-1.0436045930552007
0.11017366581175486
-0.5704905840709033
-0.8207069925874333
-0.5386377681964275
-0.4912282332007208
1.083011997939948
0.0026472101984631596
-0.064307244306608
-0.3600078150286903
0.8762295530179027
1.1822524960414111
0.30523749991911964
0.9101958076002192
-1.1295052546063011
0.9595554938423654
-1.6892903540928847
0.7997055248677685
-2.4468013806245046
2.132801943955497
1.07810918160168
1.771368492160011
-2.86802963028572
0.7857833188879376
0.7980003343617382
-0.10025902541986406
2.7671404254377565
0.30341564254982795
-1.710110845820802
0.5984647106029921
1.0704943869225738
-0.19632595109082646
-0.12652881947194
-0.17428455286107306
1.4574071740882304
1.0068800204124402
-0.5800749483954786
-0.07268138260152027
-0.6168839449352574
2.0187329612153477
0.6262031647055007
1.7035332710152642
0.46549602357303477
-0.1808377608970706
-0.3739931656371239
-1.8187452241371618
0.7488326536947137
1.8723841753614023
0.843046825477373
0.17579424913846478
0.8775632879528321
1.1227279134861763
1.5440989584929616
1.0772790153814922
-1.1818206964551732
1.6425645099102961
0.6996279899147032
0.034017480919281626
-0.9466964053758811
-1.321779179979642
1.6416598213098743
0.10931185539005342
-1.6314469328156922
-0.6469186599022887
0.9407620849049961
0.7284602677524721
0.4330435748171542
0.8307100806541632
-1.3596853326076381
-2.0415447227687813
0.25843855174697244
1.2769120961839777
-0.1699091445951084
-0.8847242040130341
-0.20834823867954663
-0.027618180953353874
0.2527494876100201
-0.0861635647946157
0.4800257313798657
0.8195503962896523
0.3669633051351231
0.051554925639505936
-0.3022502940506437
0.9985543001684319
-0.6035245082897249
0.6163314222736052
-0.8672404831551185
2.192914720830551
1.716720469470685
-1.0363867490504741
0.9751565702825706
-1.1304365523622488
0.09248221309329882
0.6297714779808893
-1.1284889583411544
0.7182520635288934
1.2733539704888786
-0.5999021907009463
-0.25705439532325725
-0.6945690538792788
2.471508221382361
0.7558689330008556
0.9365059780546666
1.5493346298148827
0.10659669550607112
-0.34719763968198414
0.817245248124635
0.2053131702939448
0.9361546939251469
-0.7310314336638811
0.9821241042271028
-1.0432367948641046
-2.018021973673098
0.8160640141607521
1.7825174173556222
-0.5691157955462347
0.48396360724356335
-0.37044248386591794
0.027997172242271436
-0.606704604909366
-1.4340335788518883
0.4841717841731022
0.5869784560738116
0.9015583966700534
0.8004971476040136
0.33549810894024534
0.21586030565732134
-0.6532438998069802
-1.8539509591629741
1.6012574976240197
2.283607933071223
-0.6475062407107719
0.979337987457251
0.6338751366266522
-0.9250015228006271
0.7202007064978366
-1.1716319490100393
0.8876503462186071
-0.8928281166189189
2.1563600383245047
0.21190785649236135
1.5969775126876475
-1.2523192140325272
0.09233701002141524
1.9040841254080698
-1.3144303264839472
1.418650808709119
0.5623609607512716
-0.7652049712978506
-2.711927706458543
-1.0399097777299688
-0.5846601576930492
-0.027680084804191325
1.5006694277706814
0.4413916554156172
0.2375169539142801
-0.17417586619857467
-0.24039506071977879
0.7156715103744913
1.5344849078232534
-1.088555938409152
0.4931869321359462
-0.6251950901680556
1.0944019434379604
0.5689792893207879
0.7779052431122124
0.8139869820857057
-0.07538514715760726
0.002835100660836899
0.46087093419260516
0.8280391916292927
0.5960416488897697
0.26425970708387103
2.5623741516359604
0.23324085504817538
0.171216158579024
-0.05993502559701648
0.0023997259199767668
-0.6371391855220196
0.7571199123884365
-0.26131047983967665
-1.1876855051327195
0.7167473247176948
-0.30777746657755356
1.1752437768000639
0.3908754799606194
0.7824893904187118
-0.3484086429331068
-0.27843642996626233
0.3455392311326964
-0.11190353714757217
0.19287644085465744
1.6287174328909129
-0.4164275365476771
-0.5348346930043828
0.8494468889157855
-1.3957414123708713
-0.8783685041008286
0.3749235478555113
0.2974616196188046
0.5417736718811065
-0.8177933399532191
0.07026982994852525
-0.41911945403388473
1.285450335301223
1.0186835227568813
1.0850498816297593
1.1301822836775899
0.5800772885414255
-1.0238353196074477
-0.09874541136691756
-1.5437691910760556
0.5197937237701099
-1.4484826552293355
1.6104631069640476
-0.09875328796099224
-0.9989674417283361
1.4189788259044231
1.0117411692372476
-0.8972590065610355
0.3443989212497194
0.38820456195012915
1.0167999091493676
1.2190468458277748
0.9050168481609535
1.536383250016113
-0.6613596916517374
0.3983034947309289
1.5315980945956993
0.40211513017685757
-0.43463230865843194
1.934729642015545
0.059277624845028784
-0.8317121179081228
0.9689017504451872
-0.4824367175881118
0.3495047415427532
0.15657845072875196
-0.3158570856606034
-1.0365075364920397
0.46774343674305696
1.28687509040403
-1.0184264452249263
-1.20575675876768
0.374247074676966
1.8898964669318419
0.4378035268269249
-0.6915107083830025
0.7632444779314265
1.1933432939919748
0.8927543926561874
0.5102190201729472
-0.9221908472146263
1.2653576528686934
0.3523177086645907
1.4644253487577363
0.13804706758601745
0.1648794936907425
0.6498045339169123
2.2049359357573763
0.4132432623565587
0.32806571813962154
-0.3478990661169977
-1.3292757444382703
0.4400516366182963
-0.9072005890109562
-0.2674395895432291
0.7976180173929494
0.06958349430098974
-1.619819062980717
0.6384635298297372
-0.9298387518927658
-0.3322748350646458
0.6637165436622027
1.927722671316069
-0.3091214438678009
-0.8497550969484916
-0.3777323848221903
-1.2988511881081153
0.02319002120604574
-0.45156657333975236
1.0449518616225124
-0.3679434236869789
0.7387200193690362
-0.7305511333066751
-0.371599482362699
0.2818821564706952
-0.5227155559110185
-0.3259635016049017
-0.19445400638124985
-1.9961978101042253
1.3120641081854318
0.2976629387530828
0.22314523745752435
0.6299797684502514
2.5314944512732525
-1.8407501998095017
0.4992246059359094
1.234105849227095
-1.664187574916945
-0.49115043207835163
-0.4100998852110911
1.0076967565514325
0.7093575965318041
0.7199222611255888
1.6338003350785153
-0.3849873449903784
-0.2788227158562089
0.3529937434259015
-1.518409081667041
1.2300973933245127
0.01234319568436068
-0.5572754343998444
0.9262256580022471
-0.493506010449974
0.15917212706556624
-0.2237018083828627
-0.1698546155573359
-0.08761082892565039
0.8528447962099918
1.0511179507994695
1.6231543631704515
-0.10396203405237818
-0.9540909654513494
-0.9816744503691703
-0.44645113687972254
0.7151392107867991
0.06797907330715541
-1.0600347624493647
1.2334496967514943
0.4902146976954997
-0.15426950560072955
0.1421325666847556
1.7830190030791226
-1.030078771102356
-1.3005847919218512
0.8279336254171273
0.5521949859540327
-0.9324215429579419
-0.6922955968362321
-0.1612866302393136
0.8925319896739049
1.6400041793263342
-0.2484642602317746
-0.014917391931732499
0.3732633351200835
-0.27826742664629667
0.8562176382015809
-1.239646987912419
-0.09747585524208563
-0.5511689108526525
-0.3548407124257704
0.35901497787014425
-0.03538172484083429
1.7632499262273267
-0.8656050700383007
-1.4883950021908516
-0.05869743562856107
1.127342562808139
0.7495518972624593
-2.1335903354813617
1.4264174403448542
0.19786968454907047
1.8470036952695665
0.7038826796422147
-1.2009414875233304
0.5776000418962314
0.42312569268978173
0.46826668818816874
0.028490042361125893
0.48356127493071327
-0.04502847275027139
-0.7482423269753012
0.41287666274351664
-0.524405005043042
-0.43269125260479874
-0.4868257073172648
1.0902034362662065
0.05202123093860819
1.0804179788366306
0.6378973097009127
0.995782444914386
-0.30826767580941167
1.2775714039401567
0.5677470677531614
1.6583691859923764
0.7739925411228054
0.1118897021100558
0.312388166907616
0.6083491478292007
2.0847409349107657
0.06351563394593335
1.9929835249292427
1.094272892474102
1.7854957879318234
0.14344010813863217
-0.33040446896463155
-0.5959792224621691
1.3783612103069527
-0.371922581928974
0.6659361958772565
0.27030621001339666
1.327779127208846
0.8476049309007609
0.8106002533774181
0.5297146084535101
0.2672847434955332
1.4834248028069514
-0.8261734004826653
0.12686280213954185
0.42884269959404353
0.9805204258406799
-0.30187973314024064
0.07002239793239776
-0.4776908019199675
-0.5997740919652976
0.12398883717638624
0.11675742007050537
0.17438151530406493
0.9298961241052617
0.9446969078750459
0.6927351092035077
0.5024104417362649
0.09499291404912955
0.09551894588554032
-0.147353990851866
0.5271004547548429
-0.12171241658012986
1.5677411950286744
-0.09243390788299836
0.09816767702374561
0.8026297948477289
0.1579995309626387
-1.7992961265611087
-0.301700092916651
0.6100195390833654
0.6310360618664378
-0.14360543115794022
2.6426438717675813
-0.5701448567496812
0.031277466176089015
-2.2376464240366984
1.0019541185378495
0.6367635810917395
0.9242985735589767
-0.14814005764144814
-1.3235752573634465
0.9758044945421526
-0.06612612164341239
-0.011583751839540479
0.3503987405644166
-0.3812434391423546
1.2403633880790492
0.4897132381408994
2.313178617320164
0.3788143724342275
0.8071267933669366
-0.703023842410905
0.47636898385778415
-0.2545630884910291
-0.6925110279702194
-0.566839504311295
1.6998449044422368
-0.7897580216727528
-0.12066987088127822
1.59896267585481
0.49830719818406133
0.7020700330247293
1.5440011620339196
0.9428044531639752
0.11493112249831104
-0.5355603601721508
-1.065746145660222
-0.7931318974631207
1.0444580588225396
0.8142627774988381
0.18019889400220854
-0.27769424114404667
-1.1690579133859522
0.8776383861013262
0.46625457735671466
0.8231368003854732
0.21000676792073603
-0.6159689311510854
0.6156538398115545
0.2564264365332351
-0.26543383030307777
1.0905608556464716
-0.1809024080219544
1.4949886139609514
0.10481465791678563
-0.3017915258331213
0.4557754223920519
0.5145563622003322
0.6529856543755403
0.16315227927691822
0.1119828161161698
-0.5999187931516663
-0.8364830241061051
0.0645398407066738
-0.06530806471853712
-0.3653940695024588
1.0362505109819151
1.0436817534288587
0.5875167875673233
1.2150591747166148
0.46395890837784315
0.494529331491447
0.48622534631854497
0.49415681338423695
-0.7808592234862701
0.921310980860885
0.8109987838555729
0.5442446844588658
-1.0557618745592374
0.4661438923844257
0.4500630523615134
-0.12280285199046417
-1.5537027135861248
-0.2547898254459847
-0.1993096754076195
-0.48952819325126357
-0.5011576217769672
0.6548221822148885
0.7577895115026277
-0.4792739856260171
-0.9824907725197469
-0.3170387438685969
1.3771807965055998
-0.16867277663281044
0.18729102932384037
-1.4108778720124737
1.3011831621928485
0.31996597533478965
1.3452632603911638
0.24336073089918225
1.8111062243898073
-0.364394560024333
0.2518738528935319
-1.4547079108246272
1.2277711456518696
-0.8897566055061131
6
-1.1727779804400378
1.2626992230023
0.5478655766053804
-0.9402186847407199
-0.25896307120851797
-0.8775178837380976
-1.53298881385488
1.690099093695611
1.3534116924727764
-1.000555718412324
2.385417765157438
0.27916610008924797
1.3235793906506657
-1.318317250478075
1.5348734804241893
1.5805889161628226
0.8215577340737004
-1.498988959692933
1.6329079107305564
-0.9590051537266936
1.5266932466843277
-1.7153296470492125
-0.23722307389395425
-0.7808451460484684
1.2101244264192275
-1.1931942583516286
2.31185015827291
-0.1357613102069139
0.7689798458102458
0.3042742598665354
-0.7209391676248272
1.0705249610631355
5.069176394510757
0.6005647780122806
-2.3643965528590623
-0.13861466401546635
-0.5081008133279419
0.2504371410840003
-0.40169519163372014
-0.8954922766491545
1.0837829562784578
1.2071369211610505
0.17330054483312388
2.148497175458269
-0.6483367435398552
1.7329549374982716
-0.5556827291818058
2.890328587944529
-0.3203697831119555
-3.1067633830678303
-2.212975948489306
2.091449910658334
-0.19902417253664595
1.0534611541700079
-1.3641129466513282
1.02229105112728
-1.9326064656559343
1.544997864313947
1.171744423210658
1.232954802556262
0.19648036866994084
0.39603306524562915
0.7747043166133722
-1.44039090909891
1.5726287288273395
2.258629882778066
-0.013275968181784017
-2.9311601365900946
1.3308446147406454
-0.35234792783973773
-0.6135911908529694
-1.3892410603058243
1.617876611790453
0.22300057447492863
-1.6285920934023501
-0.08819091069814766
1.6843317972039848
-0.613484644376651
-0.23875414762118513
-0.4221621052605263
-1.0756378562665174
1.2343532031436895
-0.3404625363769559
-0.14099053383691745
-0.28187517367247295
2.562538846442973
-0.3895852964728411
-1.1355641373236736
1.646628810396576
-3.8734678123695185
2.7050801935945348
1.8054871189302757
0.14888148663770184
2.0081569611793184
0.13014388976087815
0.4758632737554315
0.33808099089449994
1.143732281963823
-1.2066235124791496
0.22339545570072733
1.8399350923239703
1.5954286365602355
0.20292385073082392
-0.8386435750848047
0.5316971892502385
-0.7199879065463887
-1.1300505537395247
1.1469128889031444
0.5529771663876415
-1.521031826905999
1.2150077188180646
-0.002636726456962543
-1.7276591468718576
-0.17302186753375226
0.4610460824086529
1.2177566744631396
0.16553422034200166
0.30015199222451466
2.367233380036618
-0.5519020111053787
1.0451781088632748
-2.02725794980706
0.9198640901926618
0.6493332508990861
-0.989530757755165
-0.7233402341088224
2.3882718523662807
-0.5053127849390516
-3.252427244973763
0.42463227528076525
-1.353697179273521
-1.5255449074398635
1.9582376167296407
0.08879825591981794
-0.5106842806307452
2.693606031872904
1.2840330798081132
0.5231056007510347
0.541410544813896
-0.43756458646049323
-0.7278223404275077
-0.15837219173278255
-0.4238784312052453
2.1833273064593124
-1.558967455109198
1.4037187194795135
-0.4015367824900773
1.2004181616254341
-1.0640926047642845
0.48616180667223396
1.9614290265014132
0.8921331422591642
1.8791697391982591
1.3589428712137832
-0.6115849613164704
0.3596476498308552
1
-13.845605228489786
-15.157533909773749
-15.150298949128954
-11.236587661163018
-15.320235988569333
-14.764054898314386
0.08316773286206249
