80
4
26
0.4950724032294148
0.7992844854767164
-0.15006731719507188
1.4646477512066152
0.5198889614323392
0.4075143584349156
0.42643224468257407
0.9149345735059866
-2.492112515895865
1.0094384008609538
-0.5493327158475078
0.5946562921341206
1.2920519021380235
-0.3629705831548959
1.6088373998196586
-0.36357668172586355
2.010359804444143
1.502953156510809
1.011998005462316
0.241812234751708
0.9786348254930946
0.04787775724172875
0.4540659603554355
2.298604265597504
0.14095756230280204
-0.053843476036765495
-0.013445402848659652
0.19770604639136977
-0.987198158859434
0.9266212477869393
1.4397759072211327
-2.290486965305578
0.24707610208841674
-1.6402947320598893
-0.7734706456663655
-1.051893040106268
-0.8652983554860771
0.8855664279384918
0.8363092100333587
1.008201586742424
-0.4751909959772747
0.6680491361889404
0.4302771024885265
-0.2607800915948869
0.021850615850544527
-0.03636003655846497
-2.190031132974438
0.25602115851671314
0.2365702915518807
0.42339708570437845
0.520718112322371
0.5610207139137713
1.6559243672761061
0.7388542321116158
-0.3148477779326681
0.9602323963009325
1.2549587108573794
-0.6863651921105121
1.2755737362784096
-0.1552897125714763
0.3182645006997605
0.6053023311274683
-0.2705120100636341
0.4581575477304284
0.6370209774768418
0.3481006775200574
0.7806748296996351
-0.42005034497073573
1.6586954121760096
-0.806955441853022
-0.5364865641382952
0.665510097207907
1.2208765509186845
-0.3214971144922573
1.5849663635190676
-0.6537666774239816
-0.6766031333244752
0.308824952370756
-0.48350400267846266
-1.9943620113597467
1.507828458101513
2.25002228157896
0.6072759733957195
0.5602316759806181
-1.1001142770797976
0.6028083543736581
-1.3522114048195433
-1.176769789984684
1.624850409899102
1.4324985814377544
1.7733018091947341
0.49066880663227824
0.6451996157362779
0.010477111498581507
0.23200208405465178
1.5332362309129755
-0.9729495024325017
0.4811412599244183
0.3472362556666346
-0.6333468474415619
1.1559271675546163
0.9962655872715812
-1.4345082594707366
0.8849368298412756
0.12670956383605247
-1.1644325570429328
-0.03807824380394311
1.0123256913680876
0.43321976526772893
-0.31298890008525493
0.3826501796926761
-0.00734054970099729
1.5187365093052447
0.5999498807777077
0.6549668322795827
1.3746773197600404
0.4006690906244449
-0.5730634433931048
1.3260873965131734
-0.2406328405368035
0.890488817716239
0.5966417008893963
-0.07022204696911216
0.6025296131488894
0.5486672072139542
1.4509095552182345
1.6582802450069727
-0.3098663318416625
1.2101281246275248
-2.455326152484879
-2.4900166993019073
-0.5599703527402322
0.8252662469620999
-1.3503563857953422
0.4792156152256968
2.0849110723364834
-0.20821504012449643
2.0269196768334137
-2.4026573377072014
1.4946691097160343
-0.9177512613766081
0.4231830348805873
-0.5493160936844904
1.0898656738354848
-1.4655206650629122
-0.587939119761651
2.0671794720607912
1.049090377786251
-0.033767893015925234
0.4444202685158127
0.2484540296798395
1.2416470350678135
0.19238275949680558
-0.09637992867031545
-0.304616657608342
-0.20892047698547378
-0.39367356485706384
0.13175170992490548
0.6144097740842565
1.3498536564114265
-0.8281613212506582
-0.1633743977206822
-0.25381328002091963
-0.5435954988508157
1.275672549686414
-0.6826860302340406
-0.9230961335459309
-1.0100287514126949
-0.749600147292881
0.055672975003312586
-1.9861397060409212
-0.7606195076947098
0.6397766796407579
0.7078323561986729
1.0008447108585188
-0.7853794939622692
0.10495600307332091
1.9627845337016132
-0.7230933803033659
1.0444268642565586
0.29418075770848673
-0.2573074236027395
-0.31120403002705715
0.7684830540556735
1.5074073184661856
-0.4906870614827479
1.7489525847881193
-0.9157949127807151
-0.10032718800650678
2.2255246575654786
0.6907701960132842
0.4947441621940361
-0.9329778255848238
-1.0189048961148184
-0.3835241200431947
-0.20882725925588796
-1.556900284268235
-0.37934677777068315
2.35500068997023
-1.388700043972112
1.5958072627904158
-0.10551065912151764
-0.6813284479695302
0.6982812046501872
0.8729953601469262
-0.896900733802801
0.07780798062083949
0.8152583466483564
0.2463703448166204
1.659957788380869
-0.8557035179283128
0.9319048712313562
0.29466544190390026
0.22361981982600532
-0.46817863725753633
0.4785596736930491
-1.6052500723815464
0.6905360274424744
0.8414558378796516
0.3413585807299667
-0.9067667230197803
0.1022414956743636
2.4800552302151204
1.0472654598018216
0.11569598807218015
0.038908872924491286
-0.013702195435019635
-0.07928996744957494
0.7634420346187456
-0.2523179546211707
-0.6895472259858919
-1.0780452308636412
1.1902662621470017
0.37198496570134687
0.15390791148733549
0.018218009543906136
0.11235454995223551
0.8291801213816443
0.4404356413987163
-0.17161477680622914
0.4937202021582814
1.667701070143379
1.0042967969845746
-2.6860674122427555
0.32681456664783703
1.817912728511949
0.2681586995682008
0.18511750812832534
0.2313341121953039
-0.5962207169954893
-0.5341150472296771
1.701070735590212
0.6613367621096876
-0.23309736898373293
0.7701032137476546
-0.7156006977274092
-1.5903953950540248
1.144293358102477
1.6593891025984489
0.17650585458139129
1.2155320903668008
-0.01777594033439782
-0.10079271907608192
-0.00939070591597757
0.41537395897302454
1.9665410995130583
0.1201046519089331
-1.012953733008016
-1.4720668829165648
0.8218380183162755
2.551097237925482
0.7215696787155382
1.9452855431317895
0.4738441629112156
-0.5280346333355261
0.10243102724660727
-0.5152098358193467
-0.28402989248663935
1.3141149559861534
-2.1308704910500404
0.1440727221812309
0.10578146320801968
-1.6654596813962126
-0.2851795532473886
0.8905071773135824
2.388593955218928
1.6383324858549937
-0.2912760528772169
3.0734278101908
-0.6015902948169815
0.20528116578620936
0.10401326256302332
0.5049509765166929
-1.0186705812172439
-1.288291333435277
0.40625087285145806
0.4748742401303005
0.06500817002444617
-1.8743514428848937
1.950224845172894
0.5705670386600696
1.6699277680234248
0.9845599930447746
0.20382766124831894
0.22194365798911853
1.2026526671445197
-0.035283187416674314
-0.9165882361061848
0.2769327679068755
-0.27996775844732136
-1.4947846188426794
0.1114325776360426
-0.7810592311938628
0.7600274427074218
1.7527341551981965
1.9975456106460185
2.275582465687131
-0.4313160002824961
0.8205373383868956
-1.6236914727104486
-0.4865010779644784
1.1615937265278864
0.6617163204689741
0.6403083001001287
0.3032064178205026
-0.1490845622830614
0.9393928940917509
-0.4673319940948756
-0.004694655162789892
-0.6464118557079296
2.297783349294714
-0.2546024950429854
-0.7753969808158451
-0.1270005615848343
-0.09654888476004098
0.33349654764239156
0.8157328592606068
-1.0329956936156632
0.6934483733120815
0.16714006125803232
-0.10176367260376383
0.947664049227126
-0.1661356963434456
-0.9327769559882813
0.6576438436445482
0.019343516532555505
-0.7891468891305838
0.4053960435318663
-0.7803142624195911
-0.3213330430433459
0.7615882831053074
0.1909585025392526
1.4304438441945124
-0.7482619290346625
-0.39766248990602826
2.619483209016425
-0.08184796735549585
-0.9078194700357576
-0.26813273172663704
-0.1871977134043511
-1.3712026147794354
-0.3289289637247089
-0.5863770466410168
0.18985133011073807
-0.14569031416021638
1.0314972146053127
0.4048268510203115
1.6909620316003133
0.7566583439934028
-2.636280659587839
-1.7453540695647036
0.35491159123133975
2.1148456165144887
1.042967329329886
0.24938101387869915
-1.9652347628501552
0.37294259717530076
0.4057986121722927
-1.0085883854897668
0.3149600203272915
0.09959992667099303
0.5679659498855535
0.9057512731254868
1.7964178056413327
1.0565803204396962
-0.3922116087054456
-1.578237530945723
0.5788759399210648
0.86802985842558
-0.9904458437465591
-0.6362869167681041
-0.08248991605260309
0.15102521305620348
0.17531998927200712
-1.631195480429542
1.4820613757547119
-0.3263275246100874
1.8216485203563153
-0.5508257865239579
1.4893666762900781
0.11261331753035482
2.272074687827691
0.8133092760724169
-1.109129151762955
0.0652959774577152
1.3502768162075613
-0.39928752653997723
-1.2636198875260722
-0.4138436862609737
-2.0780894791525957
0.43109350397219687
0.2508375512448345
-1.0347076837513347
1.2813327680882796
-0.6355949871309978
-0.3845796240495282
0.1460819947981085
-0.39208174444864985
1.1309541576200113
1.342594217363774
-0.3956646845680363
-0.22086438571267775
0.8968753959275105
1.6771255380829093
0.4710480140530981
-0.026404165986109306
0.9745479717913246
-1.0534275190418139
0.6917754324442709
-0.02227127954176405
1.5601581742972743
-1.4418080315215311
-2.938853862945444
-0.08045184500599414
2.7329017081822546
-0.14727912146764233
0.5648818717841779
0.6000674375895799
-1.6394522288551971
-1.8177929714871008
-0.5300814034630003
0.17874053440286822
1.2643159186426292
-0.22539822660011594
0.40235512842304444
1.55538313363569
-1.6380312643356618
0.7141729247772507
1.1502342634964544
0.4991946966900444
0.7562526771538124
0.24301157474994126
-0.4149846163932744
-0.6713202753015859
-1.1553716806003271
0.9043623488376855
0.872226067528258
-0.985329139606822
0.8076463479283618
-0.7431703152383959
0.02168763023211767
0.47836457798274484
0.08597767128058006
-0.22451186628504904
0.28825998024721655
0.9892049936530302
1.051651791906523
0.9504043212053394
1.4697651305350823
0.04759538870419326
0.017729548457271392
0.3673395809652827
-0.31866648712874057
0.514745847293113
0.9205941189618045
-1.7387913660008567
0.34421698070292833
0.19263746544576
0.15632770797509934
0.404397202340454
1.9555335619979135
1.311945751022449
0.2297154411199473
-1.3460200926011952
2.031090584450123
1.3329409606168183
2.0046178530831766
1.0633907059272882
1.742105263556681
0.3710774059216208
0.7021661202913927
-0.6293766164858635
1.210927121661805
-0.09842533749843059
0.5073294292280566
0.18492906424579983
1.5058806213015588
-0.8184029479639844
1.1562180943882963
-1.811759964735757
-0.40254727985786876
0.24089647590429397
-0.5272587049577792
-0.44485473060605923
-0.7214964075082639
0.767683101376468
0.26193073101855285
-0.6404742755427502
0.6601872937231388
1.1936264378141939
1.4135364453466226
0.05417033905567174
1.2976048935405982
0.6989968316393819
-1.1267343542311619
0.7794074677818459
0.1781105143167753
0.7407583054372676
-0.3308020742379597
-0.6116016170328599
0.8876026321114893
0.9905499038278008
0.7840653766988257
-0.794673030314353
-0.44093141557941234
-0.9626021916041537
-0.7891901716214431
1.5457562618773608
1.5209507212216387
0.37482063362693135
-0.3623015343193194
-0.6202452680536124
-0.3537897944605376
-0.5567684631017256
0.7072842462728435
-2.5527425936099033
-0.16097354964467492
-0.00813087238547431
-1.6840712274093381
1.5377777306900438
-0.5465414775589506
-0.07062111459540182
-0.03043904547202292
1.4557073858704332
-0.6298999726134458
-0.35396075478240835
0.35084104149143447
-1.8754402802335546
0.012842271264178182
1.7410542579808919
0.022220112256676555
-1.5571115276830132
0.007966702552081935
-0.3465798252227247
-1.2091887694287102
-0.8052057222144628
1.2154931459463376
1.2356342463649812
0.5685385834728788
0.7040897232585492
0.48485755028371313
0.6408717479658559
0.7637230055999673
2.0700321323090813
1.9798208986730095
0.3442112588610574
2.1983042695340065
-1.5764682339303135
2.971328747574538
-0.9387790728752194
-1.5127822224750231
-0.7165458857046625
0.42280259515020446
0.35160525216761795
0.4966496418275352
-0.29931465823407566
-1.951131634934382
-0.9353262382275841
2.1138877100911584
-0.3495959831905118
1.0318661293617322
-0.11437982568010105
0.8367069015258394
-0.8766510869632445
-0.596667538391805
-0.23777290014949998
0.3355749402143759
0.5161116371066765
-1.4471535142203196
0.6305683628388743
1.5193937233826291
0.5202925924768288
1.6804230007603962
-0.9249756157499344
-0.25382532440356337
-0.39694454457840384
0.39070022133287563
-0.9227585347753904
-1.6581965220108748
-0.5394755648149614
-0.3974010441733433
-0.3753480706003666
1.1135818492635314
-0.7033114067459237
-0.734978139994531
-0.9851517919416629
0.014508035765407525
0.5401891626474843
-1.113637059528243
0.33708492302878934
2.360310544691336
1.1260645143568704
1.377036524675277
0.6801552265748243
-0.7720813781239475
0.4559438418181285
0.5843105982943306
-0.32419084726339265
-1.5219980772498276
-0.7688294552904381
1.1449392368844127
1.179462543243699
0.37628271713288103
0.6626683958848079
0.8485776987348828
0.6771597033564618
1.123054684100012
0.3147695983253381
-0.7220147629293697
0.6452199782825533
-0.5727822627909351
0.794318386026463
-0.16572845397956024
0.6364065222411399
0.608901095309773
-0.7476473964581174
0.8785231286625658
0.5958765168256446
-0.429698986288949
0.058744611533658835
1.2669297647486626
2.198255582354425
0.48661488596561053
-0.1966527697820978
-0.5280773156017333
-0.24032289375756755
-0.40208386257395895
-0.1661578655455735
-0.09122983939590164
1.1733638704267082
0.4129216150074647
-0.18022436045021756
-0.15352207497492046
-0.8633876301555865
-0.6378639450081087
-1.4730621652058444
-1.954819367567771
1.3934479142003948
-0.7757989270807524
1.5266506524750243
-0.45022872436834616
0.32202291070120603
2.1113383954202347
0.3664126746829294
0.531662193515039
1.0940268857218785
0.6961604103838809
0.7884141923345775
0.7266055538551017
-0.8914636205092543
-0.14112328680578656
-2.70199906902814
-0.2690513542659181
0.9933336120021853
1.1221776395654564
-0.026852400141155433
-0.21869722196624633
0.6917209931272553
-1.73458360663212
0.29427634219625937
0.3589228787317469
0.9414682003792401
-0.7211401028797854
-1.512110424212775
0.5424730443572134
0.675281407351381
-0.49296048561134687
-0.6535712578246157
0.8222160035510373
-0.7106945646207642
-0.8888150038149638
-0.9320354323778149
-1.0394074637273165
1.9316325020207992
-0.3770579642636315
1.9569560764137583
1.7943146594683057
1.974012062440853
0.002513664867309466
1.674979564093142
0.41590070498085085
1.1374619944337498
-0.4628742080719765
1.777387476482017
0.5241645214378589
-0.2315860139618953
2.0154774281329586
0.4703869633423889
-0.2308531187373148
-1.911519478635862
0.18827540609797377
-0.24999492733600898
-1.3642656529800428
1.1098486312343874
0.8025448378047482
1.0874307376349701
1.3743981744418658
0.1188293670011028
0.627029752725404
-0.019850972844190073
0.8859204306173477
1.2736512330948264
-0.05752535634089016
1.6777149959079538
-0.681039839795196
-0.04661455384246514
0.28605677890925924
-0.7599801414313401
-0.07888375136523867
-1.3613635119465486
1.1112572384933916
0.19818433169262933
0.41669923376412427
1.195756221320429
-0.904591329092179
-1.9544366535418891
1.3996062331328991
-0.8075203798678278
0.27824137069046256
0.4185315066752493
-1.5492677006997393
0.3049398678127444
1.8609976088654159
-2.0191004414844653
1.785976548324486
1.8166586288615825
0.5069235123377879
-0.5597304212363602
0.3782406498414391
-1.2267589679829694
0.36365770536660663
1.8615205520546652
1.548149050128559
-0.008015611502732861
-0.25345590415822306
-0.6470557397080592
-0.8281652118967381
2.9358810467119
-0.5627897198207142
-0.6388292878783963
-1.2020430711329233
-0.6543574673792721
0.880011907296951
0.00790987311422844
2.7336562887851468
-0.6449058840751734
0.7031670253890968
2.4671254082917975
1.2921830882576655
0.7646613992013479
0.13100916847685914
0.3696588713571362
-0.48302939675485657
0.7280013029244586
0.4347984748202521
0.21318237183348873
0.5495146211214652
-0.5139611209798868
-0.6101928610522335
-1.6643315832279206
-1.8888370401325256
0.36259803812423336
-1.9436070559239131
1.6574832243529538
-0.5883261893876981
-0.0610057715116184
-0.4957541188063773
0.5031211438148558
0.9368993250183438
1.4271572350199264
1.031326882241717
0.2860644148361453
0.4268323118966638
0.7087888821698926
0.498255043587659
-0.5130592586145042
0.6430646873429704
0.8020830155302281
-0.4418787562616345
2.107350789841152
-0.5122470409140429
0.864705923967436
0.3081839414139801
-0.29036037483074884
-0.07195140136012959
0.14221595479632576
1.1745126705890898
0.07509637836703167
2.013562656321301
0.96218854881612
1.0678951931468799
0.6746826921110793
1.4268517363432633
-0.036656194787873714
1.0411808806436627
1.5209008257357763
1.6334224912628774
0.3170508947766091
1.079362531066196
1.2965342086001828
0.0902816757294223
-0.08369030687688984
0.29983522530946904
0.1459856699368857
1.0062167635712458
2.0052663241896336
0.4515670151510818
0.9678826740396664
-0.8151535523624388
0.03960457285343484
2.1550224189950566
0.12136840336217487
0.4898641206952145
0.3399167028783755
-0.9007838439453211
-0.3092927235819475
0.04848688968515656
-0.2992580980619056
0.5673691472269988
0.8816742220003638
0.08115993187237598
0.4082223124645851
-0.34175396892252263
-0.49219726355088145
0.25573431005244285
-0.6276844282504748
1.983104000968892
1.0055193807456804
-1.3845134481577854
0.9362975300001883
-0.20606296010061123
1.5490199650375251
0.9425667661120058
-0.5397221144037918
1.4764839329836579
0.26642579357131757
-0.5099057794851558
1.0819132890240053
-0.356073635653637
-0.18563354067757196
0.08625767293460437
-0.3193200082317124
-0.10626314052070654
0.5426670102012185
-0.14933325022753968
-0.9856067848358938
0.11999591316515812
-0.8845012119819515
0.3661957348088748
1.27281562118449
-0.6174407735368956
-0.43640743178083863
-0.31247128730418233
1.1202116906631983
-0.37703333490553814
0.9475346248361098
-1.26362043580619
-0.7528935940726239
-1.3394315330988305
-0.862006226135313
-0.4503387796446926
2.421606629511717
-0.9424044332698365
-1.9220757290990755
0.8453313878411929
0.2811327236447347
0.32194990269039364
-0.7810249635900774
2.2645926408439943
1.8714071265469656
0.5815360776806509
-1.7739388213892637
0.5386361482198979
-1.5741644182171868
-0.16923719969896756
-1.4590309087364977
0.05266523780508173
2.141716732183501
-1.041252956690948
1.270021858246945
1.2460519021237662
-0.8042487626292489
0.8274928437541563
1.277696367637996
0.5363057608774665
-0.08289521052666757
0.7205934793303391
0.029567406102271043
1.1816387485865443
1.1478159631693636
-0.5378931914250157
0.7742908674621629
0.9504371326871515
0.0025812999954411206
0.49412192039475156
0.22661744163151273
0.8779069517005893
0.5966545881706049
-0.884910843317587
1.104348282357146
-1.652786430486917
-0.2949678073518972
1.2206126427458497
-0.7608756275106877
-0.9004978445450696
1.2168509273653285
-0.22164397223389945
-0.2108813467933311
-0.46321894869843466
-0.08064601691969152
2.520943611413158
-1.4316337256811256
-1.6412327493730767
0.9668640404875338
-1.369780289403685
0.02082670977440154
2.057691711493024
0.15139198027195838
-0.2571163381480673
1.3928841483311958
1.3397765540370659
-1.7540150593201045
-0.36516496492602324
-0.8406101838755466
0.21124397595180266
0.056973186924960006
-0.08759881790438322
1.3255681545266889
1.0183335032639629
0.3339820628013367
-0.027681235083449232
2.1697246084670105
-0.0049438299482544405
-0.8198618243410324
-1.1555378600958486
-0.08860993336407809
-1.2751343995908069
0.31340498785864296
0.274397503775033
0.3883149403745203
-1.0947922315037857
-0.04373720083620204
0.47516388560025263
-0.13248600419788084
0.16399344576111335
1.2532426054539267
-0.9745513354443287
0.8346251339106494
0.11722069326183052
-0.24012177271264273
0.7821490324484642
-0.5980472374337003
-0.43988320426703537
-1.360596322918577
0.4693774676311385
-0.021480370675482696
-0.6405262546042281
-0.6656196523131465
-0.2566665355320543
0.8597912936005621
-0.2722540659786341
0.14055142087263672
1.7637675363579568
1.1622228959769199
-0.08704440634834365
-0.2886428890285254
-1.4591927499328987
-0.005474926398174651
-1.7293652938352728
1.5700680304188406
0.36976070764195473
0.6337881101579269
0.696302481833328
-2.463592648824081
2.326495578025517
1.2898898376015375
1.7160435564858416
-0.7209678918094349
-1.1774797648416535
1.0043015049337651
-0.6534459985230632
0.74482425566853
0.7521493217368243
0.5302370051363304
-0.7681835676052013
1.4010532527557138
0.6338960142247002
0.9314831795492546
-0.6388312041218349
2.440980674705848
-0.534113314963874
0.4748685815732043
-0.13299771475252384
-0.01600137790807528
0.6028629459175079
-1.4084676267893306
0.5979005654794723
0.29113006191814317
0.603889424562337
0.7323807211001526
0.2746097638369104
-0.5406602696700507
0.3967672876792113
-0.7111246796228217
0.8049112579151875
1.5005677324272364
-0.200781951355252
-0.07643263121318378
-0.8362754241851418
-0.4701323002134708
-1.5867060469556218
-0.13999068041085044
1.1260142315376689
0.4360365401106637
0.8495490348683231
0.6032819258902271
-0.22248259287864308
1.7045252875561476
-1.2620661649993907
1.093580768771899
-0.5447086840702028
0.6258514472154357
1.4310909857721648
-0.5979315992150129
1.4055248499139628
2.441646519032759
0.4310324189225111
0.06191788720469558
0.3807269858257325
1.844947032127252
0.6511499668713676
-0.3337846135482938
-2.215009006513434
-1.0306523643577807
0.2146557204087851
1.3235581793584832
1.8387493735440599
-0.6244113336150707
-0.18892815812275357
0.004482264544324401
0.14244105104676413
0.3542616901303462
1.1999736585187195
-0.8589173392698295
0.19157456950240892
0.25029955062944764
0.4659152439842879
-0.3036662903769397
0.6021218154139043
-0.824608126400465
-0.8516077676013033
-0.1797987819977899
1.1440431357950158
-0.3492353958064556
1.6552204540745
-1.2903135343582257
-0.1061193709575016
0.12649710046060175
-1.7319083838361113
0.7476318043880751
-0.5394561633670772
-0.3980605704876548
0.45950498665942086
0.8838993029330867
0.2772250140999063
-0.8436625017546578
-0.3407979510694604
1.0594228291830896
0.16408405091486572
-1.071944374550772
-0.6139848150466222
0.7460404843542194
-0.07970014309554069
-0.5459515400951626
0.663968378681961
0.45963764111996624
0.39578655351119035
0.5463164069856457
-0.38550315692264614
-1.048007423394147
-0.5261517289956672
2.008778125752263
1.0617375617849172
-0.8522768116684643
-0.037178229174307166
0.014931358602898237
-0.17328922175470557
-1.0799867707368958
-0.9428991158240703
-1.1610591354276503
-0.06962171037078299
1.2282564625366772
0.9088359568678087
1.3465522581160914
1.0637099640627004
0.268506916633796
-1.4619275173808794
-1.5486541568400585
-0.788070698883182
0.13097363448857174
0.796060181988022
0.1560240285782312
0.46620679325477987
-1.2846104210746851
2.260222282110382
0.6518698838591962
0.195786751646632
-1.2886474096165512
1.0534408652261824
-0.08441257435683337
0.0543956824054571
-0.0333873474821926
2.048387837890721
-0.05725128183747523
0.2594068842991608
0.8799929357778699
-0.9054196198170527
0.10949330297449222
1.2468233845123344
2.0492680879925786
0.6726892781992122
1.2243387002072093
0.027806951365430974
-2.190897868118824
1.3820226918906715
0.11605680243741819
0.04307818381862129
0.13316516303275044
-0.8060611884112067
0.021542755796159753
0.8215983428984021
-0.9753192862468844
-0.4332459340145515
1.0577135457537923
0.6684966761228476
0.7201761487096856
0.8700699203283012
0.27414436751414906
0.008020378033733788
0.9999668847436776
-0.6626585844004393
0.977150413278251
-0.5205557239279698
1.2758721535743167
2.3763706130156836
-0.6086230736280713
0.33593413761120644
0.4470677553832026
2.9749415618477872
-1.5349122040384013
0.25793911745007714
1.411068420044651
0.6315781178837406
-0.012291574660057633
1.215705062916662
0.24811669321919008
0.6199736746365421
-0.9371494480833799
-1.0596128817136972
-1.0007493451417766
-0.8890546537681739
-0.5347738370744385
-0.44239034517425013
0.17377883653245996
0.47232521141015543
-0.58855984086638
1.102037911047947
-1.5678616455033114
0.3244820066088798
-0.17193357883275773
0.46908272979108223
0.3637950026321263
-1.0889357155009673
0.47543876983778494
0.5173121300428449
1.0879719970220019
0.7688747446986042
-1.2760468684816253
1.0811632200813126
1.288133155249322
1.2828373344919066
1.047767828242865
1.2161888390401623
-1.8023051104940564
-0.5935529845272348
0.9025071221959852
0.17518461542850636
-0.8748239849455951
1.6628494437674548
0.4048778776019769
-0.869332901064001
-1.904340826881989
3.692874923290029
1.7761177834524957
0.7738167712620461
-0.9028134830820369
-0.0603695033938791
0.7148286318111671
-1.1752242153845396
-0.46612083180591635
0.20379099440314336
-0.3845654608962105
0.3917188614050891
-0.8668286299545681
1.888149919731424
-0.3905785042060782
0.27544446142419104
-0.31439685902998393
0.2861961412880609
0.020664617455332157
1.0217456337166502
0.5737169318705103
0.8803974730903588
0.49462707788604826
-0.5535835087596108
-0.5352641970031525
0.9104864549795192
-1.4697256246028891
-0.18659830419853324
-1.2054010752468383
-0.20592400963251134
0.6648324988380181
-1.0012709629469358
0.6362006485031673
2.257736495719782
1.397406326849325
-0.38674817162999764
-0.24583386541685864
1.7097354616216363
0.8555903746317114
0.9951634571339067
-1.4220372517611088
0.8584293367986069
0.5802588418708136
0.1588509459235799
0.6150855722299564
1.0710002921194774
0.3370872699002912
0.4125464037002081
0.7284969792990806
0.11212735359860976
0.5233217908836507
-0.4616802585429214
2.041130864669394
0.6880774370756876
-0.10327429408262923
0.4829872592335316
0.37754374457458745
0.14244195875461035
0.22736960588797334
1.8351928330910217
0.5449975183193914
1.6552270530427966
-0.5939940825320229
-0.16515435780500276
-0.47520929024246317
-0.266753268537458
1.2701161742640967
-1.2826053679602534
0.7673905408843712
0.36116465421631255
1.0974558767656653
-1.0548554343600791
0.8112302134336309
-0.5949996352107797
-0.4717385496374866
-0.6642581501680402
-2.651041496660927
-1.6450013147831188
-0.4863110716636557
-0.4057191619376439
-0.24315261466952884
0.8222334037039323
0.32226769801934974
1.476996851296374
-1.0686402870663634
1.7081980956669385
0.13251766416687114
-1.618493796437134
-0.5874170173639327
-0.27986809704599036
0.4682220219018765
0.5827378114928009
-1.5138149678002761
0.41062264996075953
1.2444248882983273
-0.8804699693489639
-0.4119193267622735
0.7176082987469835
1.8666517797727749
0.2941629756821172
-0.715386540920931
-0.07455883896547628
0.9939131105901262
1.3115015561488108
0.07742483564082914
1.3271178419003369
0.9018794849616881
-0.3605177764699343
-0.9457148557896674
1.8273674772273278
-0.02394251475517416
-0.9643552436091181
1.4086816369501152
-0.31122548305915587
0.9142311225458852
-0.4422366618983414
1.3856851667028014
1.8193868036609797
0.829644342818683
0.8076268739555854
0.8995711349836891
-0.08449765268698084
-0.7478206643398344
1.3957272084087597
-0.13798740067680476
0.6810109458659138
-0.2131755116409258
-0.40549034877663553
-0.4799237728567238
-0.976282196164882
1.5773921026441222
1.267592188287713
-1.2064314290310283
-0.20622493601642877
0.028166030405321327
-0.3575999536214818
-1.5555823025455284
0.30271744529039446
0.3541710911028115
1.1249053895951406
0.8169975149469305
-2.0170221108750885
-1.7848131454378748
0.5392574074892542
-0.7251800694547758
0.9481222087334523
2.3118667186513044
0.5832589963264007
-0.4409274006505263
1.0078526122978642
0.7618728428998963
-0.7784162412177994
0.0867529226321204
0.39490038469767724
-0.2682365246592188
0.2677429553133297
-1.50599277529219
-0.062132615615008435
1.874034437419992
0.16365307009959426
-1.0193170926152844
0.6933834881693013
1.0939067545218057
-0.08975969264241357
0.5354728251047008
1.2628046083893874
-0.10615183415695835
-1.167500782621645
-2.146713786437769
-0.3748085018496994
-0.5204777328004353
-0.9679967002848633
-1.542336283806067
-0.16529432171890865
-0.18069729960536407
2.2148431874092345
0.20111129622923812
0.4358268575142664
1.777839585046189
1.046533652947799
-0.6954475486123466
-0.140627897929627
0.9763284941651429
-1.1201349955222746
-0.07043451468758564
1.2394485408689766
2.207527544535813
-0.2890141691142211
0.9795015513462653
0.18301953682797534
1.1465643846677636
0.7175493617945241
2.1794224396057773
-0.8353363312923088
-0.6259830402095306
0.5235388519585144
0.6651712758157009
0.8688869482148045
-1.093417156664984
0.7247069132483754
-1.7694299288814574
0.7503997449233413
0.12552152057030413
0.9243746858298341
-0.14997181015085861
-0.007114289700037992
-0.5237100041305719
-0.509931542612206
-0.3508922192786169
-0.5885543854988172
-0.11952412056832301
-0.5295015031923056
-1.1176301287228376
1.5714677596679518
-1.1267988021411053
-0.6120211868146928
1.1446248761784938
1.342053147648348
0.143421879090585
-0.8235248727708873
0.13651579258478408
0.23119912224411387
-1.9751167632112099
0.7294267315269708
0.15473413670384983
1.584684503984826
0.40065746717836354
-0.5674822203834768
-0.2908470416246885
-0.26999381187706084
0.46972921400654916
-0.5846413652626335
1.0085092042581145
0.423330799273526
0.691458200046749
-1.6510534668066545
0.8096592561879721
-1.4521378139744907
0.6865574633960135
-0.8150043314013004
2.181027115614843
1.7333004859743786
-0.7847184652350777
-0.8193022891871
0.7649696024961224
-0.9467645591330275
0.780172656992495
0.6533241496740443
0.05652580886745137
-0.5644008311014431
0.7646613450334537
0.2605188597025593
1.707688108408881
1.843964927058242
1.4400153049570315
-0.7948063641967017
1.3876423282864776
-0.07185998457436352
-0.24277013805990583
0.2056233740037016
2.0327967708942105
0.3133543097831919
0.9149219076361169
-0.19443145941891388
-1.0192284315740896
0.6699141785465043
2.263919979550658
0.9261094684814603
0.06926242857922957
-0.25546644653691764
-0.8738456908722407
0.3893502470808547
1.8550162683517906
1.5588680642134878
-0.2054317644255849
1.6108082301590825
-1.126623331671017
-0.8727092446924902
-1.2822841404096033
-0.9519414570947631
-1.5500013791659075
0.4597425449869408
-0.21875833841306597
1.38929392244501
-0.13344341716854402
1.4517743109275691
0.22866788464603305
1.1009447156032242
-0.17430987136863685
2.0273749386341082
0.31632231423929064
-0.7778489383636491
1.188802655210839
0.14693462715505884
-1.0168156004013056
1.014086369030243
-0.0755291034706987
0.10638356717491128
0.0037639203167851194
-0.337006260999599
-0.8679100945341864
0.05495461894986882
1.2913420636630895
0.5967126386072207
2.12279210644
1.1413078471711304
0.0372953905974721
1.0314889736648205
1.3693606480494196
1.782576897089253
2.0886090676762055
0.654620683241211
1.141131366540351
-1.2836743224020526
1.2932162798033535
1.1697027315876822
1.27987856596155
0.5112511057597047
1.0736893616611058
-0.17973601982505408
0.7592012941081968
-2.170681399134651
-0.01065500416015945
0.37933842628379305
0.25388896576252323
-0.34736242574703213
0.9838226501731588
1.1188073330119053
1.1289038644906275
-1.4112589519794987
1.8556778047337503
0.42086701188655307
1.0140162320528947
3.2223681259013097
0.22364078476863802
1.4558991970695074
-0.857681213746488
-0.3966340449878941
0.9092289975934384
0.7756040009470517
0.761347310195325
0.3863645772467361
0.5630495960945847
-1.3056679273750598
-0.053063481530151
-0.505042093222116
3.125961967788117
-0.9010331046120068
-0.047170279062735035
1.294698230015467
2.5473359144735768
-1.9029164787425914
-2.1938548122800805
1.20350601563246
0.4325736445639579
-1.3661754623924827
-0.6941974920588191
-0.5780858428833159
-1.2187785468527395
1.9796270889543839
-0.8782394156980933
0.38741198855673253
-1.0622793222477334
0.8350000377470866
0.08519208355624497
0.615205934144666
1.2149259382812363
0.5834742498915598
0.9285485254657143
-0.07722602706754374
1.2994701889229066
0.8840287255924344
-0.13115530666336728
0.6152946544815983
0.012877990490383814
0.21424195616211425
0.495960458421473
-0.00413079533515661
-0.157433206674984
-1.0003179673772218
2.170226494929106
1.3233084385900893
1.0777530091110687
0.19430247252075797
-0.36777272694236063
1.0296230204595704
0.946191059194438
0.17527288487214743
-2.2814379753862504
1.48388548366068
2.0347816833443697
0.6100055392368977
1.56706526336113
-0.4312817294924647
0.5024280940960227
0.6640855178681073
0.18693531962460352
-0.16468782313666955
2.7559632609959333
0.7927500994503404
-0.40835157979934983
-0.6995198945508959
0.2517439047308351
-0.47501080358646847
-1.28892117546889
1.3112146918626009
0.19550087373076536
-0.9446845704241164
2.9290036636811076
2.389948177059914
0.7196547747183807
-1.1349139500055
-0.03653502832679547
-0.17658198395241576
1.258181591531776
0.11891504484696241
0.16598344120364464
0.3025726689221394
-0.6979543119731417
-0.3503047475280006
-0.5493757639717693
0.1038384561365707
1.1752057148482682
1.4680530947866208
0.42539543775754873
-1.4540766206732858
-1.7666777506693885
0.22196049381470367
-1.1382769831808175
0.9065809778923262
0.36046683973826815
-0.26259854491972917
0.6602252863486545
0.9966275626906173
0.2990189885638552
0.5955099003647151
0.8439043751023634
0.5613185944934326
0.6335344882746541
1.3244671387296436
0.8160669853749091
1.5766507243431165
-0.19612816274595077
0.13119322518452264
-0.26753161832921485
0.6450794936674287
-0.7357823981471214
0.031374723484525247
-0.47780618805780306
-0.1261171756984259
-0.25219671366357205
-0.8723317962136169
1.7475640362103795
0.02033715117124428
0.642994146552667
-0.4749899771534469
-0.3393049777085518
0.2654921600782965
0.29479267713967455
1.1754686840141595
1.0177624314847442
0.4023606824226026
0.4949629818339804
-1.9702410076114028
0.7313190049818005
1.484647762173547
1.0956492014359933
0.5819322694870755
0.3910213264537711
1.3243761667735046
1.6436829773515034
-0.17306833882854
-0.046617028695203316
0.4332980697320403
0.9453681329355658
-1.8771579288960574
0.3411617599430929
0.4287761518180186
0.0943930104438028
0.13955356776051886
-1.1308380959680002
0.6442189895236533
-1.6169736063081985
-0.4303895481524235
0.2969449555905172
-0.5098388501584156
1.8930745162411873
1.290965164304001
1.6446946966380807
-1.5475538733401422
-0.6865311117558979
0.9967004295741794
-0.7695896323369416
-0.3687535208086219
0.24316743026286589
0.046084590454535154
0.7343152905189209
0.10397248345907557
0.25540994864367195
-1.2276597066477928
1.1551723917192909
-0.9079689642257032
0.8415756500580809
1.1910138080150479
1.989858876162073
0.32668372599764633
2.591151762345603
2.2923818748425404
0.5141100269744467
-0.6848518204307429
1.1939817461236337
2.1352276091041964
0.3757265469147507
-0.15615069666895964
-0.6789359902215629
0.4730185434468656
-1.5255406128856233
-0.3915070763951266
0.4697873637793223
0.2931641001750076
-1.3622669936617622
1.5524420221668702
0.8819203847278773
-0.7099648084021938
-0.4084374472880384
-1.3544574386225128
-1.148842423813602
0.5441233528759866
1.0042219013081752
2.107845745249324
0.801934586593468
0.8016193482071085
-0.6967891588522391
0.2861915984981996
0.2360256120792297
-0.04842956887258717
0.3464666134449838
1.6747726558166303
-0.1434223705781506
-1.2785082931827116
0.8727110321147178
-1.8917161170688115
1.618611845405071
0.3341464143794223
-0.8191785692024236
-0.4412247113712525
0.041764349273296864
-0.3013602798480744
1.4698524070517067
0.9190192153592992
1.4258624344372284
1.1353666376424743
1.5653456124371359
0.22771982968177173
-1.0033325271786797
-0.7893008503489487
-1.4082993858220205
-0.259069810550692
-1.5014704892851247
-0.5902920953750053
-1.189200948346171
3.727929798423612
-0.3147118739545921
-1.0574031788027716
0.7751144226686744
0.6704232614853386
0.7414022514543834
-0.621678096531492
2.517533117218349
-2.7417562810884326
1.5112307461580576
1.4108539885250782
-0.6218778717580543
1.1425912355761874
-0.07702345999777171
0.046388741848601686
-1.274852205237953
-0.02316395718088135
0.8051540552078568
0.49952127678098623
0.26193750766774726
0.47745492183341026
0.12219016959629353
-1.165399394329143
0.5244893982982863
0.8494365411766257
0.06398913341540827
1.2773624129960781
-1.1289481125134577
0.4672706231970693
2.8073268861792107
-1.9228365721399383
0.29946191549047896
-0.06369886694756693
-1.1253679348130898
1.0486915825059848
-0.014999602917046877
0.9129110654414725
1.2971322079589371
2.782678378774385
0.7922948077516679
-2.188414734009375
0.5098091892832103
-2.2363945468286994
1.0687586226809835
0.6095555598812477
-0.19533846005208427
-0.21513689860573892
1.2031441918914871
0.9075427623014479
1.3104680938452884
-0.746159814616834
-0.8283082726794369
1.289375004166764
-0.9759622205939182
-0.2410738691096585
0.0177631837282824
-1.530614550715059
0.5750320639889367
1.4405328382368396
0.5990999691974901
0.9714722579245881
-0.2686322691024464
-1.2005653213636223
1.4957173794077918
-1.5257931351439007
-0.5103588617478296
2.294027813338455
-1.8137757572994426
-0.19181156006766364
1.9044655456865003
0.3540089246430158
-1.4893936162733028
1.4845456821216512
-1.2400449627998764
-0.03512656585514144
1.2319889406549855
-0.8062116844695342
1.5386095009677248
0.5599149507294647
-0.41698285241329625
1.7256290270154158
1.1246433131095541
-0.23229964669350395
-0.7260586186020093
-0.10142534366843249
-0.7541312903354978
0.950007996034364
-0.592274107346293
-0.3276547834914496
-0.031011278252802768
-0.015541010719669596
-2.3475017456930107
-0.7389008502941212
1.5033517286959046
1.7855393317554775
-0.5480988316251432
1.5151066295621538
1.7846673733576632
0.32489721555565476
0.3244728681619735
1.6636667671223588
0.890969037755621
-0.1338934634000347
-0.3349457307395667
-1.3808794605722752
0.026362553035799152
-0.49986946814239236
0.6548186301507056
-0.80930007837214
-0.7373785031447163
-0.35602949743876117
-1.6865232788236901
-0.6364414483555094
0.19548207541716933
0.2660398122858673
-0.7948898710330795
1.4043676733905124
1.2188970863424131
0.09134979128757297
0.7009041511349241
0.7656760284981534
1.1457941443218405
0.514371067879225
-0.7869590952939437
0.7956016210939263
-1.1921317183590048
1.3424274924571895
-1.2312905579018387
0.5451309105636517
-0.6027525743233889
-0.27193408463717705
-0.9271328689335763
0.9028019541058068
0.5056137034417051
-0.16095260049279936
1.1965570920144177
0.4722189573578651
1.4523992875766738
-1.560654101509671
0.4026015464485648
0.422989085270275
0.3658427126948252
-0.6522474377493191
-0.34200228767801144
0.04597750401882605
1.7255855552537567
0.9354204736789378
-0.2850628196503052
-0.40682900620770096
0.4420889000740469
-0.3734898274908203
1.006325087996864
0.4237345024169737
0.543371863859612
-0.2817583473954484
0.5108433627939124
-0.36155692610143436
0.29991682653745083
1.5093893504729998
-1.7771045270286376
-0.24989905047032546
0.73109833156071
-1.289736681543103
2.2636686075086154
-1.3147758553115994
2.2542922025063636
-0.04149154202779806
-0.2493535675224106
-0.9667766676960569
2.49664564110729
-1.887642802674272
-0.7200026459925342
2.040668644830332
0.4584371952945658
0.8796674068372092
-0.6595737528808387
-0.3441089617361373
-0.7080967564262248
-8.673642195056314E-4
-0.251159734648331
-0.3884626187032171
-0.2252807083682734
0.3303815550011483
2.615294635814396
-1.171140629754182
0.16615258427120064
1.2421901968850717
0.6587977973931777
-0.03325709162938713
-0.5478164320618181
1.1679941919457615
-0.8221573862286584
-1.7076594590397396
-0.022756416578464222
-2.5718919731411187
3.0550356956233524
-0.7272861676182516
-1.0886718954958705
-0.04322389978291393
-1.12800536882188
-0.21740118889022686
-0.4233328561740651
1.5226507837973913
0.5629903329532904
-1.3085412510531145
-0.9475283971747813
-1.5352593971655368
1.0787086865495943
1.3665343359919164
-0.5038882597739129
-0.26955430425272525
0.3946337323740485
1.9669318750828957
-1.4607433433930694
1.388090303230411
-0.6702151230030751
2.8108701558879914
1.2993082123504989
-0.048913221062398135
-1.5808278622873209
0.855645852414164
-0.23280079779109436
0.5736302976963358
1.2125143280406698
1.5681034947159873
1.3624630881725541
-0.7120799783094302
-0.6681977865770576
0.10138281990147396
-0.002372204788092018
-0.8413090292455293
-0.12772786693279564
-0.783748509545138
1.1067329279311233
-0.13461104466367876
2.1612563291574904
-1.2451249961067987
0.7486899137273666
-0.017586044959321426
0.41915785360804775
0.29288805816464253
1.504733661678695
-1.9670269955346533
2.7017747218748123
0.7775073922221588
1.129437568328229
2.149934539876569
1.139198551853779
-0.8425946122084464
-1.6710266608798174
0.13643767164984727
-0.6782581429975818
-0.34719677772659613
0.5118466524777318
-0.13150209273136892
-0.5400114495667622
-0.4026105841858563
0.3264379677672999
0.9978337135097194
0.5193348847289476
1.785917797177313
2.0333886366316034
-0.6834132681780313
0.872857000228947
1.3174191482751065
-0.12511495962437563
0.3689374520574972
1.2999971490690978
1.472865036740828
0.41079052417265854
0.6873874755992074
-1.2755409735172711
-0.15594199058545324
-0.20590502556324056
1.9961073875462272
0.6302230522143129
0.41222253012123655
-0.020851986764061817
0.2708439353839044
0.3093959878621356
0.6954865321870545
-0.756915494092368
0.23310947689916628
0.5812101582363672
-1.165664848121432
-0.6898168823290297
1.3569638617506103
0.3425355049622576
0.10944565294151284
0.46203741110582136
1.3250856775814144
1.4999516284880174
1.3973412256295301
-1.070531402206309
0.5630557386693352
0.8512414777627246
0.5389566266677499
0.3036408618796088
0.22417128287339616
-0.49627285216006733
0.18547786458786975
0.048950225098643343
1.2068966507241783
1.464613536908303
1.1669949250098879
0.8185747235639825
0.030434134105756204
0.4346398126003919
2.6887699954970383
0.8638501082868386
0.2509608226447514
1.7650602906820703
1.2416589786006844
-0.059570689635497664
1.9654911664437724
1.0670225090204215
-0.30002131814411936
-0.2855035087092545
-0.8812418878530707
1.9353212387128926
0.7973762059435386
-0.0678923615167996
-0.9602806241195733
1.2669918116608097
0.6119997230099585
1.4003136464409456
1.0595823317390143
0.19622705843149263
1.0881913007220108
-0.5632245501471437
1.3027418862693392
0.162115803564223
0.09202984700860634
0.22411566143591302
9
0.6456149542715355
1.855167274951714
-0.027101276408451266
0.6236312813559199
0.5599299723407878
0.46276501768365147
1.4318565023425234
0.019943974366133738
0.0648913766916089
-0.8421120713834321
0.41137342994476556
1.327829364672338
0.5161493213185472
0.4460430354604315
0.6211025820908889
1.1342647844960836
0.7656728842034839
-1.4756776165717165
1.134236442807951
1.0032280972623235
1.3480865987063007
1.7888346369150543
-0.5465422485397552
0.7041995290399913
0.022649791666586774
0.36440057764707545
0.5795912641464336
1.1741726408217201
0.6284822733646314
2.1096315615867267
-0.5383204770395653
-0.2886177357454939
1.0807691553752548
3.0179626504331876
-1.327151300554487
-0.5758685011688994
-0.47241697081619477
-1.197791538685883
0.6418944673276964
0.8758945671276799
-0.2313065539787656
0.1955995127749523
1.2386581352946722
-1.7055039691134497
-0.9251241462112683
-0.8963898772455028
0.6596324676555176
-1.123438576900434
-0.3814056832774002
0.878941417204336
-0.08374809818526956
-1.235935253510046
-0.22794138430097965
1.0705726456362197
0.8446588915469059
0.936644242767986
0.04949074679269977
0.261154254646733
0.24483945432841647
0.9952971646381416
0.7557780804290579
1.1639882620519368
0.25504052793582777
-0.10787335502469732
-0.15136175779774824
-1.9663419895103382
0.11847433415416647
-1.7819433123123285
1.6080152145483608
0.4104038069035766
-1.188352848629909
-0.49628154709280353
-0.8761240653807285
-0.10169576072333605
0.1438217514772841
0.841447015947964
-0.5078986211239488
-1.0400309952649778
-0.05145550337472124
0.6282463315771023
1.8378899908025972
0.1671194220225567
0.25853042396771825
1.3580099099186214
1.281826928677987
1.1444740257153987
-0.959674215523002
0.23835142054171596
-1.2988781950291175
0.6928849504469614
-0.2643606976273912
-1.3789026673667522
0.057867768280002965
1.626491467131143
2.8218819761165017
0.8371553552909246
-1.533605872141611
-2.1039474384983317
-0.39504256957600326
1.151200052920749
-0.3075729321018599
1.8278578329263855
0.823245512091774
-0.3351548472472767
0.2539129478243347
1.7621862776098305
1.028055845122864
-1.7736759223045304
1.6188107873861404
0.5805023529196519
0.6307949455211573
-0.07502403733589569
0.6494305924749375
1.8650200888572832
0.963013255040404
1.649812349393096
0.07591696451581054
0.8073715683472857
-0.21485860609310917
0.8888402241044738
-1.01070632099165
0.16463815748308525
-1.1511072342076862
-0.0628603683225431
2.4721999507608157
1.3461737391228812
1.1374353414104734
-1.4174746944919363
1.0143547219502607
-0.8439035685008758
-0.509588019164568
1.0514897012755162
0.7612884218904263
0.9865776338577721
-0.6470790943259278
-0.2987753506317229
1.1626531209110915
1.6462625081346915
-0.3960523457459085
0.1188656423300461
-0.9819006972165104
0.4598160855554858
0.128723164295813
-0.9326171399152052
0.6832583823267532
-0.698562597004047
-0.32100025990561776
0.3027981015022714
-0.17708952338738634
-1.5583678070402687
-1.4488656874811743
-0.24551305765667542
0.47855543648421106
-0.8459460655036153
-0.2546270646328635
0.597595814633691
-0.4878977528443308
-0.20387075144277583
-0.8542004129560485
0.004059026472778143
-1.4834902546212232
0.35032730378276616
0.6571866188672276
2.808090607693785
0.25537908008369403
-1.5116960315491597
0.7081574089861988
0.2067004384321106
-0.4023456260058312
0.03776818388374643
-1.5132535845129018
0.5523676362677911
2.1248482942958735
1.2857892441917198
-0.6540509426781449
0.8909346368435997
1.0447394229444593
-1.7775993230828295
1.2478758890698152
3.0371495010437153
-1.2401681532430822
0.9946510727970342
0.10635233299467811
-0.518766698048802
-1.4767616388999354
1.0882754784139155
0.8666538379796035
0.5168184094578724
1.1334965506392694
0.850187973042248
1.3530970176919503
0.34988651952629657
0.177862681449027
-1.4707162581121784
-0.12871839494844106
1.4029244100425684
-0.45588785400835424
1.9171830933992993
1.1987511178941703
0.05316285267874167
-0.2870265844222202
-0.42765144707529024
-1.924244066795976
1.3250583538372813
-0.17947169790080597
1.5016383512225797
-1.043620785905984
0.839206911064392
-1.5104517399687685
-2.1891127334390728
0.32435205753908325
0.5663404121284253
0.9279590919211853
1.4971660067120471
3.1882649976983863
1.1563409418818593
1.5073388609993899
-0.027440710707324838
1.1711558279431102
0.5729678161794525
0.8722097241978832
-0.6416831197048657
0.47648106945760355
1.428836869390171
-0.384912819595628
1.4535789734098443
-0.6342721781420882
-0.349126710689541
-1.3406083755313303
0.33401176754501993
0.43532425433214117
-0.0792957938924324
0.6593894971372355
-1.3649694518610078
0.46899024327384303
1.6793554750898319
0.30415350584523043
0.9703855604401281
2.152716619937232
1.7985527023195118
0.8153400212854047
-0.29708120562900897
0.4242500540824896
7
-0.9269865741423521
1.1796199402941767
3.0456655016174876
2.6028728461851784
-0.9894988469953504
1.822821374580149
2.6235475128871206
1.0215884523788101
1.7398087134251163
-1.4721898458965268
1.0735682286903385
0.43981633167857626
1.6606777622707427
-1.4136262132376192
1.6794755611292433
2.7682279023420224
1.0433287121870742
0.5286392575872569
-0.7990288271092552
1.6800424868021897
0.4623956601278157
2.17143604133836
-2.3124703533762623
0.19649667498850013
3.529569285425096
0.9148181781246785
3.775110445908249
-1.5382146455690044
1.7703397719958687
4.11398282280902
2.372972216178113
0.05605996619973912
0.8691484001814734
2.0075638871151646
1.2107275161856719
1.3980541012961154
-1.230019522657973
2.314745368338179
-0.08227623343787474
3.6375784384749834
-0.7218636065200345
1.3618827804663345
2.919882042926701
2.0240444415757515
0.13560236598540382
0.11305760821632796
0.9932618229175418
-0.07429778794189615
3.2116498892773673
-2.7105455659385065
1.997853303902647
2.7664829787077836
2.049753210872732
2.407670858426379
-0.8352345895070886
0.937084798094124
-0.19768576115360975
3.3484713074513324
0.722486031121115
1.8144782785964004
3.290637831328907
3.2969053002010558
1.7792186091764486
1.7271440481679867
-1.4758473315192344
1.0837518422921857
1.5013656735369252
2.7053220172814054
0.15606057178223082
-1.3260900886079836
1
-11.581155672674454
-11.620694445029615
-12.4760861714063
-12.780003753842815
-13.592845442755863
-11.539651685634393
-12.500556261767821
0.8907716887649136
