80
4
6
1.2647798896718554
-0.11412071503882762
-1.0293583581619532
0.45686820377657494
-0.6866363056991619
0.5839113163367143
1.2555389743342373
-0.11274167949324138
0.12212594773761426
-3.1460508637424565
-0.29545077994059427
-0.16031654121227504
0.7849132757874846
0.33417835742194735
2.5113116848468144
-0.1587726471641856
1.0041031982212365
-1.223511871431763
-1.0847226076581582
-2.2034907361277503
1.336630152003892
2.790670448749049
1.1184838478342556
-1.906809885461751
-0.594280815751845
0.7277721879595622
2.0200329835728015
-0.1795462366028359
1.1117966912469135
-0.3956428929633673
-1.6533178685258918
-1.6298370481012807
-0.03308736980307953
0.029527167674780933
-0.5854240955083804
-1.2043540916717859
0.5605125695130717
0.37158961119010114
0.2429834674198898
-1.5452401729586183
-1.5482947985698277
0.3976646337897092
0.5520650705217108
0.9117810671087156
-0.6584288788327953
0.23011730979271114
1.55382517443305
-0.017434892793063567
-0.37069113220918787
0.030658386647658457
-0.5021637713940394
-0.2550087165634068
-0.3694529754717663
2.577168703624622
1.837362740284745
0.5525349943895141
0.20789289791300558
1.1512687571264621
1.6200730344417167
-0.023717570384024583
1.1237208999362165
1.173735073147891
-2.2950209441197424
-0.3679938964621134
1.0148593672982316
0.8388735622279815
-0.6566048571048513
-0.4423389259746095
-1.3001359897300433
0.25080321342386885
0.11766815125882794
-0.07056945814608118
0.3816155871655457
0.8576751093026476
-0.23276099750401585
-1.4359547518239848
-0.8874822692616747
-2.027256871703447
1.65953470180734
-1.1767884141628506
0.40405162092230545
1.3866409032631728
0.05066064288863498
-0.22146086031531725
0.919765903131542
0.0842029783066155
0.2503760871239337
-1.5219239916326792
1.0911544149457173
0.35814913229940987
0.08701133871865262
-1.2350905030131476
-0.6895277632233517
-0.606636876390013
0.0050756856229179775
-0.33685862944528483
1.4774993790511701
0.8834404765704237
-1.6158338106477088
1.3156223333100145
-0.3313047790689661
0.22796516189763127
0.22813809252143258
-0.8399190857050419
-1.5956829067206457
-0.008725029106548467
-0.25259662706691177
-2.1631683597293487
0.7195960007069054
-0.7199007268733026
-0.2222568931053612
0.16583709644696287
0.2631276846833044
-0.05171180417599584
-0.3281578477978198
-0.6214901764913401
1.2314063949370486
1.2970993113793035
0.9145667176098495
1.6487956620761057
-1.033917431094027
-1.7970844200452374
-0.5260599952750704
-1.577781222834434
0.03274597843293757
-0.007254359585171392
-2.9369552922277453
-0.9855919716266691
-1.0475037116172035
-1.5846924671433325
-0.26829538303320805
0.4260266200703281
1.3939180140960696
0.4211758975067455
-0.18003714734322995
-0.6902334492683242
0.18918188995507002
-0.026120070390431172
-0.4140997490925572
-0.23283570472295484
1.4576718173297698
0.2571463960906195
1.2744753950915344
-1.4876844810525056
-1.1679390364976951
1.015994043748531
-0.14001701241940004
-0.3908941819266597
-1.1663936768728642
-0.1594562482194668
0.33574774103483174
-0.9573549213514844
0.05990732070067897
-1.209295668122415
0.2824482551055019
0.32086680206445156
1.065749774570133
-0.9339569064079812
-0.9951559095557126
-0.6536133907870395
1.5127168882069815
1.2649169513060425
1.279903688224749
-0.21519855816847594
-1.04360670543345
-0.20179367539413187
0.5181562310626631
0.6789538382640063
-0.5177542758794832
-0.08059362055434963
-0.07308364699789502
-0.5335562044198282
-0.10618028031084953
0.6687992076902789
0.3778452922876795
1.8059524851723565
-1.0709511489259524
1.4137071415468625
-0.3446851111888684
1.2454886870340425
1.848352936667108
-1.2665945504161424
0.42925532331639804
0.4346455882131673
-0.06120573740474956
1.1382240039514084
-1.1098707707530435
2.3219537557979724
0.2216866305855859
-0.023149492126098653
2.2167675755518306
0.5551367304709203
1.1352473207027152
0.7504618932139043
0.5958871030277302
-0.6410655035252055
-1.0416259188341546
1.562082783330171
-1.5462679614862254
0.2681568978809695
1.7999139720928914
0.6919152057720656
-1.3497983860738398
-1.3985705298079654
-1.0037052180345296
2.298656589957232
-1.2033929923847422
0.6824967177745178
-0.8877426197187849
0.6300141057940769
0.10255482235871069
-1.2967488320500724
1.7460306828944085
0.023630994589452323
1.0280507762482143
-0.16865062999118635
0.6200960182702656
0.8562158996019194
-1.7923883254350328
-0.6535137554201338
-0.015776739807815812
-0.30663613752224794
0.840481187739306
0.8454361230352824
2.7112807970807618
0.9779682421648037
0.3171812424469428
0.8170902874830404
-1.1808319583729807
0.3032140596765447
1.0733374811822536
-1.6819519154539466
1.5520219678863807
-0.3861486370836807
0.3679529108002807
0.41383162187505923
-0.9474341785800305
0.19350823759308028
2.4166056420655773
1.1235748223734974
0.2779040519699191
0.22734448816759517
1.1332463473944163
-1.386516915404177
-0.49222068821618964
0.15635423920943026
0.1683100766421198
-1.052503572959691
-0.3940287489105046
-0.1983309475435756
-0.31419266625485487
0.09939845936681287
0.09266624137708364
0.9842560555815416
2.155272089322156
-1.562836405101655
1.2533376018731774
2.364367532274768
0.9072369100482105
-1.8763141030206854
0.7537175702293951
0.5790887553389925
-0.4848808328944494
-0.27151264557659627
0.5598190875111099
1.1477470909906922
0.6921258276856056
-0.03364633862994
0.9182448779485871
0.6183832330389093
0.45065582350573175
-1.1737973694285881
0.697884016883141
1.1674193909639492
0.8210527547192036
-0.26215710076374105
-0.10513791072341412
0.4089744562999705
-0.4207538658015701
1.7640516903924408
0.054166578060878795
0.8377701920874431
-0.9861015588526226
-0.29248166097854744
1.161805674093014
0.09374727252820308
1.318099423264157
-1.6677960089988906
-1.033899634188339
2.2434320970178248
0.15060860637581655
0.7452782775144099
1.5375834188056636
0.9301180298986339
-1.572179452682042
-0.45353616107747663
-0.9840154074986187
2.0251414954776448
-0.21934208613140568
-1.7508407275090074
1.1808234065738588
1.170592077940524
0.19186632164745998
0.13263505645692772
0.5100640769299484
2.014561553716291
0.4526737091925987
0.3036415117840864
1.3333721210475642
1.526762121916079
2.309415840946934
-2.031401582257244
-0.17637798875495658
0.3552119537222461
0.908085850094393
-1.51475557171096
-0.6879836234954514
1.3130330185205839
0.3153846258892425
0.0416894540964251
0.4996198655688609
-0.4240555500553265
-1.4808796642908177
0.5375029307993506
0.5173327556632676
-0.08040674832334499
0.397370998624677
-1.1016459747857557
1.901270529186353
-2.066347188569215
0.7983737337749216
-0.36839940153868933
2.5529168118451757
0.564558587917542
1.3462002268348938
-2.8611229302447856
-0.5849172239722821
-1.6714676511505862
-2.5263732612929006
1.4309326982791932
2.0989322555599927
0.40516749160517
1.03752985292968
0.8234909222272891
-1.381251581041967
0.3973877681852061
-1.108083609387339
-1.6535621055611744
-1.1010466934951746
2.465266882775249
-1.0360336807545663
-0.5777548514029348
2.7206588761552837
1.895390581151901
-1.020197853648833
-1.1281390886711153
1.9008622777263668
-0.37130666502915644
1.7663322893845241
-1.3626748417326853
-0.03964336431875922
-0.148729401206675
0.05156269927225391
0.545215242439966
0.20822623092385956
-1.1958739247745538
-2.075375358206466
0.7885544245307359
-1.233194075538659
0.34177178030189165
-0.8339356789132564
1.187632853685814
1.7184683950570308
0.7501535629036619
-1.2665866918957136
-0.9785190626055846
2.128949287448658
-0.22438385112747564
0.9472156474774172
-1.44252450025021
0.4379857902714683
0.524852709544445
0.4891557650696113
-0.9725091145726706
1.8356690392621928
-1.142587888441675
1.3677760297006172
0.4229850330212456
2.6522602454237214
1.029198081606627
0.5511153266438965
-0.49292048354364265
0.21007236761388082
-1.2980715700359282
2.1059680115114587
0.2826794139636476
0.8661817462559745
-0.03466919544754947
-0.7287688567475514
1.2051249793544752
0.16761416035673943
0.5936280984632029
0.38797775247098054
-1.4832296321265435
-0.16721528149995843
-0.5361977486909549
-0.04664207595406086
-0.2028483627567301
0.6162522176394623
0.4938772767807154
0.6685476896014345
-0.27206431463402025
2.1795573208347756
-0.13358107952728543
0.4873025657719202
-1.037666585752277
2.191106658121305
-0.4123907550498367
0.35559852335347186
0.42340686664949645
0.6518121820987735
-0.1409550708439447
1.6309259542950536
-0.33185755388781
1.2777900256971588
-1.2604810091791439
0.46934058063935297
0.3261989320014806
0.9490462298496655
1.3370427278785422
-0.3937877846673834
0.6257400369924634
-0.3542873287682649
0.12344985024594518
-0.4246025775181807
-1.0925185354922236
-0.26600614357168734
-0.38470049212949115
-0.5660215701808793
-0.13257455509115837
-2.4201007559826824
0.7306870013038197
0.8943523188050964
0.4937232525682195
-0.09976950908659266
0.23363651580234754
-0.9615550223999207
0.7458374556141422
1.3663872267612827
0.4744798535697907
0.3086515905627679
-0.6292430520277332
-0.07448484996343611
-0.6048175857408332
1.159315312319099
-1.163381745938943
0.6936367051346803
0.37434254851456
0.7775757656881782
0.7028708382869099
0.2584723853040006
0.6205382798480266
0.5237428530516572
-0.13743053002157746
0.1455077885469228
2.312198508895036
0.8585933739174141
1.5352036085130767
-0.9239737804387421
1.4550279258143688
2.101366577746477
0.05656152683099175
2.0234333914745655
2.88238975204908
1.9697376615491038
1.2540680189472366
-0.5574536785203739
1.3235879109202984
-0.45290239831293416
-1.725531925825997
-0.05628400671248041
2.8155078610025
0.8953758334995074
0.15854237613774946
2.407301493433022
-0.19229150640930034
12
-0.20806329897125383
1.4780046833315426
-1.8367104041918354
-0.15689811822300065
2.6170595021834524
0.9234869496742639
0.33091035942941427
-0.33682626644697844
-1.9886048268733503
1.9773203805823183
-0.02305493679071683
-0.6244028301643733
1.7379496926789484
1.0399053109802001
-0.1180624886489485
1.4386419034780709
2.265370878805528
1.276608414059227
3.513967475971758
1.0831098240910741
-0.7124396103784388
-0.9477663151867836
1.1612802124303923
1.6618551275136182
1.2495504939981064
-1.3928948980611018
-0.23081228398679815
2.3892284727914266
2.4880020342150164
2.2510786993893697
1.5671783574307934
2.7414141023367313
0.1258902766769992
2.0775137284758673
1.4068929475984608
1.7792813473292752
-0.3038202786321102
1.9291642378099116
-1.2466180517656726
2.2023744349712935
1.0627380428910438
-0.6609470575412633
1.881726946597896
0.8702332044954583
-0.9586411349609738
1.5902064204441724
2.5983615526234445
1.4370297703761703
3.192850510986807
0.5140859990587193
0.08785167855529281
2.9753393485278856
1.6246908298150584
0.7727307226306303
-0.013377765687950512
2.788824752510733
-0.6857797927050994
1.6579970806244897
3.527182555438544
-1.055881270177498
-1.007687069584939
-0.6647628454061836
-1.5722662240848773
1.9123898910497266
0.8446610884775325
1.7094181007054359
1.1314566425036645
-1.0575740149793782
1.1335474945535942
0.35519451751914904
1.580452321776648
1.14414092834232
0.7208833061760305
1.20568525575871
0.39088736083271947
0.3785881078883969
0.9004374370862518
1.0391671208786226
-0.2915128721586246
-2.0687730890943623
-0.698050834905817
-0.127517287527329
1.4366746840927997
2.5808284656362894
5
1.7747704173618841
1.8791636379529901
1.6740534416851025
2.626623781630569
2.423355499130446
1.6603964301179022
2.707512469423767
1.650698101982289
1.3074684769543818
2.1128939462677234
0.8501118875902519
-1.4135655590079674
0.22133511251690144
2.3603570029297263
0.28368142798538887
0.13231829583899418
2.379845303837122
1.3176683886925307
3.0648390942592094
2.6310890319136098
2.183913812533232
2.1211749860006597
2.845889234657055
0.7234224031086877
0.8698431816322746
1.1478945265035545
0.23741211268362022
3.830021409735439
1.80629956985463
3.507175944066021
1.142197340455551
0.2597763412982975
1.8214406839400152
0.8558300029529704
1.4791936699917598
-1.4780476476542586
2.1471671922361133
1.73718747164933
2.8343266502180318
2.297653187030429
0.8536273732111307
2.4372892513257973
1.835671714586497
2.397599109625743
0.1308774131223735
2.738917901690264
0.9487947961740715
1.5300245487006425
1.6096896178304083
2.2262866279918243
2.2172964811260094
2.2172444735419905
1.818062848351624
1.2067727397401526
2.32851130767024
3.4398891493482058
1.1281018759734345
2.2009109570371734
1.2671833884692272
1.786715121563756
0.9705789244761155
-1.1538976245642276
0.10064639695337828
1.0538952224128595
0.09583188215913957
1
-17.33584612047816
-17.297390437523124
-15.277951594277582
-17.09864656748443
-17.52359677850655
0.19120632740123772
