80
3
29
-1.2004101695918579
-0.19065288371861547
-0.025700916473560972
-0.8002955507536036
1.8422040500111576
-0.43742494483181793
-0.05798649598330524
-0.5914863370777537
0.1785410673761567
1.2564352760690787
-0.6159299199902183
-0.20317477132640888
-1.041651367527313
1.7456356328341807
-1.2611730393954856
-0.2651205577282119
0.06910859706783803
0.7271120384578308
0.6582569199562539
0.7392129977811832
-0.8292299297178598
-0.2983993258662079
0.17127436110802266
-0.6776533834229782
0.02723134255832636
1.3044833788209234
1.1594114258951704
-0.7919622107358747
0.0524520799982694
2.1546828895315184
0.597892664550755
0.8035147718231793
1.5275167394884774
-0.5263058233936614
-1.0711653451763996
0.7776237932744906
0.5005779862139667
1.9518678636048838
0.33564328746311667
-0.7040040175879132
-1.397711177805759
0.9368181808856759
-0.33941613263531867
1.4784251643107096
0.4256120945073439
-0.8904731218383546
2.914798639568606
0.20009775787055786
0.8531835732825386
1.6360288614011753
0.9228826110767414
1.2332545291816905
-0.30076526650998725
0.8165538505428218
-0.3063990050574839
-0.0016517993676840909
-0.3133675841769288
-0.8462305155415155
-0.2569840913215981
1.1935508453067583
-0.8447875491602078
-0.3706490401537023
1.7650133279219877
0.7979179429561337
1.0351977197657243
0.3059704220044077
-0.49733847919933827
-0.13419948311682092
1.0465505820114047
-0.19632120784597432
-0.37561126023524777
0.23839419035792467
0.6433815047218095
0.37342102150343076
0.954462381499374
-1.4009509537498783
0.2663693927472227
-0.6623078508132617
-0.8888323366987865
-0.23544091164941686
1.536143351776466
0.9137073103530274
0.5446262481851322
-0.09254715929770255
-0.3197183806205692
-0.2802383446423741
0.8697870315964465
0.7446815915195233
1.6572008056905572
-0.04727769080632345
0.7592490435710156
-2.446934558655351
1.0160982512445735
0.947825526408915
0.5513460113584723
-1.0841801619189995
1.576244812040006
-0.26134993067775525
0.747130609368892
1.4555590142028245
-0.43958678346850694
-0.03491481429480022
-0.7201049598075157
-0.27219176794875544
-0.640823701374974
1.179241573745264
1.9149867753399068
1.0727286812379075
0.45862096015096065
-0.18667309765393203
0.733570949825923
-1.5839262985221245
0.25556591211307117
-0.727731305109853
0.4705215546810721
-0.5116193580903813
0.785088528300031
-0.886638709787081
2.2229458900016725
-1.1459169001577785
0.06592829010046017
0.8033291325558839
1.1136549439917358
1.4379593163393203
0.449871631173795
0.6523310718196581
0.020664746976313906
-0.2893723981156113
1.2012419205770888
-0.5316481822338428
0.4944847956182827
-0.6091396117632091
-0.07489426570144682
0.15696550299266182
-1.0534264197135486
-0.2505437938990367
-0.38335331540671896
0.6560545828968837
0.7388176772862143
0.45580013125098606
-0.13625806244544675
0.7408187548831131
0.419058681839074
0.13293740682119543
1.7072408225386797
-1.2006958972796065
0.6846994336663672
-0.535222673088982
0.7658821902585482
-0.18699955377471603
0.8465426981200591
0.17372156659606863
-1.0377504764113152
0.2662736224609672
0.7629407322792446
-0.4208696201641859
2.011320434054613
0.35726035624015096
1.173589346503176
-0.1378020787981899
0.07989474283725817
0.21653852242872695
0.9646912479544245
-0.9151716582322845
-0.6045010017394317
1.1477756328684119
0.0069108409616777215
-1.1736654251704466
1.1049443913342445
0.38640855597494134
-1.7338353856991293
-0.9229130176175608
0.3489491657374795
-0.47565174920268793
-0.49381643716405255
-0.38226521299355437
0.12455735112966164
1.284636420812165
0.30852782105076343
1.6921653438144606
0.9187089335776993
1.631368111502051
0.09470306690736256
0.6500249483731557
1.9622069227224423
0.14835522938250445
-0.5584427897696308
-0.7254091515542274
2.3803354027370167
0.8679177899306366
-0.020393950222781135
-0.01615631099498873
-0.992069656125337
-1.174597911273627
0.26774310082047
2.1470330648401235
0.023917499599760045
-0.33061095360126946
-1.6772194217237109
-0.7932875703715484
0.555210208715385
-0.17114590484910555
-0.7544788508946245
1.1629002611773032
2.2720992425405417
0.650799113023403
0.18533711580218645
1.2779745614585034
0.039064806884798096
-0.04566970206172278
-0.19176701400804122
-0.21440463881246333
3.209976163190118
0.16060340190345881
1.5083055203428728
0.1935718635983543
-0.49329138129949457
-0.8848949202119106
1.097859440971425
0.20712329299438728
-1.5204406423651768
-0.05208521666467336
-1.5587622950933022
1.0910308712342758
-0.8384098352246084
0.29650275457596337
1.3050977859946429
-0.526061654610024
-0.12590698472918577
0.49478007540064656
0.7864723106626809
2.137031470465276
-0.5415483775849829
0.6613789926682326
-0.39483809566977074
0.3117739592547262
-0.5293160392839394
1.3273405471559951
1.6324829533712126
-1.746164361127772
0.8374275983669226
-0.5303474557560148
0.6581535777232014
-0.763195627358825
-0.42363038171063294
1.6918633891732857
0.8630731461278222
0.49399737218278317
-0.6819249211264221
1.3613533624456684
-1.773487039255572
1.2471489468712829
1.294562623290859
0.5793131780322329
0.7472631887574979
0.5102451245063898
-0.6537787210971362
-0.017988610342629673
0.6860121049630727
-1.0414515860063542
-0.7476720863816848
-0.6118669409223286
1.3538796431934237
1.2701811769194364
0.37984442277468033
0.3937481615887994
-0.07942297597430065
-0.2339293048303609
1.7608909201209737
-0.18604893435197326
0.5407103590386743
-1.4429511750443271
-0.7787713457725683
-0.39632129487858875
-0.5245382529931031
0.8533858483372803
-2.259142285798572
-1.0505821081372615
-0.37775690005487494
1.4108365776517726
1.0245861574062687
1.166035639156171
1.6589544403593925
-0.3341557934717483
0.28265013572398573
0.4452552392853816
-1.7650054870321155
-0.042162022666335994
0.32593496201604244
0.6273185510339644
0.4447769177360776
1.391009532817884
3.1237869881705014
-1.6070698655733613
0.3304596237884625
0.522540618161749
1.276651725961588
-0.8343028083269672
0.643076882619346
-0.03432218394841836
1.814382531144875
1.1711781721833807
-1.1214746232207198
0.08851891700706668
-0.8913415584798521
0.31118421716982503
0.18686842086748157
-0.2038732554113828
0.2597931850715694
-1.2670312235138341
0.7926328500849563
0.11874461469766975
-0.34855993959001674
-0.04937509225078299
0.04171968852910833
0.30180782060171957
1.088557870374869
-0.343734189497171
-0.39118706981032225
0.9700254127868427
2.299870276928007
0.03698297762670864
0.958389041428362
1.354519820350388
-0.3497545159108617
0.8825606812353128
0.9018819820114107
-1.4372228579937176
-0.6773246112618653
0.9764898902621736
0.7654840527547019
0.1823946491871854
0.925431255411612
1.5053582642282017
0.5720979513372172
1.0141110243749116
1.2109544892822939
0.9728613923635391
-0.1538246335544825
0.23194436415320807
-0.010062973439188033
0.9407463050601456
-0.18843333762437417
-0.320137913197653
0.24755218834904033
-1.1222114145612414
-0.3229200987347937
-1.2779982209077545
0.9708870945304442
-0.45919094833509533
-1.0372586645222497
-1.6738093830210024
0.7690173556406539
2.3089844120401146
0.01225335164475493
1.1031653519948381
0.49336311298216895
0.4688123025702831
0.6240366771561215
-0.21297323790777387
-0.30265122194876976
-0.511504186404166
1.895949916682447
-0.6596842460289252
0.10435541674706075
1.3108894131291613
-1.196902055117968
-0.7763174542186798
-0.5654129396527692
-1.3356365427148313
0.7315209247703199
0.053735523890273924
0.5401664712712808
-0.26300466595915695
-0.8220078390711996
0.8714460504245273
1.4889536549214621
-0.3388701520918448
0.18658858837969555
0.9026745890479966
1.4412951368910365
-1.032906024645678
-0.1619569949695442
0.6164724939549426
2.0567105666190666
-0.6751076418455052
2.0521582988746476
-1.6024055163585535
0.17358802857335529
-0.5373406425260759
1.4659159308252623
-0.09438966127819542
-0.10789896589980669
-0.18668244804743123
-0.9902459890461542
0.20899377906094715
0.9858734476310623
0.23661647431440974
-0.5069325368400011
0.039807510104420234
0.4763539445229166
0.11545109103676313
0.21476554824681388
-0.05977592007733659
0.07975719613506263
-0.16287032168306348
0.2580690680194956
-0.9537365514984318
0.8443056176106105
1.9031666353551335
0.6488864070388586
-0.08424839389647996
1.8502412491487044
0.9032778159158324
-1.0920940410786582
0.08432557152315287
-1.1868480477990786
0.8177547662126409
-0.46931340567378277
0.0775274928706116
2.302084506579466
1.959039133354843
0.028258982392973517
-1.4627303677119468
-0.9170222400908237
-1.0261555019767985
-1.577902647348974
0.0037760364059618327
-1.3458777897408898
1.5932482964752024
0.021638204819314846
-1.3913705057100318
-1.3783165637540584
-0.9807930132999356
-0.44397842881433097
-0.2000049386430501
-0.4054467200963765
1.7589979006965508
0.6163340224797019
0.8063482042735826
0.3616144827096716
1.682106777653131
1.7812311664963276
-0.7556593313460739
1.4432685891025787
0.699386647848622
2.1876829135617992
-1.2628505649317878
1.0111023357215134
-1.249701044062533
1.360184973068641
0.6659011601744569
-0.7892308735978162
-0.6674490484611623
1.936346123443241
-1.0936305926069632
-0.5596099616048629
-1.7839981533485776
-0.6328418046022128
-0.6240333590005654
1.0661449658689013
0.7892041313648397
-0.7321718088614112
-0.006218046814298441
-1.3515684827535908
-0.1876995746790844
-1.8607122984639861
-0.613112917423696
-1.2468123171840653
-2.0123910736753583
-0.24634727445687218
-0.6025404718259642
-0.8793678988075988
-0.3502920886550702
0.10108795172573397
1.104749855218231
1.9444191353115958
-1.8288513787492113
-0.6709487785795005
1.5392596348140275
0.8858757911892388
0.630553137166878
2.152980913048958
0.6258641753902231
-0.28592414742012906
-0.05034041277717946
0.7463593092402645
-0.3970753896134112
0.2918720548047463
-1.0005167044097991
-0.7115301340772674
-0.777702042996216
1.1721635156903376
0.7717692491416325
0.3325143628556995
-0.85130889148627
2.016518082579596
-1.055681660988514
-0.1382890186280883
0.8345741328789164
-0.931047161887591
0.17637774008018645
1.4431274950208453
1.0421100369096463
-0.3041117118718285
-0.6276766168014142
1.4262489047095486
-0.04498847796153083
-1.4594352569064843
0.10359475654885318
0.2755602013229165
-1.285593202894837
0.1542747143953839
-0.03805070703627932
-1.3547095736324255
-0.4452098545313623
1.1993366870732587
-0.278364019469694
0.8516398922595882
-0.2462060850413345
-0.19007772695818934
-0.12412246952776418
0.022263568565517766
1.9860154913047807
1.0838401514526066
1.0887516218779965
-0.03668098859286055
-1.0238602394116987
1.6173382823185556
1.5419938981161179
-0.2913947422593047
0.4392608660816004
0.002226472738581721
1.7522766870466895
-1.9680499456727731
0.6085459477216656
1.1490496500646858
0.40117035033348064
1.567443938210203
-0.10612753112431948
1.054660261460108
-0.8469021406370733
0.2618527015614324
-1.2277940881123397
1.0049730608711394
-0.17631369240328984
-1.5067787706919007
-0.5528395436100353
0.14011860743375426
0.16939471576525228
1.3726540653796735
-0.3410418679505277
-0.9154945652629378
-0.5741510544743134
1.5066809445247509
-0.3261468466248201
-0.022586317692269944
1.148059049557736
0.6182188020965608
1.1319765198126372
2.4992559968198242
0.20282982654775727
-0.7953788648384912
0.05444978940843022
-0.789373433083178
-0.7256420207118065
-0.2942707096744948
-1.0049211693431626
0.05941520579929674
-0.5723468855146726
0.741633432950308
-2.67034471499408
0.8456605976401063
1.9107018253325632
-0.9475285254014916
0.9164250663154306
-0.8990595206606038
-0.2006833858910836
-0.7621458915060604
1.7663385506030043
0.6961631167688928
0.055190660441117874
0.670718832233206
0.8877571128387372
0.532656220971232
1.3634635948656038
0.9708735107932741
-0.14585138938705902
0.4879287836211201
1.319416444133306
0.7409513043974685
-2.1783679051501537
1.6496677170614575
-0.13010788335447626
-1.2727573882854097
-1.3072743672703853
0.8998005535391554
1.7916773859069157
-0.15945342619747652
-1.0826118482878848
1.3309025866953887
-0.32123876117868666
-1.1505816444970374
1.0074891733807538
-0.3295914111732332
1.05162922247269
1.0423479368606445
-0.7096935097202548
-0.0686466114424351
-0.6878010978078872
-0.8588476285811654
-0.1583335289273195
-0.28472169009459214
0.08636402123874184
0.17540318830903642
0.8276841353524987
0.5520448493014527
-0.9200943089218032
-0.17596227809658072
-0.49785104461279517
0.5064623470439236
0.5403614059730005
-0.163539014476741
0.2283301042031288
0.751987414520979
-0.8148514730123535
2.577590756092067
-0.49488035076558307
0.9404124038670346
2.0196014264599325
0.8675367384455416
0.15202037959073472
0.8146278156886299
0.8587324116576998
0.5963464937527954
-2.4560104098238535
-0.04054708182101158
-0.5681740853636816
2.3132571975172262
1.4560465178158963
0.43731781418333515
-0.5029987169149446
0.047453573087186174
-0.42063676429383373
-1.840605143028045
0.2563239697866165
-0.738059145661993
0.1435219032178724
-1.0735433127880927
-1.1680226752715324
0.9161079264250042
0.1845448714431708
1.1734271522836472
-0.47554534521158104
1.0971858128932637
-0.9114348749748106
-1.5226079721368073
1.348491633333209
-1.218410232834015
0.7582166608434779
2.0386951940527274
1.3413933080281342
-0.040540683163176786
1.9600466071745217
-1.1171014669010113
1.0545379335043807
-3.35126160404582
-1.3571804352048056
-2.549342199686962
-1.6869946769832016
0.931137838565497
0.7616829831488576
-0.5784833378761358
-1.004975762618614
-1.408157133722394
-0.4889103617764828
1.4122808813402001
0.622675278221799
0.050127779898616526
1.9703760549223202
-1.493673126772742
-0.9651730067092466
1.0523025252561904
-1.8701034274522412
-1.5918989769858465
1.0522186194554353
0.9939975483416905
-0.09271390099840382
0.2714276098024659
-0.504005942102841
0.882159883171879
0.5463725577883118
-0.13766813721601773
0.23349898522634893
0.7839144029360091
-0.5067688652271934
-0.5210496617068744
-0.3416320132442918
0.13975817451530742
0.7200165038180729
-0.5833571867126889
0.6599628876754144
1.0868055826836047
-0.7120850782524674
0.1191717389691805
0.3200401825666081
0.36175591211260477
0.4768905958583274
1.264250589807744
0.6173201512963219
0.5894086630192216
0.1698313363321469
0.6103063753805948
2.3341840973758976
0.941293896352956
0.92726694505817
2.5601707912127156
-1.0619958820642121
-0.8370052018258504
0.4836522039646977
1.5324493248765252
0.8858663223535038
-3.082264476393632
-1.8690391342004264
0.6381046275700174
0.1760869661005059
0.2405373923663905
-0.1721555338976973
0.14031006977003777
1.8152206360770724
1.0606169503702505
0.14978830157353495
0.4992693358585112
1.1477523329356223
0.9135583742374225
0.039859183789696925
0.9018583684032513
-0.3208411204937367
1.2461820398779346
-0.378559762678078
0.7980796118037592
0.030430721892999994
-0.847907961001091
-2.1373749116202587
0.5540542165246508
1.3623897403687957
0.7918933459026801
-1.002181588914039
0.4972858448370077
0.49857911922659404
0.6674115995700655
-1.1035185121243358
0.9910198542003483
0.36222358028760654
2.5572428063814505
-0.7782133655309377
1.8618092365050969
-0.7818903181737357
0.5192745167427819
-0.16048987847545798
1.8881049164682222
-1.4324950803469296
2.9166220419330164
0.3866683608618705
-0.48329947886052627
-1.5880459558492777
-0.009117338242604451
0.5921973321102433
-1.36862700229634
-0.4609786084164738
0.5009972714887131
1.1456014755079407
-0.17230230121453066
0.6157746112410843
0.5217064771546778
-0.37852748060601155
2.3975415533418505
0.15239864970627057
0.5815761613295646
0.24913136867151173
1.3959260057344693
-0.9350424708225712
1.7301534790141078
-2.433845390268774
-0.3103386050758712
0.7686647389117052
1.0621883809690342
-2.0106798083266093
-0.4959304013935145
-1.8680648464229141
0.02260688210292196
0.24176241652095928
0.3557067939610069
0.4690070829470464
-1.361881492104958
0.36346925867306423
-0.5593059673138134
-0.795239108640186
0.4547351993252294
-0.8281355284080005
-0.3890413194177611
0.8930068462121509
0.702300494267675
0.9345044179699779
1.2085509637083296
-1.0161814931945878
-0.14737553823190902
0.12555113428065637
-1.2873007112356567
0.8221644650343997
0.8798792469496345
0.4427231150280228
0.438945380595233
-1.3280331021563532
-0.6926072622867432
0.06326679350763743
0.9422486994048325
1.179704069136228
0.7120379038240995
2.155684107660604
-0.38713044867655516
-0.571797160493735
-0.48295353671911395
0.15125722642019604
-0.2111787357135777
-1.1031327209619854
-0.7021929777611852
0.22258839716121362
-0.31563539850117894
0.9302648864553633
1.0498851090567247
-1.8575493687445004
2.404998427976828
0.3373750157947102
-0.1281149360852753
2.2449415645733235
1.012178447700878
-1.1934929255612658
1.5291237956724382
0.5362050474444403
-1.6162600605369235
-0.24204209775607338
0.2514022395023334
-0.1696987474998592
0.5612144653074572
-0.9193409029125481
-0.4812695912111658
0.38599202506918595
-0.7585315412572337
-1.5116171603953108
-0.5034765910831713
0.9756662533520281
-0.5232471240439502
0.5490142300087814
0.7822095430513033
-0.003215245401503015
0.2873463491272079
-1.3787865753829962
-2.0162839907106993
-0.00922534242491062
0.33166555174633117
-0.015241321117081163
1.442823986229002
0.8891188329453997
0.7463370096207356
0.04146161013511986
-0.7023766166568962
-1.5419745023552085
0.8123029891686606
-0.6521190523646959
-0.9934291754670967
0.7335264704412108
0.900319673310354
1.2145829606784102
0.4253385606565281
1.0621195475387846
0.37148338884046045
0.038765788895204926
0.47908406081047206
0.5560747363848275
0.27242073821989793
-0.07827553313103905
-0.5471351865037669
-0.5432987905744193
-0.6508615338700199
0.4494387016277265
-1.3372552332865641
0.2528250140137806
-0.6719177035175633
-0.05716451419431696
0.5321937843024601
-0.39313992835943706
1.1235117512330541
1.7275054809196586
-0.0989025074545793
-0.4640206406086904
0.32978727243676276
-0.8765553816457887
1.988612621434156
-0.9001771999504982
0.17732876752669155
-0.019945747252261926
1.6326429209833218
0.1180294792180883
-0.05587473656982919
-1.5556984198560446
0.3647846135994124
-0.7993804804695156
0.022641705075794417
1.7674765005587185
0.9221802537652238
-1.3008529345070656
1.21056420344965
-0.3358244575100559
0.10331502893282853
-0.8210631633685347
-0.7910720003734371
0.4201280067163699
1.2519780467625126
0.5141115827695572
0.4449195929291308
-1.0629992690870806
0.26098806759754956
-0.3192690763599932
0.9963930695581593
-0.5870830442916551
0.7577886812849507
1.7962206598522648
0.5595490851060146
-0.36244870627036524
-0.5348989295322621
0.284909663501572
3.0399428903363748
1.2831071125054816
0.0809386165151749
-0.08950206576700978
-0.5539861446110862
-1.0382430107712413
0.9493310347540221
-1.985046151821551
-0.8592317942269728
1.281140145325698
0.7782552330607718
0.8350917102837789
1.829335631411346
-0.6192536913361791
-0.17753708141531874
-0.48839475574663666
0.7722567156256787
-0.14912574672743545
-0.2941862866582828
0.9566703130269073
0.13519545243667497
-0.019759994577629468
0.6097696550048896
-0.45550896960434456
0.36761664793846593
1.1569971291103125
-0.4563901347558128
1.0089512305244608
-0.5660276227297576
-1.2335419303893351
-0.13365688152116087
-0.062482608930083144
1.080821410351896
-0.30166691859549505
0.5346484404768261
1.3154914815724768
-0.23507296772188846
0.9006786574128235
0.9138459178246727
0.9921562477495672
-0.02202701843215623
-0.6968905086840824
0.39356443614750597
-1.1274120887330648
-0.30853949019157
-0.14051639556936274
-0.23231685009182085
-0.8241991880521146
0.3374829801948876
-0.9527341559761972
-0.6639630904941168
0.4613969777540246
-0.35749890173726867
-0.11371667623595079
-0.7276257736793156
1.0879822500214882
-0.6666539528103692
0.4780869570774552
0.8503829367311055
-1.6813986200222526
0.0920344140716935
1.6610306302161542
-0.37191737801212404
-0.5022323288945634
1.082517982171561
1.3311215979745197
1.2230537787003717
0.26094841665645757
0.9216796626366695
-1.039414421428125
1.0540241263120633
-1.389440452228073
0.6658557988807547
0.8161038196555582
0.476372609581539
-0.9771582289951801
-0.6682784302208592
0.4319228383478579
0.18938854324985846
-1.3722818898877247
0.24776217411103324
0.45715054112747
1.9006843560101652
1.5545893586385353
-0.28917414647168893
0.03533475721727181
-0.18410993750578244
1.2618237075388037
0.3502992539813684
1.6431039895470787
0.7743084157098122
-0.803699201900174
-0.7198380285193947
0.3356589185569467
-0.7148781016805531
-0.34271043527446443
0.9373719868786429
1.3629133268353149
0.5157062302886595
0.17957531408367214
1.2279193046497718
0.5131292024064275
-0.2121397700754121
-0.11266311694515321
-0.648724164853983
-1.1379210931414507
1.2699669713082447
0.4673367342234473
2.6588626162690656
0.06207329064954382
0.07442681558776547
-1.1181022480497962
0.8511204880403405
0.19722404480095926
0.4052201296016086
-0.21217554380757006
-0.3289380621326036
0.39882931146632356
-0.6899125355738922
-0.11640870236006294
0.160986547037711
1.2428167273458497
1.4263792887244269
0.1024370712744749
-0.32127502816604414
-0.5554722661656891
-0.9827223399389189
-0.012309463140017393
1.0167159598936217
0.29588854069686105
0.39626585727893215
-1.5054583527499312
-0.8157733021111191
0.14971351391722865
0.816671476257131
-1.539315082061354
2.38632269612386
0.08586846564111576
-1.569603147533727
-0.32106759345596025
0.2120059827082187
0.7740869354295444
2.0896409185746285
0.279234623605357
-0.9305207301901185
2.271668018644011
-0.594439218998692
0.1798430379980768
0.5131777247901982
0.8453706668890403
0.25123380994368244
-0.4159586217594785
0.3896253906313699
0.7575786666133771
0.6128402821847854
-0.5714004681003249
-0.7464781465023244
1.000085141660685
0.49737131684108177
0.39205710016987505
0.6281390311754486
2.071084684688973
-1.1271290431480145
-0.2843609054954485
-1.102299964720325
2.4902449686255568
1.7052890993448955
0.5431588190990294
0.9317205851830962
0.9941803080640552
-0.14068715458640244
1.0809489625579665
0.10367814439545303
0.9549049838259381
-0.2126176790413428
-0.5025604762805732
1.084216627858977
0.3464114716327659
-0.3684800965154171
0.01678664534660128
1.2724643413284318
0.7042671890374002
0.06817954322793172
-0.9346467669694858
0.10589887686930201
0.015166530974226131
-1.1244718623333645
-0.8416060068656435
0.7133755848621808
0.26607795257399525
0.22562213892697297
-1.2911452276693194
-0.8354692474152042
0.634230530287026
0.12797350018479692
0.5948090393492558
1.93141006300783
-0.7186897060370496
0.1347950304940181
-1.4347163093778694
1.0373686410086274
0.06967112741070332
-1.19815608976569
1.1130207398172238
0.10671751802793904
-1.8191885663005225
0.8762752829037451
1.6096707789787799
-0.4475813779486589
1.6091230404233687
-0.24694732190784488
-2.016946375607801
-1.2785081071951108
0.04089851897508907
1.2214426779660845
2.263618733036137
0.8888069271152553
0.27310250627413035
-0.28467175127800687
0.36156222619858347
-1.0638532233393176
-0.1514136294304652
-0.16626014307524234
2.227389268349523
1.9478222261881
0.67325866164338
0.23516772724365803
0.03208386340212388
-0.031303856425198846
0.009586007791220706
0.16481765997866515
-0.17464954831777452
0.24291022127422268
-0.8151741446422982
0.4897526528196362
0.6541058834457398
1.8837846166203225
-0.2828987306011466
-0.26058877461189994
0.23924429315571005
1.016311246080385
1.4752403213852765
1.0951079144843436
0.47038714322038233
-0.19391945010323078
1.5035432385735246
0.16473599658458637
-1.3621154900607506
0.8274381087695629
1.059892549856827
0.4992808884817398
1.0476700473821055
0.04991143125447419
-0.6691192425866025
2.0200874569986365
-0.41755354956884533
1.2211984826805953
1.0989143233117973
0.2997612464561262
0.3246026286443526
-0.8516984541459303
-0.8453438757675529
1.374882039137585
0.2932290601105749
-1.091050161046516
0.14883280095938706
0.06388471354981255
1.7967455719417833
-0.9292708029151245
0.3331903704261184
-1.1504889338115771
0.8310464689602569
-1.061214468422757
1.3221117947077372
2.1822958241960073
0.6436572961730759
-0.3745330703848937
0.2249002381326186
-1.8565741242857878
-0.704056279883416
1.8398894654901747
0.530985870783261
0.002039477056205262
0.9639879064775985
-1.4179049041491487
-0.083237688384125
-1.323257470260752
1.1990587012349194
1.3187829524725976
1.19025222402084
-0.6637046296514546
-0.04802958544731232
-0.4329624318240597
0.5953126184625871
1.2954148503295697
-1.4656077266684981
0.7768206202572372
0.1398456137014142
0.13099043612064137
-0.33445820888225747
0.5156863589109665
1.0167339013875174
0.2908847456483168
-0.19141309756208025
1.306223941643384
-2.1727784389945404
1.5653537397740491
1.6653959521953288
-0.06903905705076649
1.3598589229567242
0.6717621084584688
1.0021439714726856
1.001208040844787
0.27154662252113426
1.4603882278519837
0.4104997053570298
0.84879644336634
0.739599101287008
-0.6305476183311381
0.6652536838284832
1.7828381770614437
1.623982149554401
0.4452135972736095
-0.004485589042060559
0.8494263518928344
0.8217698137858693
-0.30815310499055787
1.7712507807238012
0.35692837527084514
1.3949728954823581
-0.006306945158626747
0.5966595753692079
0.70756075951411
-1.087143732133758
-0.6069696627690333
-0.05583446349126972
0.11133038248377261
0.0686562660978039
-0.041584682592976235
-0.35307552717441404
-0.3848780719776158
2.0903849133102965
0.29040560482184097
0.9965490097849076
-0.2982153467558029
-0.10950357613080039
0.6057768165674416
1.3741820945056542
-1.0879061733538586
2.342222716888815
0.8217979013314567
1.2100754415045294
-0.6773974236307904
0.19718288124856886
-0.62674945386781
0.5927007169805872
-0.16118907728008897
0.3077434565361091
0.2095824307134951
0.6436727610333183
-0.5080091961274278
0.8717164727289684
1.543122757156244
0.5704635033141646
-0.26142274185882874
-0.7873265576673083
1.2633563434661998
0.8032100944718167
0.5987747489921291
0.09584929657591564
1.424151869226819
1.839363333639502
-0.039822373290287184
0.6762431640325155
0.1076415630074722
0.8163294068411929
-0.7138444028208193
-0.02346678771892562
-1.0517688408087387
-1.2396084274046189
1.620288298835667
1.4373797333236136
1.5786144482895956
0.5112379086605664
0.05622250098035251
1.6863133110350914
0.5980412915342703
0.6278267492917555
0.4280160510631399
0.8762810572880467
-0.22530691274101447
-0.48088478435774623
0.9987812983643999
0.06391404587082147
0.05915171539204043
-2.428023025013137
-0.7344587731776338
1.1501607838096686
0.21430879495585803
-0.3947823394339432
1.3523396914946588
0.5664538773236469
0.5495094612815428
1.1294649925539353
-2.300808439956338
-1.5052577058903982
0.9983040463615495
1.2447085812692653
-0.5930342311540715
-0.7466660860268375
0.8030858029395952
-1.0277748423105668
0.286614025942664
0.3945902154218998
0.5090882212021158
-1.847568330942672
1.2863465339443843
-0.351354374803904
0.4435279429832472
0.01313133421433465
2.8573086631860884
0.1037458858961994
0.03674278791718352
-1.2561216972132625
1.5833785960312412
0.26845570910906474
-0.16205080279607312
0.10622560036244529
0.20899387095711683
-0.25800543682875277
-0.26971396829084787
1.5419340201688922
-0.18210877416981947
-0.07478494348987372
1.016021497023733
-0.49277231928818027
0.2625015762374955
0.22320012756210347
1.3278682850543861
1.3338494668766394
0.5823926748757399
1.0427369450530306
1.0464057988037232
0.7460071566376468
0.11180733009627296
0.6137232744442277
0.26070795847576916
1.012083986967541
-0.2748243245277753
1.482677534501822
-0.1815535041289375
-0.1508821965789978
0.055681381269982115
-0.1542760250463221
1.2372171891559032
-1.4331125134257765
-0.4701603890851616
-0.4398020052009836
0.42546534520902246
-0.7495323239345112
1.3631553204997726
-1.3668661188091444
0.03219847843265688
0.8999227322831571
-0.7335494599182005
-1.232009385241845
0.5374076734548804
0.9412082471902622
0.18205923523948037
-0.679161674592996
0.9123560489140256
-0.6870140234298557
1.1801924356125293
-0.4605267779080934
0.8327603113463256
0.4986900767055848
1.4509058800034835
0.3549717212559558
0.9755756235531164
-2.5184137279457173
2.0957910944293734
0.8132532805029676
0.6498986967495091
1.6398387241728931
1.4190038461318542
0.5988862458936971
1.057931793613812
-1.1060113067938246
-1.686916426070922
-0.32969119709548494
-0.05372378997296146
1.325892036485135
1.0551495563655244
0.32641562490390374
0.18613304443973155
-0.33653217215304
-0.06086156992575377
-1.4229859561028226
1.3855249104412883
0.7704541036634359
-0.8590652418646165
-1.7076888018581902
2.009651426132258
1.9103513559648218
-0.4984872289168528
0.3051370923625373
-1.6418136598322157
0.05402673966858608
-0.1390897503631978
-0.18056594418142471
-1.1060949769365076
-0.32163764078482426
0.3664742395567752
1.0716331565357158
1.4855080677989292
-0.6935029056030324
0.9302983737712835
-0.17257161680706695
0.4502533528207284
-1.539540230994854
0.5214048189444892
0.31876710510469086
1.9585680155391096
0.06986760653907802
-0.24742487863624044
-1.1503781853660497
0.07104499672671143
-1.879439001522504
0.0826986403598011
0.9844698205491299
1.3038492519863796
0.19973018279559165
0.6547922603428352
1.7189520688487099
0.15679007541937504
-0.25445224802213534
1.2668398333561044
-1.1159699878003269
-0.3604699085048469
-0.7647090142997929
1.2247188096785264
2.239959014138223
2.3073256310318975
-0.022865105113390388
0.5234183262714042
-0.8072514546504717
0.6151971029993752
0.1822640587330372
-0.1967216334989176
-0.45389828128676135
1.0417295439780787
0.0697899481975314
-0.10074859019838736
0.4872918553468961
0.9456695153992579
0.0036101276623463656
-0.06919222099440231
-1.012636548607015
-2.4858015704607044
1.3574689857278188
2.082575393911546
0.9251159769782262
-0.24010022572430176
-0.2029825616287827
0.5398729828386359
0.054148493319617935
1.6670733001431546
1.1549053246700887
-0.4106200370722191
-0.30158533579522223
-0.16741750264250735
-0.538056606247314
0.09916323657075582
1.44205874221309
-1.318544196648838
-2.6570082863685576
-0.29966613555191624
0.395940597952816
0.7602506287620068
0.7562225162686008
0.4799234671797876
0.5581829108398858
0.7256887745480765
0.3926833325028207
0.14022983407082443
-1.0288392256855179
0.5795975636280059
2.016787960235675
1.6367581246552072
0.635528029877479
-0.7879151615203133
1.3739713547509476
0.522785037102422
0.3813302478605596
0.6965526909443732
0.8543163869741917
-0.17831272584184563
0.6996520677875112
-0.24041085740857912
1.4130334641892193
2.6318027926525227
-0.5236261140816805
-0.7956702492638322
0.9197708082634937
-0.3131457475857025
3.4267396792661975
0.5033094806412998
0.06801751475951777
0.545345243896914
0.7415711711706812
-0.9354910395861648
1.1143962523335385
1.1440708899407048
0.4549540461495259
1.2439576179292324
0.30529056738744087
-0.27758749884070544
1.9208442823459655
1.451105334805565
1.0695269926526025
0.34041356829189867
-0.37975702436422504
-0.15513833892314996
-0.8482175163017263
0.7883687444000242
0.8228072514017988
0.7604869435926834
0.6077970513055437
0.3708084994236122
-1.8407482480743582
-0.9905188192647174
0.31331044183488654
1.1325983462034896
-1.4187628748234464
-1.726110373103816
-0.07262133915398919
0.7223489439425496
-0.7310184422624051
0.4326844192200767
1.5203450298846162
-0.4383476883361882
2.0597371045127204
0.16489168841345128
1.1217716585267656
-0.5426217303098608
2.4113170103891686
1.3158385744058148
1.1059352996276712
-0.807338531489302
-1.1913350849538733
-0.24954998137929438
-0.48170349480462227
-0.6076639527365135
-2.6703708779719166
-0.6307090788206378
0.5057677562732316
2.147152073508368
1.3502263292612136
1.3919264912723561
0.5340617103255304
1.3115231230239763
0.6070284249707323
0.4035751640885273
0.5401352378385632
0.2259670788666627
1.4489510364521638
1.3700631444531826
1.7126080201186569
1.571914109502075
0.6774703717853593
1.8456640165506435
1.4340935887780355
-1.5055099530118836
-0.3555420504627147
-0.8660932609964539
0.40432923233114415
-0.5814225283070087
-1.2150866295651708
0.5986597775679839
1.7752430899072515
-0.9655109882443803
-0.09640546681554231
0.07039050968704744
-0.4963779319063555
-0.09898917089367325
-1.0440667271384445
1.1865304618097363
1.813909888618118
0.6072998834473645
-0.28260223018376246
-0.23597458814450098
1.3224876333431372
0.941636670786153
0.6937262743502163
-0.5823033654515507
0.47152861670588037
0.4268223212961132
-0.3536980736437152
-0.7625945111497269
1.1685598624696225
-0.6300859165550647
1.041060675372942
0.3110299955115443
-1.4209643699800436
0.8812625269544458
0.9872229544172667
1.3409199119117898
-0.3324646392838652
0.050010239117407
-0.7810874699238189
-0.4887450271475904
0.43731649387034416
1.1967097074088517
-0.2069631202071643
1.3528414942310734
0.6103238598267583
1.8995076756644198
-1.109527392528166
1.3787307350597595
0.9382003670443885
-0.304347354185848
0.4069536183634706
0.6743843130139534
0.3197850563976204
1.4946160470736003
0.6411773897456973
-0.31222423374414676
0.6811909913718364
0.32989825126406325
0.04882110157781216
0.04271525981859684
1.33015749613413
0.029101253999724856
1.8978757070018721
-0.20903680315974832
0.4543858823422687
-0.15503060447319375
-0.12780774101352715
0.6210588934656042
-0.3723606307719252
0.775405607208062
-1.597585922805814
1.149205879831496
-0.09243014659401286
1.0944200034985019
-0.6509721396407734
-1.386367356999572
1.844199692475704
0.5588811664702249
0.31469042440903106
2.064265450650057
-0.17810765041503598
0.7121774383303487
0.05165288724591168
-1.6270701409613393
-1.0080330595935456
-0.32903693007602675
1.6918806409532057
0.36085721638224827
-2.32897142219889
0.6134220530284097
-1.0689469167799257
-0.8958052110039064
-0.7887767288725129
1.5406435883508254
0.7263998091956195
0.8680961223266457
-0.27786223394849324
0.05584434600633188
0.8630967377238897
-0.32060747220786856
1.0529045882151848
0.16887708585419778
-0.9599341756031293
-0.10784059344918603
0.664802415218463
2.0915807254887055
0.7617362225028979
1.016404318433885
-1.85095913263144
-1.4714282900958984
0.7256437697265726
1.121531657917239
0.3730846666061708
1.9925149488344567
-0.46090471532321503
0.41624921207312676
-0.11044760250725895
-0.9696170691154772
-1.1363753948552897
-1.1599351680883205
0.5071760056616764
0.4435520942360558
1.1871462748627446
-0.2526066888547341
0.7159254231211366
0.49847309771269965
0.7215317962171282
1.2325493241604595
0.4450631127463717
-0.3734624041657405
0.2358604024750737
1.2411893872994064
-0.23283838668288448
-1.521628272675829
1.3962092300101232
1.3316614906109967
0.3417974575518904
-0.5033296032477528
0.11026172756483997
2.4741211748440217
0.08804040757159526
-0.4656617415342527
-0.5479689323175273
1.0541633225548213
-2.3413753187306545
-0.5995569381551021
1.290493993304566
1.9182889754177268
-0.3629896404525728
-0.2091129426378579
0.30313882016243276
1.5540366664999266
1.221162811469634
0.710968894172824
-0.8514446875993187
1.1340125239578054
0.3693848875833354
0.09596473753194497
0.569521173779719
2.8333649439496864
-0.6002990555303485
0.4423234468662392
1.1324773277054914
-0.11768205089674098
0.20096755487348927
1.2767334946313298
0.6627157901449517
0.36186544549751604
0.13478223213588428
0.09676947743324757
-1.2280049619236262
-1.5285047024474774
0.4880668474377412
-0.6460787735646464
-0.08069894558186079
-1.6924118749301251
0.37983892512411976
0.41866963554149644
0.320410253498642
0.12884803892982155
1.3367308279482737
-0.04917310494090893
1.4326905012705708
2.0322759086807647
0.6434014079470124
0.4967832754492166
-0.16451576650559613
0.92559274291662
0.7099349979757946
-0.6649303243864617
0.9997830996122682
-0.3008707017774336
1.9117007296779207
0.5853209043870387
-0.7778032557630536
-1.575432606809071
0.11262390122056917
0.37728163195684017
0.6415151773987939
2.0977929641705266
-0.4680356406635754
1.2423925374800926
-0.6790554297674445
1.9136642758941147
0.5882844552672623
1.2070261475994526
2.4844230344814444
-0.32289866455668587
0.7019070021342357
0.9266943697360862
0.0723691978524583
-0.5435637436712702
1.2359078562536692
1.8304794849556436
0.28870266548672535
0.5927775929837004
0.23147817163081658
-0.2849993543894723
0.5280057903077565
-0.9586430490829444
-0.15316714590672453
-1.4074177309620486
-1.0161123761208777
0.9587961455822878
-0.4395570915148358
-0.3553689714644768
0.3741430971149934
0.24650302774806515
-1.752777105006787
0.002374128570642249
1.1428384961850355
0.6123222281391436
1.7172960737075258
-1.5960286312787912
-0.2100052396268523
1.3118058912727666
-1.9583301806649334
0.2824564539370413
0.13589233150614816
-0.39555935792864805
-0.31552812262731855
1.1162219609995718
-0.8916121186728128
0.3586413172001828
0.3974904583140069
-0.8273698164636938
0.09287852043402176
-0.6674046830754433
1.2411975465987326
0.756003960466251
1.9608212674719614
1.9500535282839888
0.1442700511382355
-0.2053272862484964
0.5511938793457493
-0.39417761852727967
0.6400176338814115
-0.3199738670706204
0.2899110375060049
-1.4360177281674766
-0.3004859534005743
0.021564599193938733
0.49536824499291887
2.3386935590257405
-0.3344825167735523
-0.9116046333318891
-1.7022355665173265
-1.516480179792627
-0.6130378713334025
-0.6016805885577617
1.301765501867608
0.7464571467691455
1.2792706485089094
0.4029873184988817
-0.09724653092513567
0.4885704813122202
-2.295085057862867
0.20079556038578206
-0.6531983411519671
-1.559722296893765
1.0235205982683577
0.23260346013465527
-0.9366871255283217
-0.37227251934402245
0.6556366393609121
-0.6206175722022188
1.21890429654627
0.8409193510689171
-0.10907883547906813
-1.4617472129561349
-0.6842520861393266
-1.1881369293974051
-1.183557242953551
0.14595441332215245
1.2405630545462827
0.26119228005858264
-1.8902856824410237
0.9235724337002876
0.2695743012421686
-0.5457835461083502
1.4210032553981546
0.7496019731455675
-0.9896445761923075
0.6580044495547825
-0.21660843548612346
0.2600305751063828
0.26151773230922376
0.18640561095159103
-0.7393452777646637
-0.5434551800476621
0.07946083064965283
0.5207539358154575
-0.4001496373905171
-0.3426792240793425
1.0398566335126613
3.2860254189146425
2.325902245505347
1.1098126636649985
0.4421573071150815
0.6992138596356255
-0.02884092552577474
0.988967912120797
-0.2598958291855618
0.15750643533549638
-0.8039324929342913
-0.49671968316135406
0.7372646687609875
-0.8615531443416984
0.960533401341592
2.353522259910528
-0.68821349721416
0.5732334550337754
-0.5912201353763729
0.7223914537418566
-0.737195493836994
1.2121663006666943
0.45526368254215516
-1.3784615099935553
1.259754306595449
0.3583992659905919
-0.24371721363037305
-1.6457106487976019
-1.1344751991351012
-1.7626017376305783
2.083472943983027
-2.0352689406593325
0.11031319660782701
1.1372899727820451
0.6097642893739927
0.9409393556805273
0.8381982905655083
0.7766029790715591
0.2225155616550162
0.6591213055674793
-0.4957375368717161
-0.46315122504319706
2.58240357213428
-0.5957263540072079
-1.0982553600411729
-0.6637311280198249
0.5507776618233267
-0.8129495288655477
1.2644259646480684
0.015182704304373287
-0.13860793658621492
1.1022305201739762
0.7209329326193361
0.31255743224558136
0.27120066455874475
1.8394923582701614
-0.5488252621475745
0.9725793855105553
-0.06604950210935244
0.48200949020116834
-1.6887630019352646
0.3233915616280896
1.4751718332779544
-0.6171353857454533
-0.11717417809931166
0.10432659073300395
0.43692454223640304
-1.4248051549827576
2.7981296238310924
-0.2878326162117902
-0.45923598790403103
-0.7691898880427879
-0.48743858526421285
-0.20788127374163587
0.6457433434725407
-1.6987393761862457
-0.38534581036059196
1.3309754086910972
0.6087428444839752
-0.22106557603970825
0.7550711441099807
-0.10292012766435552
1.7254517255099613
-1.0077058748557817
-0.011380620848296961
0.4033490088576738
0.351271925324659
-1.3168015304133456
-0.319767932325852
1.1410691357519125
-0.48963856463524275
-0.05206859673291998
-0.6401753259713379
-0.31769512100971387
0.17351283695833206
1.009463322170167
-0.5643108926727878
-0.860927496359894
0.7014732985604138
-1.392357282103208
-0.9806736670179761
0.46712486874544357
1.4285937913018913
1.2400353871347145
-1.9716719436393535
-0.784993935209296
2.2530514542901594
-0.5468950055245897
-0.37747506968568273
-2.057587746646833
-0.021231219331628238
1.846446615140672
0.04142311345927575
2.133949122568967
-0.8963202375491051
1.5462859216599378
-1.4508831391048738
0.4518300219066336
1.1928251916343289
-0.17039404282553539
0.7669882380848172
1.209747972465361
1.1883229694438933
0.4115164121545973
0.7776900018501371
0.35212223856096864
1.3535150556219255
0.7055340464362463
-0.7320764378749016
0.7124061920342334
0.05129285988599894
0.12812171318640633
-0.6217684375013584
1.1721271305395977
-0.7372374567764964
0.03920282898632422
0.8045733022105213
0.8382161389826149
-0.6889249607933758
0.7279812836874233
-0.17277583852468018
-1.171837971411866
-0.8461340878788537
-0.4170862929210308
-1.0974005516353267
-0.25992745647409343
0.3682985661990192
0.2843885069158257
-0.2999130558130391
0.052675007922549144
0.8545564519921662
0.6162996357974238
0.08965788645498832
-1.7150890248579664
-0.45048094050096
2.7982507143470503
1.3639521532652983
1.2060427615053757
0.9820456023060535
0.13808254459229935
1.7969434842064695
-0.005254472827897378
1.3020066368072274
0.26714738646134367
0.5062209216261736
-2.7697884386070757
-0.31733882969725913
0.9914685628025153
1.1520790357683595
1.7303443942282093
2.3123235218969262
-0.024939710816505253
0.07904353983009367
-1.018395546009422
0.032151441381194364
-0.060252957021063494
0.11727299459330563
-2.0549262459249356
1.5052946278290034
0.8693821211370931
0.6553803082771876
1.6107093457251767
0.49912717060264394
0.5621115182160256
-0.4032421176149638
0.10209030456620627
1.9096592165190067
0.4565093720176548
0.04445826558684484
0.04783238354634576
-0.5741133008504892
0.7454110001019802
1.401197035269628
-0.746142799671605
0.640711545045473
0.2921602637842163
-0.7741628677788919
0.12244108663745888
1.184281916511833
1.5934402474273286
0.9992257535006175
0.2237623630320792
1.0063832993717883
1.2298799346341827
0.554935524715947
1.718143767319537
0.8053153650013882
-0.10125047933897095
-0.7768942738476103
0.7235162204856621
-0.32852068444657195
-0.6312043067258954
0.30382211302261986
-0.5923775462025214
-0.07245724176555973
0.6114481608899688
1.657657088992071
-1.8458316177640899
1.0052893224082646
0.1893200835560704
0.4814974454288989
-1.7526055408889898
0.3048108641852523
0.1604127066478866
-1.2207660155203426
-0.49793855175602764
0.6868061778798725
1.2279613458427547
-1.5180423810787882
0.46060586643091617
1.5285248019037658
-0.27411285539919467
-0.49301840540914593
1.6423687367132969
0.35676764163870156
-0.32789109116325516
-1.2106105638827522
-1.067260380456094
0.10123570488912219
0.2248005097372789
0.8616928402910103
-0.3753612768344329
-0.07910002450708527
-1.3542396654073787
1.0978253136138905
-0.05747643318265016
1.4708123872610592
1.2937626986610966
-0.6423989090109327
1.3142077831569465
-0.06778952099544554
1.0414026147795927
0.16104821692236954
0.7031207924316579
-0.6834661935908367
0.4192734016376969
-0.7459221597597893
1.5319587176813065
-0.26191296208680037
-0.05840403083234009
-0.5335563778293956
-1.07246694232756
1.0146543207295229
0.11179047151488411
0.12965677772415427
-0.43561003118695774
-0.9231036401170489
0.10942376134525306
0.16585312207013853
-0.7165757635434233
0.14732662802784505
1.036806527369305
1.6529165517202746
1.3747370850857725
1.891419243579393
0.6936928525200974
-1.4749145326840052
0.7597529818342239
-0.5247423133859053
0.9493025193556217
0.10776084663305083
-0.8597128409525838
1.3827055968763022
1.3189633722753764
2.440737754395509
-0.5233313950674561
-1.1252579165722114
1.2600071627670097
1.3403682727932118
-0.9231022574819581
0.4448401584750312
-0.8226798438749109
0.5782926056823977
-1.0893561433634769
-0.2516635072232948
1.1407592210311834
-0.24789064783773496
-0.6973878394981394
0.8874953784025544
-0.26727886631618814
0.1906557524485774
0.7174608632474423
0.8889636142426618
0.10900880012754223
-0.519277614387593
0.47064447886087885
-0.06219170222777251
1.9575747893049018
0.95270151726169
0.4052323264769343
1.748443990787328
-1.8970167164064622
0.6825078205950875
-0.11320379246229624
-0.30213497050538535
1.3952541233280382
-0.7701140946015888
-0.08031135680352089
0.923437458879655
0.41999575628410313
-0.16331749252281372
-0.01093369426554866
1.2130203449118695
2.1356343920964096
-0.4874254346946821
-0.331250028966069
-0.468609875270103
0.019953672168610475
0.6043276007044285
0.8516522790461503
1.627109885433815
2.314001838019269
0.37879600877999897
1.8398500514612388
-1.2843601796397983
-0.6515159885526345
2.0640410068705854
0.48871873260346677
1.3809117541746634
0.43327097511796503
1.0590615389605815
-0.45676731058760833
-0.9436584686103208
0.7256288230140954
0.005453424066140115
-0.10549648396694056
-0.2843784525771678
0.4983832579373562
-1.392329047492906
1.3359666207669003
-0.2464112383736442
-0.2008217697888963
0.04821896734656973
1.5003842830370062
-0.27074354806970435
0.12177554255220263
1.0669726398136585
-0.09328429011828761
-0.1867638977337447
1.370129236297057
0.3303504574047725
0.9173773620116815
-1.853610286948039
0.05193775633197316
-1.542741399718756
1.039223968687397
0.23819846312979026
0.28053956282745135
1.6492058218841137
-0.4217816313893956
-0.26153506968277596
0.626296033188633
-1.1100902611654955
1.7311117478577673
0.3513904899670699
0.9741430177859309
1.0786242270810098
0.8265698187403131
-1.1204841094697013
-0.3235722962540304
2.4268903698062028
0.5764406465255317
-1.8874719277922596
2.05964868153072
-0.5722060718245172
0.488098961121405
0.9198705815530738
-0.5279138851536205
-0.6693478263439399
0.3573135173343917
-0.7630831190395791
1.2062274391264862
-0.06769120283904788
-1.542042758852833
0.3212171211933007
0.7656556373566101
0.2032422058729607
1.538609706171502
0.4092572279185129
-0.053153121349010846
0.7855845150426055
1.4216979504312797
-0.6686080985488443
-0.05136693116514354
-0.6029776649623058
-0.11660268978980332
0.6972717631113241
1.0719514010701408
1.5348007829242372
2.618727970985946
0.3895712813151837
0.5099261257415542
-0.38421168440191994
1.0108554997082788
-1.5239641580341157
-0.45360756749186415
1.2988470927377913
-0.21147617947127295
0.9830532630986908
0.08069721552930591
1.082858729953431
1.8018958203531672
0.5993229702450089
-0.2950070408382471
0.6168436246608116
1.29487826439159
0.19098422356124342
0.8512151376673242
1.308692427194386
2.4933868841297078
0.5462475262961126
1.0706336778145222
5
0.4736872970860899
-0.3208502793685774
-0.2643669359283169
1.9486368760266046
-1.2037378369889773
0.820665799009826
-0.6685171816215477
-0.2807358488433472
1.640155843075888
-2.114800281447258
0.430426282570966
0.10442525940718532
-1.3991013789838949
-1.1625706700802008
1.5722715329715125
0.626112860370714
-0.13922029062341915
-1.535436733166241
-1.9386789551875447
1.468433461131283
0.8071075416137927
-1.4009695008945673
-0.8259286097874031
0.926540779626919
0.8883442852917821
0.4124749127614296
-0.04061493804702369
-0.44888415504883855
0.821280910668838
1.9794408786022608
3.1292116968533326
-0.523348430156747
0.13601566000249848
1.0064856170293603
1.0565957095198546
-1.2988548353754503
2.9503431507637727
0.3278833775074607
2.3251182501463417
-1.4411140358244943
-1.2618547075560957
0.3744919606306553
1.1835335022532565
-1.5924535664443427
0.662766599046741
-0.4525216246702739
0.736252896221367
1.8323756855541737
0.19249268282517093
0.24677646706204956
1.3647400776966405
-0.07950839517815296
-0.9024400656639697
-0.28613692504213134
-0.26934568601159437
-0.2790511061760896
-0.3953018759378223
1.6877873749642438
0.34846356005409634
3.237597635655406
-0.7057022926445485
-0.6523211222770302
0.8479689268916051
1.7549477290942386
-0.07508858908360441
1.705340568340674
-0.2848183391235785
1.2767747753591225
0.4846777686943892
0.024396435588155532
0.5002434669487388
0.3621801006250302
0.16410629999390627
0.1428853175452336
-1.2720703450864783
-1.2632631007395838
0.40965316061942364
0.8131856931213387
0.6364768096398434
1.549635664198627
0.5125152194434668
-0.2656322800809967
-0.4095376720034761
-1.6118495661218546
-1.3688470011872869
0.31462544304837675
1.4396016195338655
-0.7569439644311792
2.6485485888643363
-0.2974821255154699
-1.0842284171078291
0.7188956292136118
-0.5719173566605651
0.6126120047145731
2.5167344479557126
-0.24731891432939046
3.3939135401324343
1.5143157316803721
1.0570542886585368
-1.1059248437823952
2.0763696302251997
-0.10683827507741804
-0.11810672254484784
-0.023023195800616597
-0.8377812330206744
1.2870811810860756
-1.69775786548281
0.36436328931144946
3.097602617419727
0.6399740522999298
0.8846972074726099
-1.8778447306788395
1.5964599097837442
0.4161513264982034
-0.9337285987709368
1.2741424347787529
-0.26967735950570493
-1.8321325820391827
-0.17805663557794296
2.033828426791723
-0.11253407178179495
-0.4398524233454232
-0.3915742677490546
-1.498481408099468
-0.14791367177128892
-0.851324929653213
0.8565191009468065
-0.6768921596171639
-1.056327987460608
-1.2811373099438907
0.42467605021224997
0.804512748903649
0.1022047138882721
1.0120326701667504
-2.435455528381168
2.148900715210528
-0.6865252032936925
-0.4412964067250595
0.21082650229672595
-0.6698169203017347
-1.367960565647451
2.6384357427843352
-2.139982272128356
-0.6357848578231488
-1.748290071712452
3.5376811981403904
0.3812591115374706
-0.5600822674117985
1.886520946788898
1.7489016872330048
1
7.801757328453109
-16.450671190248222
-11.55591737258059
-17.959020281320534
7.749313930998173
1.1411177836351762
