80
3
5
-0.06775557732293494
0.2102432302249609
0.2913697606286465
1.58255810640128
-0.7489840403968104
-0.44749888687686457
0.39367840782170044
0.0015652650868791633
-0.29970407496986723
0.6852182607528735
-1.9419622552250244
-0.7529469160794598
1.2596572174702978
1.250964193313347
-0.8916101373830724
2.2681357021239705
0.13747231559639364
2.2753551747186087
0.6357819204123415
1.8152998865775725
0.4622735566775051
0.724828906364763
0.3381525405473914
0.8959065697164093
0.8682665996068153
-0.35411981674258447
0.43572199666104605
-0.10601595268303411
-0.6379114637614812
0.6777588610566961
0.34960725652697955
-1.756833155695346
0.13848235260218733
-0.3167968799508261
1.8456400013950829
-1.0457808011465564
0.7849661703633745
0.7437130485322057
-0.7861608326740135
-1.1035341243547652
-0.30650965611081
0.4299581895901162
-0.28655000350827237
1.1732605853405973
1.15860378101496
1.793895514026218
0.14335683865815202
1.1312959960577726
0.310799077653422
-0.9667627965406704
-0.4555072054543807
-1.143557800193363
-1.312156628055154
-0.6164289101951054
1.6866692830887708
0.3006179252888209
-0.5900728701413823
-0.7749042241490345
-0.4022452349598523
-1.1953917699442504
-0.30668585696475886
-0.5425336407253158
0.2795347033454855
0.05519863991116224
0.467959549524322
0.3069389160887422
0.14510883041839412
-0.25872019684461156
0.97374068176117
0.2443075723596374
-1.2294934434866687
0.5507286444064453
1.5245109025532955
0.2957682806094662
-0.6442288517396069
2.6615295022699126
1.12753738211608
-2.1057171489820012
-1.616786915660437
-0.5466476061598515
-0.07416854983166954
0.21665135143354552
1.0076585391840645
0.20180106892104366
-0.5997754500453667
1.3542746897828875
1.0418882979675015
0.3954489777664588
0.8816306224168416
-0.5741436064017985
-0.017052736859886414
-0.24751842976833363
2.262664896802608
2.282993882340371
-3.9121751892182153
1.6660082380043562
1.1950642401169527
0.9377023204052993
-0.9417175672314406
0.9836848373851601
-1.9930153701757833
-0.3491629976582481
-1.165331842715442
0.7476814218489456
-0.23144074306942494
-0.8420071009115252
-0.368518253259965
2.3680021313491695
1.3478039249540599
-0.1594271787592206
1.6058671777758735
-0.8931598424159461
0.44578033259214794
1.128169926631333
1.9873251218557921
-0.46237415448663827
0.07280464429280702
0.2046707812474805
3.364378207425949
-0.8015986306611155
-0.20376906175074344
0.1827890204337408
-0.5246311127115778
0.8876052756918914
-0.35992912407700284
0.4665151448623115
0.9849534059968486
2.0865898906599485
2.217971969001159
-0.7087343789283961
1.4332109526246013
0.19735077721583152
-0.5050102152972148
-0.3155968211069625
0.1548036702344747
0.9321062048591565
0.24688415009438547
0.15597148802013527
-0.28883565575204584
0.2578407084069696
0.2116474594332163
2.2106654822225495
1.2971530236371804
1.045502463051755
1.4612198166531585
0.7972550828696328
0.6569085686100167
2.2874889631745643
0.10195814889092654
-1.6130681513683773
0.5595652902432154
0.4150910994421548
1.0901651173356102
1.0611616039909988
-1.0515977075131686
-0.020666101526251476
-0.8772532084851531
0.9286887137149202
-0.03596189593152628
-0.27606212926245105
-0.5204249234427181
0.5740603438147325
0.9787403176537817
1.3609621514212524
0.5702402813464128
0.9870234297059973
0.2285569526702206
0.4025186153418364
1.1080882361986786
-0.7026510604522425
1.1442569924950767
0.3748951059878249
2.8763416584585983
0.8388986036767051
-1.7471072145737376
-0.38059739384960917
0.17336200535790416
1.8002743382680941
-0.8111541919346229
1.7757133228609645
-0.11373187128699834
-0.9976362790359857
0.946718110004106
-0.004678472494037383
0.7143301296755341
-1.08272853088207
0.3987375247988644
0.3362508833211426
0.9376792476854688
-0.5518548449280278
0.38712197693955447
-1.9213712514187178
-1.1513643656376196
-0.09551084750587553
-0.9568825450959514
0.3332235007248532
-1.714460169542675
0.8242037433143391
0.294423686296806
-0.74751547463272
1.0735597047493912
1.040152161141194
0.7564266337022388
1.0182505250580798
-0.3341147974753812
1.4445346671007853
0.11620386240317612
-0.24707286045635965
-0.6771636641662189
0.8838843377143432
0.39258016641818866
0.7647904950969597
-0.7638312277965015
0.9746806401058561
0.2700049660161718
-1.0885551620491012
-0.011520022937016938
2.238660175349996
0.5920849237081646
0.20589442201304603
0.272155576988691
1.0847884191229145
0.9763358346251673
-1.5897054468217031
0.6562565048875485
0.607216068917768
-0.33596646425370985
-0.0344164473271505
0.855685497755463
0.6982597057326464
-0.1803269018457438
0.27381577461258705
-0.47831077399981453
0.469630151695864
-1.5245603562599834
1.9221812598652848
-0.26963118018065396
0.2924185549924015
-0.11596197440384776
1.3312069226742462
0.24503897271279365
0.9663105068902461
0.6944227613035107
0.9805426828814162
1.025340093783628
1.0135975830144117
-1.576152388825843
0.1133504032027788
0.00803022620565847
0.33664691702960814
-0.01655994256565805
0.8333474303168092
0.4861978625065632
0.41624080012770015
0.2600921609160088
1.8830181136564643
2.0736546576765127
-0.3493637477512911
1.8371721711337723
1.7524120206358713
1.8156764477252325
0.4408977727135444
0.14401451123275788
0.6999272598513435
0.8339393993005946
0.8722097919430173
0.3843195520147671
0.7611528827032236
0.38568727346556975
1.8687882233830857
-1.1771110161602019
0.7990679453631261
0.5838565890484927
-0.548381505371334
-0.30420780537252506
0.2696443151312645
0.7536136705644826
0.4482756332911252
-0.06159771487980852
-1.156805183752906
1.2744850826644822
0.12293219663813819
0.6517611049750894
-0.6887453386704218
0.8923304363609121
-0.2772877002153787
0.41929367290069586
0.3686244356899626
1.4529360008189032
-0.18624144450197858
-1.4848706379656844
1.3486237171005524
1.1951657638570943
1.1588018896615826
-0.03270908164103445
-1.085205832067961
0.7878474859833179
0.5556836649201276
0.815732322372286
-0.2403444145251613
0.4440281953222282
-1.7495531750538498
1.0098440399219701
0.35027098807105944
-0.5927073947075188
1.8070924638742485
0.10772542722643544
-0.9209844732405302
0.3075307695079784
-0.30972257016972266
1.4958722661625792
-0.7089844795125684
0.7901527111213691
-0.9474213912014103
0.20949386733960454
0.17404195826859495
2.586980271970342
0.8428972113978455
-2.363171684596726
-0.23144917437242704
-0.8176415304057368
0.6340439742330257
-0.2066111991865726
-0.13217374352238984
-1.2882174430417679
-0.9263160929858018
1.828084741534937
1.1548609969222887
1.9573518589620567
0.6063008391757481
-0.6199123942585875
1.677496764999922
2.233489616336114
1.8157779464949737
-1.523520062074093
3.397814160888473
-0.23717126054370347
0.8216291483758856
-1.1509689856989052
0.628916322680554
0.9861643641446795
0.8635157798239752
-1.0196781658258631
0.49510911503652866
-1.1918472388390753
-2.0364083308740066
0.7448390876574765
0.7416927175066547
1.8685952088006408
0.5423163987040681
1.5043618581100808
-0.37730847746366086
0.21146847826712953
0.583116899373963
1.1063458483787132
0.20938457852744927
1.0753829114674915
0.7540862980790172
0.5235071898122257
-0.2740257156499061
-1.5912166756396104
0.0067087998783117615
0.6357236697590063
0.24750702649401765
0.8593425765139406
0.7806762864315869
1.8398644055929383
0.18534875857487373
1.7193929019241925
-0.9084178843805727
-0.027860862508786485
0.5027574998589125
0.5060805242105136
0.24766314633669217
0.5161017762147713
0.07046327612119702
-0.7736559969801715
2.4134259815938712
1.0414113996882066
1.1191007286309982
-0.7630550900273368
1.7763763599296025
1.1491830689388187
-0.9215658610117067
-1.691828683827022
-0.5983128677693456
-0.24681144294125024
2.181359773530326
1.5499068996832113
0.9702662427035323
-0.2808442729506707
1.4229229948263076
-0.2659827675487822
1.7585488688147484
-0.4380193781120658
-1.1645430231116984
-0.26402641686712924
1.0198049209242253
0.714831157019064
1.6926826101417602
0.11030265852756634
0.7699275451595224
2.2355557565613493
0.10554025494979419
-0.1117182319001572
6
2.5204228781167823
5.13328686347217
2.778091651933424
-0.5740558947093839
2.8234790345204344
2.028521541712556
2.7910295458466723
3.7456723849244464
-0.8948618422509151
2.2661816095049345
1.9622688937225001
3.41700421196215
3.5143744773593313
-1.2078919041726812
3.311751220255532
3.720730898269072
2.9797607620791577
0.5689351745631016
-1.8508880301676913
3.817845591120686
3.5093382789191048
4.030199412158242
3.4102028893826333
0.26422184596246373
2.627334525619316
2.099660857858067
2.1110219985245253
3.011638074369232
-0.75243340414617
4.88594048232166
-1.4341286434235405
2.092313174282459
1.7532013214249664
-1.3046789806075154
1.2892902849946501
-0.2740398013994099
1
-12.328917410955203
-10.633456216217764
-11.030033109741131
-11.3153778921034
-11.595501047045058
-11.460266920221294
-0.29601094276069306
80
4
23
1.203029274665595
1.1639672174447604
0.2037191702727149
-0.3502080033804269
0.3322347860637415
-0.43531616445193627
1.4182116946472596
-0.2548800904451393
-0.2585480867146603
-0.5662017359466076
-0.22420521513934005
0.7897775113779623
-0.5031170367465823
0.7144674168935234
0.3143482789512632
0.5240962145025405
-0.11189609363489994
0.8625565875493592
0.05319374057102788
0.9964053868938417
1.5850466174599305
0.5934837324202895
0.2480141885686675
0.9999847335293652
-0.2622616310101641
0.3207884932650422
0.4637533933900274
0.8095825404657246
-1.2048217798170975
0.8260078661894633
1.338005136263582
-0.2729457193627926
0.5927801585369656
-0.43250126206392087
0.46293419204913505
0.9328475980314871
0.21690968246782624
0.3498607403380194
0.34189358322489305
-1.2512592177273825
0.6201047078122585
-0.7633623735899249
0.1573869537493347
-0.7772552522603159
0.1930778734011761
0.4342512596970627
0.3885338253367636
0.28561358914360757
0.4296861593110176
0.6107589789776032
-0.9076641071839944
0.9709872562320545
2.3754322887512016
-0.13509030837553074
1.1748652467181446
1.379135080618547
0.9553342958040418
-1.3762916123670899
-1.4847296736778726
-0.792465391641567
0.9522527853123816
0.9027495512404773
0.8451311196590201
1.7715547205199131
1.2582860935747706
-0.7410595698599792
-0.14399969841115937
0.8806951270432177
0.8168043283627155
-0.6172776837110565
0.19931912118658143
1.5006103659790033
-0.06072006273408592
0.05932911644367504
0.3749258888439862
-0.33593122961442684
0.7347215171063296
0.9634723000388179
1.018652416373323
-0.7432110764641394
-0.002098831844004709
0.6393093358175312
2.4107044227677257
0.5272320623505456
-0.4360363060257221
0.9079148398068683
0.4170500058798713
1.3168500927078395
-0.11638524681849202
0.30327430428601154
-0.06959599768206849
-1.2520287122484446
0.22992173640839908
0.7066308691102723
-0.11337449106527085
1.1118675257383466
1.8385153373051701
1.5117751946397797
-0.7453907923709596
0.7888033298141263
0.8346518716908087
0.4624038369785041
0.6391355240476603
-1.2607423179677715
0.3214020391095684
1.8750929045398326
-0.29708135872405256
-0.2705553793789516
0.09973817648490924
1.0187800063449737
0.7891361703507813
-0.33170837500800127
-0.8258541058936438
-0.2765271669172849
1.9595005576754352
-0.19131879983125727
-0.39991558883380596
0.5732240763992569
0.3499724726305873
-0.43005844758225115
0.2872349176511109
0.08538019691149164
0.3517716001689571
0.9457364762384008
0.9816264671735451
0.7783433515390727
-2.4708179429453336
0.824475287887865
-1.1427022696423705
0.23186630633281588
-0.6634039007142166
1.3176813225354784
-1.1701036232621356
-0.20042738445165156
-0.2605424817251587
0.8402662133067812
0.26130033944279424
1.1011210867160357
-0.1417071126241522
-1.721192451569073
0.8198647136349436
0.5880471065421639
-0.5720283866778552
-0.13240443035500452
1.3486146909724979
1.0597057667399603
0.6214504767180523
0.14296009942391874
0.4507886267768075
1.2441812043972216
0.5958389428028099
-0.667834748618581
0.25318144994545677
0.5465397681540127
0.575035591549316
0.39786399348033735
-0.12450369188971476
-0.7823240534487865
0.8342403121991245
-0.1872819743249505
0.798408412606278
-0.837003876703854
0.8399163732015369
0.6153732024068069
-1.07632766873896
0.9169973984199837
0.30246563612625227
1.242280290594221
1.1917311095248515
-0.1357283675594027
-0.029775554919171505
0.23035644157882215
1.2340669255718915
0.09468821987736337
-0.116631242127013
0.05350945797134958
0.6306958348054557
0.8312680410591224
2.8144881899891554
0.6206800635533926
2.0635734215591413
1.2061082193481776
1.004851934444803
1.1484336666462216
0.04973224681673611
-0.1515201584309238
0.25555938899410025
-0.48972721364738514
0.7749054380491002
-0.3134682787725515
0.08192136831789294
-0.7960295535578388
1.4661957602017546
0.5587305910738339
-0.09803567716921546
0.8070183159609265
-0.569793738865838
-0.39133381977617454
-0.1998312158962231
1.6311847574744625
0.6354793470892118
0.0689444508585632
-0.2781612864402442
-0.38894214114739045
1.5484316397634017
1.5353938151273727
0.3430541496310867
-1.2957104197382208
2.052974870102288
0.37528516503115394
-0.08670670438746425
0.5590402694749949
-0.9317567040678308
0.4555421626466714
-0.0748963780180359
0.16776039507118928
0.053843491664807994
0.8034817124079865
-1.3352658741262673
0.5704140787565122
-0.8543680230509114
0.9985473846803977
-0.31062243205567
-0.6700784603140493
0.8395741638887423
0.3261654892654949
0.9851816667341052
0.4298969480499154
0.4299605207666942
-1.0700426966557728
0.12324497634377769
0.5749658295087283
1.0354238430881324
1.0153743069215981
-1.1467056433273068
0.8093652419705749
1.2042716393330035
-0.6285914748844732
0.0166317055355128
1.6018380514447648
2.468933773414206
0.6044577169918688
0.4400149730239939
0.12695134963449822
0.1672277375597774
0.6430858446231528
-0.22583019236993157
-0.8773284670357153
-0.1599775066718399
1.1556639145991805
0.5413373019367134
-0.46722607676710365
1.7484544484325464
-0.5653158196322213
0.9557207717369669
-0.16099242417129359
-0.6864962226791433
1.0894215861050285
0.6546895970456522
0.6314605057660931
0.752126599847136
0.059083989736570294
-0.3086628552430115
-0.5991958499698078
-0.04576292033620793
-0.5986994632721913
0.2687704114557455
0.11434044015759379
-2.059865210254216
0.36928911660801217
-0.2604924233789772
0.5417527116478373
0.364854494523808
0.5580944006688786
-0.29992819103004703
-0.24708334285151046
-0.9455847613973309
0.5926359475663716
1.262607371704499
-1.479363661712837
-1.798406054889725
-0.23201166676619983
1.2225643426173365
0.1836210493768716
-0.4846488403071858
-0.5638204360287019
0.9880725101625663
-0.09551420535606037
-0.13135590781085227
-0.6663542680418818
-0.8039886001438415
2.1505009678469587
1.0601841839259463
0.3225321510498013
0.8319012183567602
-1.0071524754331742
0.25399031245867465
0.7760746103475473
0.8167815706384944
0.9726056691980801
1.5612162867608854
1.1595949943008708
-0.611501825019555
0.4256804402788182
-0.14920463521774166
0.15944477683857172
1.8608895308131812
-0.695681088489762
-0.11402575225656131
1.3709597010725623
-1.616533206481048
0.4366288974038415
0.5915535591082571
0.4205488162648663
0.455687331831656
0.7523782952132789
0.9595499521349388
0.10975096280103395
-1.1012816378201589
1.1304337276144352
-0.2892686247959652
0.12964152945450866
0.721912988082641
-0.37507670604994303
1.2610683582760913
0.4464063752693603
-0.5038796491464841
1.1560842783377374
-0.12197552876654555
1.738633373919058
0.4699779576151842
0.6004400743045313
0.09137984180061022
0.11301348203559691
0.3379025321576562
0.14196373262604603
0.7840462194010865
1.8219059253065006
0.06983603631556864
0.9685899530500433
0.5709802594837339
1.763275442870719
0.7731887463538318
0.330906001027756
0.344565168388743
-1.290545952568449
0.4181818624401655
-0.15438510307011877
-0.2941905776914911
0.3266868150498803
0.7849929476324309
0.06165476520719983
-0.1329486401426582
0.2674252380169648
0.6899864430553182
0.0454722231090411
1.931013570734955
0.39133615761185675
1.1062383924749364
0.365728349198948
0.6494288066655063
-0.4948570409156574
0.9569285114524292
-0.48959775921130405
-0.44710123793211304
-0.4039994420095584
-0.565274066690168
-0.04631750827412025
-1.024158407204309
0.7700339365786188
0.416028893243691
0.47125216493976463
-0.2568045420836572
1.6141532528528013
0.41557922182309004
0.3952687040721059
0.9861415575623896
-1.0220828568944988
-0.39637315083764785
0.9474445472745107
0.7879761773153594
0.955830102290026
0.7080298007894371
0.509108062965128
-0.20087488646218588
1.014495845155163
-0.6343156926405458
-0.39556091476883104
0.6793274607918642
-0.5406784909495069
1.0701908784915946
-0.646077832594161
1.0353434300973752
0.6954350924112048
0.01898417953164251
0.28193682857599306
0.776153490353134
-0.9406858218046548
1.124836634005318
0.5191621722157597
0.40290900802265334
0.5432080137758489
0.35072793188134155
1.0115589084136114
-0.8452282001021547
-0.5833013312812448
0.7388635284332292
0.15230183212256948
-0.4909702027561552
0.7342433505807355
0.462432777687393
0.8750169308963581
-0.7251006377041525
0.5418701571033053
-0.03604032926386168
-0.9799008748892208
0.5953839840044789
-0.2662082457036576
0.17669667200331873
0.1146399421225575
-0.77974653065149
0.336653861351252
1.7686839317272791
1.008685130186649
0.2550194992612707
-0.35601574628162286
0.24199888628289892
0.8618804614485078
-0.8914538135980672
1.327279294572513
0.3764986574447631
0.9542711934955133
0.15038259256909692
-1.5123563440421672
0.513957657905553
1.2322689231340669
0.5420839237028964
0.8585338558591897
1.6331536307198629
-1.7917632277701077
0.6932013413039686
0.7490981133916412
-0.5133220424488862
1.418366260638527
-0.3187178558691433
0.24789007433471902
0.8315504198670719
0.8620453941141258
0.8608492017821997
-0.07158055779936559
0.5235618976415861
-1.250865004665768
-1.4087146611491574
-0.6618666363750724
-0.9090625855221048
-0.7524025230780563
0.6816926281906532
-0.10824311692784161
-0.6348759228186434
0.5927460730172062
-0.9123805579671581
0.17281491337705496
-0.23054053970365695
-0.14337026798938793
-0.1986385915422235
1.2087230582634834
-0.3662004664475586
-0.961068773702476
1.0396455779934939
0.14814103458172417
-0.14405001666430747
-0.18734590269274404
0.9668948613746703
0.5488576381248874
0.19696666384804895
1.0119434283191657
-0.0168975987320945
-1.0876515829518478
0.9646825645649394
0.09111128363700617
0.14153805707618575
-0.37235078231821483
-1.4447738165425266
0.07575365028967992
0.34384779692671363
0.23503443836698695
0.24876103727208765
0.32760984243073443
-0.032587713583067154
0.5542039429688569
-0.38244245451923
0.5132839698531192
-0.09348134033277956
1.7757350797294669
-0.7903706675988845
-0.41251360627934647
0.6647687208032884
0.2920787562504385
0.26158519356514554
0.499729996046858
0.438437327986273
2.122906028367731
0.23378519776192133
-0.028822731185361404
-0.49935502043184005
1.6393769041799529
0.07174856646214363
0.8405510868387721
-1.2933210203892893
-0.8285873219450536
1.9436612510542317
-0.28519128047055137
-0.21702830743824142
0.0490347220099234
0.1675492215671502
0.05691600008445439
0.11264098926174787
0.21247023223799022
0.8356499026038687
-1.2330695611747036
0.38034852506319805
0.3478958611914575
1.5715858787174737
0.15972060173451325
-0.2949193494184729
0.5531738629626527
1.230038679003581
1.3171448687292029
0.9100041595867563
-0.34860353196424615
0.5982412801489129
0.29352879886426897
0.36653957959495514
-0.4612741733169091
1.8477636382213596
1.7796038606269275
-0.19850986106584817
0.12454361693020413
-0.4133407550199294
0.20915752286477352
-0.225549776005733
0.6345793134042361
-0.45698780307869696
1.0617094167077596
0.8017462059019491
0.27103691800290175
0.7491762577466352
0.6775317816132309
1.2040428391709717
-2.014498924654022
1.3612087757672382
0.4348398116384187
-1.2826416550955961
1.2787725738964992
0.35464191484468943
-0.44527219001913393
1.9494818277636834
-0.8201262612796099
-1.2211269110892375
-0.27020258793131363
-0.06313041111835527
-0.3664233625671585
0.6842845395880911
-0.12874559316729883
0.1610110355969332
0.19869345432733374
-0.12072550288387364
1.2652232583781022
1.2733543002330021
-0.0538210828535944
-0.23861534003749657
0.3760785194138602
1.4382710934487903
1.7852726846384515
1.230420895435846
-0.7268456944205838
1.2329692888289927
-0.25628248935260667
-0.46372977544568195
1.9901152773938808
0.07079874592514156
1.4190461028141304
-0.11341726447337068
-0.34963781922348425
-2.0804380589946325E-4
1.2182389650335776
-0.27403028415296593
0.9883355536538346
0.0756658770196363
0.43326138606216724
-0.5766888249989109
1.0763117894631067
-0.8280429560653771
-0.7932294416964176
-0.7471037603173786
-1.3346923775523758
0.0627958187374499
1.1470055807657196
0.1300303282249684
-1.1973153205861973
1.115767930129155
0.8106057679030619
-0.18180266558695335
0.8099843703849925
-0.4209702939368968
0.14430140917447173
0.8217422388294418
0.18625312749515718
0.08197198626447526
1.3447891508205876
0.7181702339920507
-0.2637322585028713
1.0100744239738046
-0.21141392970595865
-1.5318656712482788
-0.7131875813347697
0.5271255192423138
-0.7033310982060368
-1.7157558305935576
0.29074103760707504
1.069493089444905
1.3115808160837643
2.0370643670621353
-1.3628306690238288
0.09463879558215726
1.1318706126170885
-0.2596174606340454
0.14302363592184775
0.4483449311413006
0.10958908262996092
0.49770534319720927
0.2634936040742458
-0.5001064182989905
0.29362986092950244
0.7150399358270714
0.703978865553991
0.9227098410116696
0.010545758958640447
0.6548831178981492
1.3006385040854356
0.8957006140171719
-0.17715723901514918
-1.1991602303326696
1.312885281942735
0.9502638362219069
1.104018711935411
1.3436104407619762
0.48444990581136754
0.2820321894291895
-1.6497506234154709
1.2268515413612635
-0.9643798026509575
1.1642254649035104
-0.2478637294424989
-0.14387767515679728
1.663887420364858
0.7686834396816229
-0.46203547466285655
0.8057498527469633
0.5605565580185761
1.187339963980716
-0.30643501147309565
0.3667332940216476
0.2786680315078392
0.5335356909364412
0.19298796980647023
1.0510254062121653
1.0763937411222673
0.8498581003030377
0.346157789583541
0.7428788804824012
-0.8417604018730365
0.6697810510758461
-0.08428705695869199
-0.34385307178587826
1.1617236507125834
0.07663040344547471
0.534982750630899
1.2406328347681796
-0.2708379980173467
0.6895435748794492
-0.2583213438170965
0.19018222068392823
0.3073004381404633
0.08323098378851239
0.5679339822923442
0.7159261323836091
0.2524165071032784
0.9525631270198471
1.315081744516411
0.8183711485539797
-0.39771675081605357
1.2580432743229788
1.9613122441263582
-0.3066852361164885
1.9423632076605137
0.8494254359492449
-0.4030365448706479
-0.9705657537897383
-0.7769905346573338
-0.3950549453232742
-0.0485864935940043
-0.313866848091629
2.082740331695231
0.8647911854536336
-0.2715710763625753
0.39285514603913785
0.1739464029097764
0.3263374237597098
0.7410874639486613
0.8102856274500239
0.7583146112232375
-0.6731870324533917
0.362495326361131
1.2185585175474931
0.5679087133341139
-0.0955867775154442
-0.8330019310314305
-0.2875424699621912
0.9070397089472704
1.402017347293088
-0.6439916613250933
1.0757886590271872
0.2866365830828792
-0.47245457481989594
0.3216400481872101
1.0743217629932857
1.1818602042869497
1.0882369022907552
0.27891232489643836
1.4122614220423089
-0.7616170288152723
-0.20166933043494356
0.1839495243242091
-1.2197202099964743
-0.08380728137737774
1.329980851705669
0.8816536475634363
0.013932491837061564
0.012513154757617398
-0.4637698267234283
-0.031236652623616912
1.2033831855385804
0.7022092857405491
1.4286253083787812
-0.0761850938264886
-1.3588012932662326
0.42081665817795977
0.7964967604027399
-0.6623362253788684
-0.07843945659422268
1.5602911594111724
-1.1523405405322849
-0.0069725873177781
0.5712848374204613
-0.06598055798781653
-1.2417925219015482
0.5967064169978525
0.2898211787849874
0.6043687782386329
0.12031874326036213
-0.5868836595467088
0.6083809834689213
-1.1512259608952569
1.120775834474595
-0.3262024958010162
0.0461042757222076
0.6792005705660327
-0.2734557664103474
0.23188424396122762
-0.35659042048277056
1.5431537426098443
0.8186921779024969
1.566610817358026
1.3623975027086757
0.48889669595394436
1.0004261808833381
-0.33453420867159317
0.5100490013711527
-1.2249256916061082
-1.084548798914091
-0.9283145279522873
-0.4924795130405081
0.5931854428837642
-0.6228606127901639
0.16487833469305357
0.04548934338814528
-0.7714046530291626
-0.6918276838128934
1.7413166777613571
-0.17490790712718654
-1.539439301240735
0.43030359792715545
0.8776611006502041
0.299877200068732
-0.13654976404544886
-0.8042734037701789
0.039919728315425146
0.9710248348792476
1.511841466893528
-0.5382976980483692
1.7522395866267113
0.07809068725927777
0.27510706569256344
0.8091864989273186
1.2104475767263108
1.451474088584803
0.5115348798725478
-0.8477854937231066
-1.1498597691307542
0.4470976819910126
-1.1754747870723548
0.5490862709488091
1.0109693941328235
-0.5245164933634795
1.161520946825979
0.047602442782923776
-0.3375624741919611
0.9989009082412198
0.2579782562164264
-0.6621454180285693
0.8793474663564935
-0.9661476930667701
1.6341259756001945
0.10940459099753719
0.8818743101315505
0.09590083320153732
0.4738232493637734
-0.8604964390809151
-0.2718655403764638
-1.1883963518957477
-0.8189147539887834
1.1451860156613978
-0.036388337090063776
0.08927402475012247
-0.36750335009483065
0.12631902017562524
0.6101717668507917
-1.1589065880707812
1.981823828618515
1.0937398548193102
-0.7022086183010889
-0.46175729874306476
0.40732630111925533
0.6385269393817696
0.9707964545922263
0.22234515794909832
0.1665546058626471
-0.10628070813908568
0.006500689217232451
-0.008634598990717217
-1.2482444330956497
-0.6130502043062638
1.6625894953873546
0.43198803019099963
1.3412586172676526
0.3664313984523596
0.33682924246189566
0.2097164060925538
-0.1334181700916655
-1.2971573412830248
0.022291611194271192
-0.06470482743785054
0.5943027519935704
1.5596333031224001
-0.7724450986962019
-0.2533977917928396
1.3203737161623976
0.4604577522621746
-0.5761177866930771
0.6399021305128603
0.22296595506584288
-0.9580896238911758
-0.836584303999422
-1.2445685331892267
-0.010372794176757787
-0.7571024032415815
0.8291418266702952
0.19671045506770968
-0.18354202870160366
0.8528842223129592
-1.6794042877227955
-0.7840043613358054
0.20353367218473606
1.378652960180876
0.15275608489143017
-0.006680538342039813
0.5459162856085369
-0.0024924077635139763
0.09196916435981667
-0.3787770153282643
0.0350672632333043
0.2198444091622909
1.6866363064893044
0.384612107183528
0.48691118556982327
-0.2522520259270061
1.3420502064456246
0.1781252860425079
0.278762763872713
-0.2764116233599859
0.5160848832013947
1.035520517809207
-0.45961446068702294
-0.3537477049211902
0.9493100578224736
-0.02650991202040888
-0.25052427449405645
1.7462553675768258
-0.05953042521670451
-0.23305819169686237
-0.4680083872741696
-1.0592613177013495
-0.14542896173990758
2.024591803392094
2.2480735235148908
1.2863143224529137
1.1307281744436282
-0.6904350463393839
-0.08416931324457569
-1.0171732537041551
1.8140035349190302
1.7040965987884198
-0.31096042933810336
0.9478809681941023
2.26687455034859
-3.0854128474166655
0.7499692028761468
1.4861671545959685
0.255178869955132
-0.3623819760518683
-0.49646806820465605
-0.2794152725452576
0.016595811924921627
0.06432622943647628
0.8992044884784592
0.571301726498548
0.8872391183917867
1.2847234361802702
0.500617664503617
0.18139733927025997
-0.20620571070411098
0.5991735352260071
0.5805677588583593
0.586641278875462
1.5823399009459242
0.6098060782918284
0.31666478441492807
1.6016583702587854
-0.2928390201487519
-0.21137096485451964
1.4978599415514082
0.6718499659309531
2.111455311207865
0.7462770824576229
-2.73905368919885
1.2970423135405174
0.5117859403943609
0.48945275472144023
0.48858343989994574
0.35632291464679583
-0.7395130714036626
0.3823848017747107
0.9471098400914604
-0.6152583228695065
1.6122186901318891
-0.5437555638701497
-0.959156530070419
-0.6627940589112885
-0.23599651440264754
-0.4961740569140123
-0.19241630324702108
0.6097115968066115
1.132691699381469
0.38126938825452383
-1.213236065486918
-0.3835822387045434
0.044804833780131025
-0.07601674616571516
1.4481576655886461
0.9809934115941261
0.17338693841206404
0.02347438341027256
1.7769983894449075
0.1772070418580019
0.5165678444701916
-0.32880907310836993
-0.20284263935639615
-0.22604517523489412
0.7989504399735219
-0.3957133574676614
-0.40145998387231857
0.7601879579413804
0.5201469577374794
0.05473853506923264
1.198955545847196
0.7748818280509004
0.15036004329114092
0.25812718785781547
0.04750813341151895
0.25367599994170054
-0.7972033755131314
-0.22789398484127785
1.1201320866242916
0.10529819769029913
-0.021890822316579628
1.1171173329647386
1.8066754614662797
0.021096405752311132
0.26716533650423735
0.8136022852349163
0.7205719096849446
0.995490144561261
0.20176295182779325
-0.2274536215714735
-0.4063269068008016
1.074511337190619
-0.26012652920704055
-0.4455630081021279
0.09060839859453272
-0.11800650323279976
0.014717806026557985
-1.4633186831738203
0.6662296914009949
0.7249946437077647
0.5863795025561868
1.3847453681674262
1.9561362913434746
0.4557876185102075
1.3829314275200317
0.07841851341410569
-0.4651997367098611
0.3330320447902755
0.7701493673721043
-0.2653663898578065
0.7481597830809562
-0.44320359109080765
-0.015872575760113514
-0.1512530382886493
-0.8167123874466942
2.5477409408017055
0.6564869725092954
0.20882803610167247
1.7857250477075879
-0.9559849774909974
0.07637545632456422
-0.14804955776579362
-0.02614021386554498
1.3011722577769715
-0.8972241287543187
-0.5686496682752268
1.1639329408133237
2.4335326533582315
-0.2562365030412992
0.656464290088579
-0.28050612635786715
0.7849022298316182
-0.6673640510471327
0.5488429002859391
-1.117428850626198
0.5118507145138576
-1.2625635657987484
-0.28540648265509455
0.7112422008639397
1.2736109644128797
-0.6314512628146312
-1.3141248392695937
-0.3251218401476249
0.9642269232558396
0.5580090431051352
0.3534405405267191
0.6230677856315563
0.49832932728214074
0.5044583027559808
-0.16364921577445085
-0.42392874032118555
-0.521244107694304
0.13676533743586713
0.32741089246946303
-0.8915282773651223
0.9828260675996567
0.6096810952781703
-1.3213399178310665
-1.437967493194246
0.5634357596357306
0.12551806002124807
-1.0911388204091992
0.1521018705789912
1.1309144090578538
1.4069121444500636
-1.518158040406229
-0.045098088974008924
0.6074081087484832
1.5387670484547225
-2.931884952143555
0.16640623921478787
0.7294772890238466
0.23164333173748552
-0.10750901173038288
0.7946965167355591
0.013024647977081246
0.45767538290327536
-0.8833970383680957
0.23918430613550062
-0.356273532911368
2.0007492689303765
0.8807373830293999
-0.6389759683452926
0.4302092948411784
-0.9218841804049005
0.35444433544196413
0.10261039630561941
1.4292014209524702
0.05650643244692756
1.2087891495653182
-0.01848313189396681
0.7036356563230693
0.7194453080000429
0.09198030966598134
0.9774087964795177
-0.552411782619599
-0.9013996719546061
1.3251950537774466
0.14475130843078002
-1.403998217650701
0.32339258693506917
-0.20479387156620615
-0.6108733138954366
1.134779700907951
0.7263330941502358
-0.3333118688530031
-0.34995265315690993
-1.1188279333931537
0.5525923706740805
-0.1270052435063848
-0.04066203389368081
-0.6489748116177851
0.34308624760098233
0.390031981452327
0.7556297304502019
0.3303855949427234
0.7906453879266765
-0.26076630663854744
0.31305739293970813
-0.09639538254570415
0.6366151234993345
-0.08922206651407112
0.5102695365435661
1.9594788852831515
1.0751497651719573
0.8703797824695814
0.6645218358594126
0.19337180472402093
-0.16662868277692292
0.15604624668886916
1.4332997874889137
0.03078119500360607
0.9868964552554365
-0.7055956617760887
0.7766394950190798
-0.16140425363763
-0.00796116919425937
0.0834649877825138
0.6555222035619395
-0.13286253864246256
-0.3698963624516681
-1.3496851908298517
-0.5811664037850781
-0.8913133261237105
0.35731745551911603
1.0515254733298018
1.2422079339126881
-1.4048895875736456
0.09804729688779693
-1.383449987595214
0.6381075000920412
0.6049398539532678
-0.02567690058124035
-0.5875513900839635
-1.0486178760370155
0.6079010338219504
-1.5094237848326382
1.1966247608570995
-0.27244217165624196
-0.16657745592487902
-0.18746713426877365
-0.9027726694728208
-1.0883862460065346
1.7082739504964208
0.6007567404032687
0.22605743802163641
1.2232019200966213
-1.2584872849116597
1.1757689601664663
1.131843575570095
0.10289220287014117
-0.6925797064174839
-0.01624796563427885
1.1329877701301507
-0.15083652069274175
1.480827957603622
0.1459945334688906
0.5110665193680054
-1.037658949594393
-0.7652745203980507
1.0640957042233714
1.596422016786961
0.11656620383699896
-0.0822152923634208
-1.4999950704214138
-0.4200792518435059
0.32428841991027624
-0.2783449696028609
-0.018398406180805474
0.33456450631059903
-0.8362729144504646
-0.3173241442747369
0.4955224549068229
0.5729580007352947
1.0169534289652942
0.6974410582059157
0.9023210719301444
-0.7990902832104674
-0.17109851800424708
-0.031142357819521224
-0.30922850883727016
0.4061801269090921
0.4091838695353079
-1.2787482369208858
0.4297312446648395
0.11008998117905304
0.4900773000955122
0.8007457295690574
-0.5415543440361044
0.8537740890231825
0.4936048729885664
-0.030130322884769967
-0.29326304384145996
0.1810059978443086
0.08662522606280104
0.30752617815404276
-0.7914747551685062
-0.10298669553286437
-0.442537822542728
0.5623723841570019
-0.12183805046171367
0.03981820853254543
-1.5263966788211272
1.067627786905926
0.3692794018970509
6.252859797078875E-4
1.6655573320852834
-0.07076445428343542
0.9297804645414809
1.0795742907430668
0.08215127886944837
-0.8006320601069895
2.335003504346202
0.31193962507012185
1.2047012155382852
0.7888678647202229
0.7933966673452342
0.7290750719657757
0.5152298181706736
-1.1004032625003881
1.558877811410533
-0.003528237067177843
-1.5944481585219772
0.9862132692378034
-0.5975460202336963
0.9284029669522451
0.41503834938416634
0.675379942099265
0.5703801805393364
1.355384737941761
-1.1748427512978084
1.165051559439912
-1.6307226145747462
1.1969897148573478
-0.1436347654982138
1.35943634302667
1.9461490971059143
-0.7193829459653952
-1.309585027083213
-0.3778780990523999
0.6772329153313313
0.5945044145096855
-0.8323187561088567
-0.5714710884205877
1.235616786879476
0.09083406178545876
0.5769551825549539
5.357261114866951E-4
-1.0222908709715632
0.26439266187242166
-0.7721955578731434
-0.7427092101278087
-0.30413389263316937
1.967945419621326
0.306262492968615
0.5030470531673156
1.220848818917555
0.8785423414639965
-0.6238106682806257
-0.4460390368279807
-0.8469178547264044
0.03832644654281503
-0.8130224303945701
0.9586162242085534
0.9218939345993945
1.0644496842615663
-0.2680045194755924
-0.5561487569748753
0.5052933968166076
0.09761352268916858
0.7937676167935329
0.18039714050147654
-0.6822157824764539
0.18716924494244083
1.448907737185173
0.07037173010711839
0.18721940969920464
-0.12291035044498191
-0.2654125238645349
1.5479796708239535
0.635494078409286
1.2221521560519266
2.7475584547411245
0.12241934715695439
-0.3575514687040503
1.1976659953717657
1.3102189971249103
0.4373262239904692
-0.4356082728984874
0.09063885565752237
0.9073239304785972
-0.1519066583723536
0.3516439826460622
-0.7355717864803308
1.142668737889581
0.774442155256227
1.2771638744493352
1.5848637951004707
0.9320290981366901
1.3279551709776027
0.5938166354611364
0.22528863687066897
-1.0223175200527899
0.8569191285194108
0.7578605220710503
0.16350262698135276
-0.1596021175407253
0.17637222552980036
0.3467701800479619
0.509582677556906
4.0478189020078104E-4
0.8907869063451965
1.0302144391990258
-0.14952825584648044
-0.5771516147988799
0.6124687594212523
-0.003066894800065348
0.9093250900539545
-0.7236513283637223
1.8307922533078929
-0.17853723598407445
0.06611258463636714
-0.1923576287465637
1.0919193518744794
-0.053200633722981325
1.228567733656115
0.8727341144000337
0.5335585758890403
-0.1995521336542676
1.448844118930263
-0.7838860139504488
0.24263151580042336
0.5658648400493153
0.29317433810997867
-0.7165071734489571
-0.9941240975158248
0.1200116908579047
-0.29508617707997425
1.063274763369221
0.7132951933590547
1.731807452874745
1.4104395580126845
0.2457059198744745
1.7749914440677839
1.4264610174981498
0.1869684209469478
0.6850649797192071
0.4732359348931857
1.014739517595066
0.06852132649723368
0.5804838155411209
-0.18957390842691527
2.2771196547530006
-1.220019305690346
1.5760981714468607
0.7823582687532891
-1.5941643653946802
-0.6103031158744482
-0.9521023456572205
0.6670739063937609
-0.019247980094282593
-0.17757785705139878
0.6655897048446386
0.260745774196994
0.06605070103512663
0.8645681113876302
-0.4518588453456818
-0.5232266651209222
0.9229283919212165
1.73768136183636
0.1983692864735086
-0.6090799679046146
0.5885615650126317
0.4019237963935598
0.2633686656627793
0.34091174217845494
0.27429279582922583
1.3505218459381945
1.30884502903026
2.83142304288928
-0.39170818440949023
0.20736682018530722
1.009198602435695
0.9045986959486938
-0.13970710321683166
-0.24221881359395214
-0.6622635546953595
0.0677082307726519
0.6199011260118651
0.21424554714282787
-0.7563748059628064
0.6719868815047325
-0.0553362742132216
1.3805633374148807
0.36689535046663335
-0.389499856707342
1.2743678346338967
0.9813975505348431
1.4403112609479425
0.9238313260709772
0.6035904134674857
1.7517151527089037
-0.011082525238252303
1.6380612883125174
-0.8748404869842563
1.712284126357059
3.463458369281458
0.939975252005583
0.450321931467275
-0.12421495692749097
0.14949200998732826
0.4810743572681472
0.20358695695717852
0.708060459662569
0.37390063485437
0.034856894722494966
1.9723326003911206
0.3659700202307997
-0.18272102854568942
-0.9911837854192741
0.44577850164635924
0.41736655783754256
1.0805859430252736
-0.5743206322617793
0.9533151375035127
-2.042448877578742
-0.482493336230712
0.46711019730141695
0.708372432763292
1.4290502852793439
2.141851136550172
1.52179192897669
-0.5518391321672769
1.1450652070646892
0.3834781588822103
0.5079670627378683
-1.349699648499497
0.6765998386614475
0.2922553023575968
0.045260237829867996
0.9739672586957547
-0.15514881810991407
0.23619111014417377
-1.1608976966962763
0.9663008038338902
-0.11195435255048103
-0.3250456756718298
0.9945713631376227
0.9717054762287669
0.12082595268917737
-0.055967764827662234
-0.6774902694929444
0.012195340278978381
0.5878510461225812
-0.2830024516242082
-0.3804213301442382
0.20528388332300185
1.2154532242942242
1.469100214827496
0.47969014339669025
0.0979590812923357
0.45871360865963595
1.1297719566605833
-0.3227519338779169
-0.8467580035274668
0.09894722215708404
1.7670302839042213
1.122453320883022
-0.1673481458938617
0.8597539410696006
-1.0081040024693377
0.9040520765569328
0.3897942569791563
0.5483394373614305
0.19834587094472955
0.039221024749931166
-0.035321322079242205
-0.07512986422978393
-1.5042860053659015
1.2815904334975181
1.0634901879648369
1.4100489353850283
-1.8218901324415122
0.3585649417573178
-0.10310852660487158
-0.3493149415383579
0.19708413747106338
0.38251986551033407
1.6015705829471016
0.13573885172248387
2.298084912709316
0.8292146473430879
0.3982445378035638
0.7021242080014409
0.051865653298874784
-0.16843387058174308
0.8855135925128572
1.191492228978251
-0.08733170812012263
-0.7274899186537885
-0.36672751509147333
0.15101338936830705
0.4513204663540149
-0.0487002070308893
-0.9199408212245539
0.6043439055242469
-1.1286862159533955
-0.9920760805907516
-0.14361660602543452
-1.1001567458930168
-0.3014813536977216
0.7970079784500045
0.9538008103912715
-0.24146349045094517
-0.2566227227192256
0.7743014790914892
0.13397996161200765
1.132094272271066
1.8028640693375029
0.5230571579853035
0.8115362766894233
-0.0253163147755397
-0.5618047477816014
-0.3858009358911263
0.8130650197642258
0.6061241758949335
1.0114986649095827
0.6992708230296857
-2.0330500319744536
-0.6904119605788237
0.4396841000369387
0.9774471071483831
0.5776465531849115
1.1199035721124118
0.14125628408470828
-0.3024465968709778
0.5211683825711511
-0.3076688292270002
-0.5586771072720053
-1.5907948641390937
2.098468638919794
-0.6503089132682873
-0.1994369665111691
-0.5906113943758637
1.289832019635918
0.2877016030150556
1.303854578391696
-1.2466191049703912
-0.17465287678242614
-0.31038849155417925
1.410569555877591
-0.6541485281253909
1.5132758260711878
-1.6065227768031825
0.36786982424926556
-0.2069884831355288
-1.0723816299788234
-0.7829206611375668
-0.17175633372358523
0.2635111539891235
-0.5213050709073659
-0.6168872085793079
-0.8726818671351398
0.651366087724714
1.143137804772362
-0.6013157000387498
1.478727606790716
0.9473831298035815
0.1664263395527567
0.36586248853108616
-0.713084008841897
-0.32015673457745886
-0.5388870287269384
-0.3127025510589678
1.3919457683320289
-1.5030529777657922
-0.6845432832363214
-0.33721962259382643
-0.4858048548363121
1.1361567472468255
0.7405389697663638
-0.9791359366549155
0.7905501290727968
0.05952706277143412
0.5043408789346898
-0.5190186228396835
-1.0034121100113413
-0.12090591772657
0.23493048303778083
0.3724496214894602
0.6604450622442485
0.18630251608497939
-0.5815378457661402
-1.0156040237262385
0.38136102665375576
-1.190893710038264
-1.021861039828103
-0.06418003683599094
-1.1618328625644718
-0.4361390808504436
-0.02332368024974764
-0.9644742970296865
1.1504661159890224
1.709737614369109
-0.39592800467871575
1.276851108208296
0.36048980440448636
-0.7523885181297325
-1.5031450095361663
-0.011911189442714987
0.22633865511270723
0.9558138889978419
1.5787174825103927
0.17600149412704125
0.7247502859215411
0.7662230818256457
0.103731706123401
0.7326061991635646
0.24137556854439535
-0.4040931588575511
-0.3531722951251606
0.5965732724744688
0.6801767420806056
-0.3545288153692206
1.3092842651256085
1.1970993524463107
0.08662925088178178
0.584879180545462
1.137874368184795
-0.4461031652720244
0.2897357215792969
-1.581311126939625
0.12196785365807186
-0.6460721670842324
0.902201978444415
-1.055219266696506
-1.2683256173082025
-1.5882373147932343
-0.9187807599770568
-0.17238665441345816
-0.2912615779239734
0.2719288808864992
-1.12391822390493
0.6969190658069946
0.2417090441830203
1.1522623946379347
-0.3564911404335027
0.2754066167121613
-0.8331384214881996
-0.008100889433179062
-0.741251556334384
-0.04147725377708721
2.5767816314073206
-0.8664235044363509
-0.2918813162283415
-0.9869607902218342
0.6886387137576198
1.2095811902976288
-0.37767824268607864
0.714346882884427
1.966549713356861
0.18349137553920164
0.6858482181128749
0.8986188879455302
0.8454916887161524
-0.07683320189358736
-0.4520593662302838
0.730807878638561
0.4034537027439018
1.1540641371007505
-0.2645924652790707
-0.09028649450166415
-0.1805080919245319
0.8788103013304077
-0.7625536337502128
-0.528219569223915
0.7997978086342656
0.2786585406629665
0.07421707782882732
-0.3339512206218942
0.29827388724071296
1.063021289466107
1.3865291091020917
0.08797731285494588
0.3841159686869414
0.12105822805568658
1.5785049393690265
-0.11835042643008925
-1.5732351873519006
-0.014950258266234022
-0.005100858836616345
0.8144654152695592
-0.25108222276039877
-0.3201243163722989
1.141039649015351
-0.19128823866984257
0.21745281229667582
0.4907960866144787
-0.022028148004311156
0.9706347428370092
0.30967233286787993
0.9581589447149871
0.4932551432830267
0.31388541072410564
-0.5880519720952316
-0.20164746676364234
0.8226861620535427
-1.1292702265568395
0.3348020232355659
0.7438669631177268
0.09239163776465498
-0.7405456437533827
-0.16344740460340001
-0.020348593670709972
1.7210837591582733
0.9525018984744014
0.8492656482268908
1.0034231872279102
0.7344377429686919
-0.5054470022838202
-0.22182430864904878
-0.20042978302545647
-0.17499650123234872
-0.1283138786392259
-0.09404809315334138
-0.4160902897290569
-0.5547860533553765
0.780852119024142
0.6770355533507749
-0.7463923461657457
-0.8617247140658437
-0.6884396028499316
0.706324640684501
0.7694111874174562
0.9466227988188622
1.104932345751476
-0.039704181152636776
1.0691129024766046
0.16955517863724592
1.2685804874702498
1.2715332552509788
0.968446704254703
0.8770235159199982
0.1873002862660844
1.2610190912158277
1.5625216689216777
0.18164144357602324
0.6012545665276974
0.07334113169959233
0.7722962345701334
0.44135420605901704
-0.8285875015793701
0.9822725687473147
0.41260078107574205
-0.5504930108468012
0.6285344153536138
-0.8251790564411825
0.857587918330832
1.5907679302483715
0.9155434510155392
0.767902478153637
-0.11998281251863198
0.1444632385945938
1.6376881430404564
-0.17911701049014755
0.476732285494122
-0.5100292932365196
-2.4164970616605457
-0.3235562756394752
0.1242263531698591
-0.06388978299093691
0.6933225944507004
-0.732962075960122
0.546696930487915
0.26436976001643253
0.6769113717237534
-0.019146972404038558
0.6279358454928864
0.9863555437693985
-0.13780208129573063
0.3628550087625179
0.9801279374686394
-0.573572142966792
1.496906557105169
0.22853807696295053
-0.05826018842526899
0.3070038395231425
0.755345914033252
0.37536713127856247
1.61900477460565
-0.26540712317195453
-1.3968547148374995
0.8714728567190633
-0.28531706698809206
0.32918733001275075
1.627462922736312
0.06660384140432696
1.0850375143831343
0.6344478875843432
2.369421638701458
0.8029650667243511
-1.094606209762571
0.47356798509032205
1.1505820876934627
1.8716177721748612
0.01653825591634709
0.7948958727070742
0.890581977362072
0.19286774537320556
0.6791789093051399
0.9106736485511807
1.4351754983944058
-0.051641804418919225
0.34191675939460325
1.001325292868634
2.4411787898806265
0.7558926514444209
0.6946936510703153
28
0.771237330046266
-0.5148244457491915
-1.086681561656439
-0.772518358992016
-0.8506184489777684
0.02885011382547737
1.9939001109566312
1.389103086130947
0.14346914267206948
-1.8445941034453273
0.7459919297407736
-0.084773666793294
-0.3099230978974892
-0.9218150242903331
0.6388534864121916
2.36697634267265
0.5769946415711592
-1.5225700191568194
-0.06940742378441365
-0.7532775182906017
0.49959487509833406
0.252545567359991
-0.9809415215263015
1.8385145800014775
0.9876599399206357
0.8908057905771929
1.1733884901797313
0.7589076320892747
0.8639396757059303
0.38662878189587924
0.9732873984383661
1.8274880130914073
-0.5402026058253852
0.5368005995148433
0.5693479496187069
1.185663931080447
0.8885193051325906
-0.9844815749192773
1.4584739282919124
0.36968495491444076
0.1980445279145572
0.8421071262770342
-0.6932283534218258
0.969677115727851
-0.04871739377963412
-0.10409191924726942
0.4758695343311697
1.4796298668539614
0.9274342630404359
0.3655407746184313
-0.7309557510434903
-0.40363756227407965
-0.19211180179068107
0.4461317630921276
0.2548495004491233
-0.08644035473603971
0.12229620877411226
1.501539592571611
0.2816926226133441
-0.3382492041389622
0.7885269230415325
-0.963778712870724
0.5850849007788822
1.3506421041231775
0.06710821283959031
-1.6883862781133816
1.4423785613125388
-0.47804189100158945
-0.2753684972541131
0.41452287726802517
0.9229314488235132
-0.36120913089427903
-0.8772757152766725
-0.512059126961788
1.6873690083221877
-0.15322456534639153
0.48004330836933334
0.5118276647506268
-0.011053803518320672
1.0293449983505778
-0.8803976696005805
0.10761106094769855
0.41867569319371256
0.42365587149875905
0.94896149006495
0.44404712979733946
0.20763437034864335
2.1530135333860683
0.6548267418736265
-1.574735761838921
1.1618588723028547
-0.4909892688506007
1.1481569103266391
-0.4187164983478044
0.464681119733975
0.18240155662820995
0.6706296714328059
0.4364372092439714
1.0279771942511222
-0.42576992108186995
-0.7496043105410582
0.4934509227434814
-0.19979701920566637
0.6548005920139394
0.8966170071052358
-0.8272638280040022
-0.7036884166059207
-0.23730996997697806
1.6965138009227339
1.8194472340600487
-0.5607350688847603
0.458409394795204
0.835637879570929
0.21418766698633684
0.5757284605760621
-1.5347286034888554
0.8218469078050933
-0.9029566308303263
0.21179107584000129
1.4951676319311489
-0.08348044312265164
-0.2988188441940092
0.06788438918136902
0.5239221170242296
0.4011260812112334
0.637487611319001
0.6660073908927306
0.7220608374647257
0.5323505112131179
0.6930782228640479
0.9806643308380216
0.42891435385048254
0.24338235748572115
0.3413270037570165
-0.49123321514126483
1.8031378429396427
0.39302361095997024
-0.4791514041077874
1.475818278264429
0.7181711967486665
0.23383558226578804
0.9481893396407064
0.918656324164336
0.9674919468211836
0.24550042207188666
-0.2403770805256226
0.19689314856260925
0.9991293807774426
0.05070372609697432
-1.3495764379279847
-0.116895382901158
0.29463822899033043
0.7921484203754018
0.11850780030233082
1.2034333653195377
-0.23481646470001827
0.5872155806279433
-1.525736090260994
0.398898035677332
-0.04374841812269109
-1.5293186330317194
1.0884059943591906
-0.48433439363540365
0.43464939172896383
-0.04475375711358531
-0.3928303670540195
0.13840109827523922
-0.20868140577371858
-0.3486178718552633
-0.22190930649047538
-0.10791592514406154
0.05092562441389581
1.018454314240944
0.030956034523300417
-0.3804001624424487
-0.5041904278649731
-0.030705397470677145
0.24647267438868747
2.209042153721915
-0.7614871652354523
-0.6233400248380121
0.3724198090780868
0.23538939192460687
-0.1194314069681372
1.1453255930944306
1.6858568893384571
-0.18103396576267683
-0.061474076822887955
0.9527320998866016
-0.06647104145193873
-0.1708432813297826
0.5459107181612283
-0.4047499830934116
0.6748716298925372
-0.42358330786196496
-0.2171203468080691
0.4579583006615521
-0.30829528833716835
0.5450528314420917
-0.9455824307212725
-0.14403753684608217
0.8247106920505083
0.2026738166612554
0.9612623431667027
0.33457493265105553
-1.188501283702103
-0.28180617983978296
-0.49752413599474515
-0.09658584165718079
-0.17708795240404113
0.5096222188637668
0.09784292581443237
-0.5917538035432927
0.23571704437197
1.1843163382106032
2.072984567725357
-0.5079955866179067
0.2875919407182389
0.8684367832866339
0.24140517508924753
0.5829394380052115
0.5512034496952427
-0.02742034048759128
1.8741109685803714
-0.1756601243722749
0.3985843855038565
0.5373264801740874
0.1450041982052365
-0.39044229774585537
0.07830145316256411
1.1416715007693632
0.8452481039840862
0.8762532702898264
1.2646473420155366
1.0818980372770772
1.7163034775616761
0.3684806713511848
0.3122834868436478
0.0948013856424296
0.24668369638587268
0.7243160809381282
-0.1335304096818877
0.23903561887645625
0.4409773447966364
-0.22301202706262846
1.2314453158710648
2.3705890549615556
0.232456519429426
-0.2715300041384804
0.45626483919906574
0.776996920838068
0.23379465355149234
-0.8996400654400687
0.6657648374654099
0.6573541275996655
-0.14232076380486344
0.43716769115951815
-1.491421584666571
0.6292282610107597
0.3071422724209902
-0.12526524188668792
0.1194332460959458
0.6076068947640547
1.4250016962751124
0.004041882925077553
0.812284925336434
0.7645781286187026
-1.4294819217993477
-0.07623375492650167
-0.01722829963086732
1.6808722119597332
-0.3496820808173689
-0.10461646609034762
0.4892651727147823
-0.8059941386500175
0.6625329188872344
0.8798434388949383
-0.44813756508177366
-1.2381001962872697
0.004344592427456377
1.271704519642249
-0.10678674657561688
1.2388395299492463
0.11539346578946583
0.8592380001108039
0.7180150770193113
-0.9484844226771506
1.088490771032629
-1.4446725250122847
-0.6150853425340064
0.35028671384161986
0.4263828017565228
-1.678850454020024
0.9314696802911817
0.344703571461208
0.4964500158870889
-1.3607029126874988
0.6843597222541705
0.127396749679531
-0.6448791392619933
1.0099062203841782
2.5547022291597594
2.0027718868494016
1.0006396371456139
0.2745189650452122
0.5850985229117247
-0.12826565961712214
-0.40049091867454356
0.40784331865320644
0.08807805866389964
0.8761989571606547
-0.9589052381324505
0.41897244176561016
-0.10278462186344037
1.9517306228857916
-0.4810817456839835
-1.1019468030607174
0.44739528513075955
0.3176741449912684
0.1511416330902269
0.8632259506351041
0.19209434325067304
0.21577889077030515
0.21718086750411472
0.6782461814854858
-0.17692330378663534
0.5407891049408736
1.1307085324228547
1.2432688908938443
-1.3258625455014288
-0.9542541162592728
0.35703589813186526
-0.6605235719355298
-0.003918387733094306
-0.03287602426204522
0.5589116861499508
0.45242114822001234
-0.17315188181349228
0.03101022293255526
1.3716212438072264
0.1133262582744019
-0.3462196914727714
-0.1709954470819552
0.645204882970017
1.5880987439651513
-1.527959803823326
1.1457309435752412
0.7653228557651207
0.44985101176961373
-1.099428671736785
0.57547182076504
0.38552240377428504
0.7942904939463783
-0.5251804705144364
0.28611051349838423
0.7862359608010216
1.9270594834361967
-1.389206084577809
1.938157261638504
-0.9991006495134402
0.23253266029692488
1.0464954396875779
0.22657612859156312
0.3320934974978949
0.13590263814863138
0.13604031972900918
-0.1605832807235051
-0.14551128554190942
1.1720896567850707
0.6377269309430024
0.7725419479848143
-0.04421505060155473
-0.9210335986261788
-0.3300458807019892
0.0742666905295728
0.6317374018128669
-0.6627521142645977
0.9658417876125267
0.9736111152705673
-1.04935392977332
1.021714565970786
-0.19171723941338495
1.5071881877780504
0.26688697961254615
-0.4732052101750919
0.030879322183500535
-0.011606110972443497
-1.119357969505322
0.6725586467171045
-0.716190684783421
-1.1762787476731857
-0.8018459095103521
-0.241558665719313
-0.727552646639097
-0.3659906738554233
0.2532954457080183
-0.9178073852092093
0.24911609862979536
0.769837581700205
1.1809049301891024
-0.4009587819384143
-0.12957256216595764
-0.48194694639304503
0.07125024629512572
0.7836006711916753
0.053854124312985155
0.31982329483957594
0.11991788397818018
0.37743544730948053
1.8107474701949666
-1.361094019091454
0.018221012307912017
-0.6348957706173637
0.05088696584637723
-0.6213282891602473
0.8874272701795098
0.038442877941544114
-0.5791635254793481
0.27412141157307673
0.9351790042035484
-0.10874411549982278
0.28707543517211
0.9698141396921397
0.6323877136202464
-0.09393857696774971
1.3895340586348026
1.8668481137790598
0.10342905533966393
0.5662069400384286
0.14916864251464163
0.21101474073964574
-0.6957344054492083
0.028536383011230432
0.20428685949443356
0.16602359493281732
-0.2740342824617569
0.22423676179029578
-0.3183205026843096
0.4360939289095677
0.08645097042511393
0.48624714767552885
0.21942050157846724
-0.13011648934516368
0.15437660919441004
0.9710641244975255
-0.02752709327656979
0.14566936989625695
-0.3238236295006801
0.11900851862715073
1.5588131799177516
0.5969121724173067
0.5686089287987333
-0.423509849542193
-0.2183457739859783
-0.3129839638946438
-0.41724838350105437
-0.10529476717562276
-1.101732240299313
0.2721576067307569
1.3609522258655056
-1.880504292552973
0.12097020787449247
-0.7216219385437663
0.5597247942234342
1.0281144901139394
-0.09202775153157088
-0.05383006063013961
1.056474807268402
0.746944391214023
1.223522566678957
0.12221446551685813
-0.4661639350387367
-0.8946667563566316
0.8036970703162403
0.09660650662993338
-0.26721600725447237
-1.8083379805223103
1.8898122467416338
0.6342660024257429
-0.13076831079576934
-0.6229926608253913
0.9315452438510136
0.9634918838042333
0.8142785411532973
-0.5430735762381996
1.0248505309269622
-0.5102105787668203
-0.20481474545382214
-0.6150102758992645
0.8794960162570751
0.617121547972097
1.819395052744033
-0.9800534520267394
-0.10821623531055755
-0.6574970989084816
0.6986772369105967
-0.051400440511301486
1.7983870942223752
0.6244975655113132
-0.09871861417151209
0.2132272767315659
-0.11117652961010899
1.3712734495604058
-0.6831404864941407
-0.38923226737200467
-0.35058870661342456
0.9886990225049034
-1.3426628351992154
1.1600029453784113
1.4481544485639837
-0.42766823499533485
-0.538015531316918
-1.6468357159615155
0.8315796781853501
0.00798141672197357
0.8516154806269485
0.4935726236005257
1.1927559262429968
1.6377277898944413
-0.28191470180600897
1.0247348140162011
0.7846932868419885
-0.06818075990241433
0.6183019506439308
1.0818665550415372
0.9843295377991883
0.7528390266163688
-0.7248628354296183
0.07892098914475451
0.6144499173078579
0.7135864208748468
-0.4497644847737154
0.34550350138118374
0.8395493198253293
-0.4392766217934376
-0.0795758175906451
-0.44546418997105575
-0.07961088331041137
0.4000375519174275
1.3947564199336802
-0.5615226819217909
0.5891162366210261
1.3418519277667276
1.0220861885569006
0.05819538818405323
-0.9162954847323863
0.55564968464656
-0.029395348803646346
0.09477421260960794
-0.2729424638817141
-0.7550154268969278
0.5879747628470247
0.8280145725983713
0.8572673815935606
1.4324400119080416
0.852081339365441
1.319233537958176
1.2442567233107038
1.3404058881458607
-0.1529661032019925
0.7678518112513286
0.6250206562255343
0.4619987576407278
1.4284653175731605
-0.8175885158240183
-0.23831805663292316
0.1770145484097058
0.12141006550747477
0.488406243629813
0.8176544633283175
-0.642618912125366
1.1187594407203878
0.8376930076779816
-1.1698248715537223
-0.004241938052944689
0.9519748450734357
1.2722288776574597
-0.45500686235354015
-0.5608161918343766
0.6505947325373844
0.6091801954161935
0.14349130299068355
0.9881985856095185
1.6337266708700589
2.1890031503665
0.24790475602133116
-0.7645362944081845
-0.09043148385744929
0.20620877935697254
1.906160969491693
-0.19845657409637907
0.9625237165435595
1.1715288276156346
0.07432117165053206
1.4705354572427896
-1.0419143556262405
0.030192798306692345
-0.09123124947985038
1.6025715418924913
0.8544930412025975
-0.8301512351228544
-1.074781143724995
0.19865874301717074
0.737497904614994
0.6133519082315674
-0.18553040239620658
-0.28403232301323783
0.3987272819087574
0.5956157493998253
1.1088880564135615
1.4764300270165203
-0.061984423995529184
0.5792982954852997
0.4217710511814107
1.804339727091798
-0.18366451981345572
0.08568750921577463
0.7384564196468418
0.9997613572251947
-0.5098996823649037
0.18084301769261918
0.7476748426621443
-0.3554985093499479
0.04908420080311896
-1.8058807543718465
-0.05494554020641887
0.5667005477535123
1.8052920497169003
-0.8776791019133862
1.8835799320193118
0.7970691179063251
0.44474995413898105
-0.4474016342745144
2.6413137212748983
0.4447111046989003
-0.38625809380246134
0.5966460977077765
1.2853470106255398
0.7728203987745611
-0.42729790370841775
-0.9313536494474015
-0.8330153323804333
0.9706578048080381
-0.30836730680463775
-0.06416813408508053
1.3732580742098648
0.23996322541481993
0.5784812695489598
-1.1333672868909905
-0.06827952890397299
1.2023768765644518
1.5213881546982404
0.47736058986815066
0.7536694564595156
1.018294943588554
1.5787489519615738
-0.2927734686427306
0.9152233217372925
1.194578417574291
1.5969794251804494
0.8448116281814356
0.988593548559856
-0.3960359416881474
0.40554285799954115
-0.2969528719996945
0.4000064252272108
1.3419090970614114
-0.5968609130219468
-0.7886640518252537
-1.392166568896488
-0.8385111888975492
2.2562997559884974
5
-0.3733457955334385
0.5855728686164834
1.6315155968860617
1.319525198481762
-0.43553057096003017
-0.6146191069717113
0.7449236956374696
-0.23229750365343382
0.7387755460368588
0.8535548489068495
0.006128371907110644
0.8361250572340344
1.8812817729109732
0.8366244150198705
-0.2000049673481806
0.5969858465240109
1.670737997424076
1.4853816455009101
1.48278514763241
-0.289739615778637
0.008687805493965296
0.5334359605119172
0.9639564878269921
-0.34994855678097514
0.3939827597311199
-0.24097061386601287
-0.8669396926631532
1.6139774621561431
-0.9783156578595521
0.041000899648217216
-0.5443849262975865
0.1185842894234169
0.11693047264415059
0.6455415923932039
2.168634648091139
0.383513562209879
-0.37863643884887643
0.9245176241897586
-0.33553249862845935
1.0470249822313207
0.09944988265682267
0.4357599340072469
1.136747133057048
-0.40252814685889127
0.25618612099361443
1.3815884484491505
1.7279182274679286
1.7422680617580837
0.7430060036518065
1.3252434091466343
-1.1281971456624682
1.1617857585915243
0.1984074164664181
1.1372392157531996
0.8187171239048726
1.5114058770044456
-0.14502746158583166
0.44868085902563537
-0.02483952429825593
-0.002994578149428273
-0.8427777005977847
0.9518310204779742
-0.09313185691824047
-0.6227454910046427
1.4896277406737204
0.516059393918287
0.007411734669400857
-0.029315726203214987
-0.5478467021583766
1.8706838677742246
0.79378350940996
-0.18314777679741726
0.7760326544962752
1.4284124138772682
1.5853478749493117
0.5565740508499386
-0.3186054503931582
0.05784793582237892
-0.5334728046275703
1.1664908455387346
0.7331401462814124
1.4303719561970203
1.169304448434394
1.7921146053272838
1.3013688396863656
0.5474497145650263
-0.13503517486931993
1.419143311469745
1.1018787687224139
0.9638524055901644
1.1815984243888253
0.8457858677774578
-0.8226739531218169
-0.8376983100120846
1.2529722877720155
0.25241858823038493
1.096244511326315
1.6469827785197826
-0.9134162856027778
0.879980078973099
1.512348544885159
-0.6818429634100494
0.9981859076310776
1.4776424673924824
1.157996268705696
0.4648750638732118
1.2884821770841712
-0.7263729325399665
0.7512852637333396
0.4701938991953058
0.1355367886716341
-0.07842033613414234
0.9959264533157844
0.44305191772730523
1.5649920811176101
0.8816418439168916
1.3451002868340636
0.2338907967592153
0.0691472785334323
0.6488984928929955
0.875941579654043
2.0578975215015483
0.4610543962671877
0.2541060146247134
1.0211399583415408
0.47870603345780116
0.9556741709369916
0.5953077026835656
1.3396611379089525
-0.40172970601940716
0.49770630453838927
0.05136350854966529
-0.2525579075051009
0.8518978424194948
1.5122588864578796
-1.075883360969259
-0.8776640409424543
1.37214574831996
1.1373007251517073
0.4903382656220546
2.5890495941759744
2.107691039796345
-0.5087772448376127
0.08384182007127991
-0.02274606560501813
1
-11.911390577610085
-12.149671642464797
-11.701413497633549
-12.031619738188725
-12.040978681353065
2.4243019667867407
