80
3
29
0.4279588259127736
0.7238921104337402
1.1184813728052014
0.04745918152266748
-0.1776493908808962
0.4451088268261989
0.697677739314544
0.5468882756479995
0.7072094480663385
-0.011958263444752398
-0.5579705210225393
0.7104825414828241
-0.42981812991969964
0.7032640645033201
2.0196953975453575
0.3398681736640123
0.10513406330056185
1.1964675666092195
0.5977543343520043
-0.23523023933099152
1.2393278235472256
-0.6279972923392589
-1.9409328933276153
-1.6475583510946068
1.5707917218479721
-0.1851441457242436
0.14409132364242971
0.4467856175906704
0.15825764130134568
0.5292837990529902
1.5666411156038667
1.1286355125223864
1.7577411785841859
-1.231057032886393
0.44164708472517505
-0.6152164854861553
1.7325873292735148
-0.32563516523090014
1.1722471929427545
0.5215391959562409
0.8421643459699972
2.291467138016709
0.2950859654718842
1.461613218747987
0.015938553921570522
0.3142575337142075
-1.2062839296474057
-0.3728743547918609
-1.3364797607932606
0.6289681142587238
-0.0711086125619356
0.1626669526071577
0.36922461450624333
0.48502161612027056
0.4038224256740533
-0.515658137995497
-0.9206197493674891
0.4305853768332261
-0.5585863549895596
0.4613284803650833
-0.49094039033274744
-0.09904148098887335
-0.2210451974764991
0.8697870733027706
1.0453680671229244
-0.004494922729644946
-1.199443242623219
0.7735066859528276
0.35057112612192154
-1.6782858791239488
0.19259034655200613
-0.46237268289254746
-0.9659996636687027
0.3585978852769438
0.0011090897299590318
-0.05613248860748451
1.5793411236822892
-0.16341864131272885
-0.37759331768408727
0.952016764504555
-0.39769243824844913
-0.011709538518883471
-0.6230435551633057
-0.6485786124914126
-1.5354208590329523
1.454631416462336
1.50777907317437
-0.11355875865302234
0.015967215675708947
-0.1757914613500865
-0.372151291494223
1.0956135489768573
-0.4906551043869119
-1.122905289863281
-0.1605006990046042
-0.21571491161581616
0.4444013065376779
1.6157898668096262
-1.7995857851141652
-0.44833048406063924
0.8019184973651423
0.3655965216285358
0.2226393018243267
-0.7531161820493889
1.015075582170098
1.6135824191402943
-0.25822727979217114
-0.7224310769038365
-0.7588942623210742
0.09930322381492666
1.711115192589131
0.5837514779218179
-0.16599591384714105
0.09666662491370588
1.9406668396226463
-0.23736591290833917
-2.1589294361633315E-4
-0.251295288490671
1.2228242841400498
0.915160885907101
0.6672875311173989
-0.3591982372276379
0.6728357382792435
0.09628708258994437
-0.5403842897556708
0.36267920236923157
0.06505947277217992
0.4400590891250711
0.6468140854371385
0.06332155496813548
-0.4662004181161
0.7578209280480617
-0.8930784737414583
0.8918578224591791
-0.23103141848795908
1.397837084526379
-0.26949743946302523
0.4424468336966274
0.6022848872733454
-0.2703539349084297
1.3434013034413854
0.4740937380196236
0.194345230037425
0.842527594456883
0.2751640474919518
-0.8513806611252206
-1.3255400688239318
-1.6517338220232767
-1.0489536678269213
0.2404886077410917
-0.4235440438326892
0.3023124639442429
-0.41340581239616814
0.3283103352910711
-0.9459304041484653
0.5671978996661952
1.1753555982040556
0.042867542991299176
-0.04098084466755245
0.8198348843407003
2.305822932021518
0.7848213146828408
0.5362664483079362
0.6705317376832398
0.143840102967697
0.6326007979828443
1.1453660212882373
0.5613677262795755
0.7679089890960843
-0.5926559106501486
0.206651446251428
-0.037593023625821884
0.4707569537523613
-0.7203895297334743
-0.46552948331975075
0.7103040870992988
-0.3263327070099413
-0.1357767481145138
0.0646833152137799
0.1882740730975206
-0.7324870148189299
-0.1316011436567667
0.32571016750728665
-1.6528570368530446
1.2721095145913908
-1.7848989154380104
-0.08216229716850153
0.16382369022544277
-0.2187029525970534
0.13789236958449003
0.37831955962717967
-0.08893579470167985
0.4231060757075648
0.638226489320829
0.8500255096800796
0.13595381043484148
1.8293222155630422
0.6479131702435166
1.2969843017985478
-0.36940685997164585
-0.3645879225281508
2.0155310525295618
-1.2132678612524643
-1.5958606895330785
-0.5440770061403204
-0.8016504002444453
0.9335630487915759
1.3520668655880586
-1.4995608931857058
0.5555683711839333
1.584208685811626
0.18691791654559692
1.1452243641718516
-0.2701348642073599
-1.4214012364671627
0.193094973939666
-0.28399818789526404
1.4749873104801665
-0.30698894091137
-0.018349387201059424
2.8729197402279416
1.8981362297802467
0.6730796259929588
0.2457335878013246
0.2755983329731022
-1.0067731999232465
0.5134411838342107
-0.6069865808066761
-0.3253064124411965
1.077613175047622
0.056048533674649584
0.1845917398979748
0.7613383356531828
-1.1919597334132845
0.06319711910439758
0.6154753447223476
1.997675060152251
0.033911105987101356
1.0200481146672173
1.4118724113857442
-0.49182521061129597
0.24406972256700446
0.6895655886347213
0.4966429102287522
0.6030401630193617
-1.0264275023646516
-0.3091359030151053
-0.3951036922776213
0.7624007459984107
1.1183416061420808
0.8033233748024082
1.0823199019952925
0.7280327028314075
0.9618756295413003
0.6213688124626333
-0.1623486093527865
-0.08903299753265274
0.34630162774789347
-0.2397021694446353
0.3867245280492458
-1.1457393882008475
0.7663338668283131
0.8746733322934942
-0.05347368602322298
-1.275678712169645
0.3415183719551767
0.3208893148676527
1.0525472750386926
2.478828727522514
0.4428099884694261
-0.9434163230992386
0.05611063624796655
0.2132675204072689
-0.25390556535946884
-0.19294001203258804
-0.2216451643433317
2.6235869283731086
-0.35511200149380967
0.4648035236981818
-0.7336362611490249
1.5840641553884507
-0.27240956681598344
0.16123931948029677
-1.8064740449103929
-1.180493585688394
0.6347776920358824
-0.09753669156281844
1.51795273804737
-0.31997976918811527
-0.5498222024688183
0.9009194264883825
0.47499132398280147
0.41478658687013753
-1.555868143300329
-0.13175018538079433
1.001297037094969
-1.1356295494004696
0.7753010555302401
-1.1980688873107068
-0.4292704630245043
0.23694151727531648
0.14979441857589948
0.28304344531236136
0.5763921752835752
0.38706745284012284
-0.8567162045177172
0.15006562910908772
0.2817360532902203
-0.5477785894166379
-0.10066909070090335
1.0968630176718293
0.06612196342822055
-0.5931135547352366
0.38462904580415513
-0.7847448745490665
1.0413281570473851
0.7611000029310248
1.488267324756749
-0.5316596290604462
-0.6341974116439547
0.3772436799312108
0.19688850621962362
0.522337218032004
1.6228513982740573
0.8467846302868576
1.4697875623552856
-0.12024950098942098
0.3368353781164941
0.5584866601470829
-1.0926456426095348
-0.5175152135467918
-9.487890143295334E-4
1.3209237911030327
0.03517762447038091
-0.7695613524553272
0.7094601213250491
0.40585742958885745
0.7127269481390368
0.2085696693591493
0.3926800344781424
0.5270391441082863
0.2588426088466719
0.6018606079819349
-0.27353075451798686
1.4872591412034808
0.6905533606215671
-0.8589772317662124
0.7705351882216152
-0.01926000560505299
0.21338718478613256
-0.7995443679407158
0.7251263136714929
1.4857610402668253
0.9239280864308775
0.33303321158715427
0.20453493362298455
0.7817759544363183
-0.10394605037820376
0.18426064990575586
-0.46014398507790927
-0.09117497943879556
0.08220338742666304
0.10367385246696463
0.42027272534872867
-0.5505480746623226
-0.578038930728719
0.016076742862699327
0.5714688699223075
0.6106647094779138
0.676979292098336
1.7411047016187107
-0.5587840665839492
0.2871375041336719
0.2611348001903411
0.9274889202697942
1.6258757740570513
0.013504784993344116
0.5394438603946513
1.1739484236870683
0.16061543348221546
1.1904563311244487
0.18973392091637922
-0.3658538449967621
0.749275720460401
0.4314794594862111
-0.0823776857214694
-0.0642691222323103
-0.47950969745083966
0.5552817463719256
0.35859068100274183
-0.4235473263605176
0.6828826490434519
0.6166106233944774
-0.3496094132937669
1.2507717652078882
-0.362286319536414
-0.14759974809409493
0.4093575735175753
-0.7436234623002126
-1.3267177723649006
-0.4457469649940132
-0.031931189038509916
1.367965023140534
0.019198184230144324
0.47376403230062275
1.122245041082429
-0.8818878802191313
0.5228806812564225
-0.12260315455080847
0.6226967541303564
0.3122273103601389
-0.5189729954726716
0.4277615433849054
0.744231199751177
1.340432930698775
0.410599106754778
0.6344293820416516
1.87486503597211
0.9743406810833106
2.214746544080598
-0.41008695454821575
0.9517212434611251
-0.31599488427382544
-0.1050547087309224
0.29077328276670955
-0.011126953900206845
0.6095140399306433
1.0286663476798983
0.7876860424881429
0.20032667653000363
-0.6111273490486336
0.05707456048443234
1.4607204179192912
0.5684217837069862
1.1867404689948946
-0.14422038398341985
-1.110701348125788
-0.11162088814294034
0.9708985159988353
0.7400945047307818
1.4883042283891472
0.6424679161141713
0.24911209458296474
-0.18608586745705533
-0.9454579629975136
-0.49651807205499066
0.9094796455485571
0.40326268158069356
0.4129374618223792
-1.154880446169631
1.1204548391324733
-1.172459146013614
1.862774760998422
-0.8890282036844337
0.3980531436114782
-0.6929577839585307
0.6314129435398815
0.05082486155368931
1.166064383878821
1.6405085934475583
0.29628544762620107
-0.09604474204689865
0.7382662885040144
-0.9657830652122227
0.7008254056785848
0.5071821552905951
0.303841343115794
0.5604099059453055
0.8268458977491512
1.894062848760509
0.07076335790250533
1.393912737792838
0.5342234790592837
1.534397832109996
1.7287319881311014
0.5820901789859925
-0.1298173887602546
0.7329230203490555
1.1759524392615823
1.0700784048634369
0.2811070540687544
0.12635275295781923
0.9604587020988309
-0.04586773698575904
0.06881542737837226
-0.9628922681183729
-0.11311660446167293
1.688428290295709
-0.022388808012399886
0.41179411121381637
1.9734986979432603
-0.8861179062903807
0.21536359476774786
0.4375517292914298
0.31877030609792384
-0.3276925222040071
-0.6159942160870622
0.3718789760119955
0.7455757488348688
0.5338460520747711
0.8497731821367849
1.626919338275316
-0.4021527040033905
-0.13468795848530848
-0.0018076003378242667
-0.6223396894461064
0.24832798220343902
0.11892817333286863
0.4773170379363833
0.7234686538376897
0.6758899730126529
0.03130857903551681
0.4054321011667661
1.6059532970947512
-0.15500993820107808
1.049857550770439
0.9431950724942859
1.1331249369633614
2.3416902482229114
-0.02209812706408885
0.15271384863961984
0.3096017675858602
1.813070542034771
0.3337048577633197
1.1631582870752004
2.480571046399921
-0.9575931224407146
0.42688055888170146
0.23158702063279973
0.29418266995157105
-0.017117615621679644
0.015303647594798178
-0.009415234764396537
1.067524756006295
0.4107169221943221
-0.0990546320030086
-0.20872038606478371
0.2669743308120872
-0.0845250020346432
0.5748376226258459
0.19164019248626948
0.11954462131183188
0.01747851075019792
0.7855858224600343
1.5398190169391712
-0.8976636215157362
0.2592696569213288
0.46097834617763234
0.17250197913893756
-0.1863091650750729
0.9838874867990673
1.3711809067757146
2.3228854212742456
-0.46664635550266914
-1.2411318166690812
-1.729543240163882
-0.051692115015011086
-0.4439464633880844
-0.24815391405842913
0.43797727697735106
1.157078713011042
-0.6906381251416787
0.46085126734221327
-1.3744034209356375
0.9212854450436846
0.01761825955947278
0.36107676164108987
-0.2767006935996981
0.6351257018544743
1.628291400300944
0.8149927043280224
0.45700480210051575
-1.2100946216471062
0.6451802093130145
-0.19306649185322688
-0.9209743797178861
-0.2654335669098816
0.9382806461318905
-0.3118392080739078
1.4935718866907313
-1.6581667513131684
-0.8947974529183188
0.8704127477748164
0.31494806803018377
0.5621330548937111
-0.08741287983028238
1.3151086152270364
0.4595631458670578
0.9049708835114008
-0.11431654037018385
1.0286603309720594
-0.19832386019659373
-0.398616308689249
-0.09112048874532216
0.8183250656429519
0.9759141383802754
1.770733125188395
0.2012215381210441
0.6748541221702672
0.7812083777716593
0.5500639583915077
0.8683790272437075
0.7978088062612197
1.4004366892565192
0.42384001760948614
1.0710556434380514
0.6012152740868836
-0.5195983803137009
0.018121393081134213
-0.44260664181997406
0.6656317242915989
0.5809622579315199
0.6008862957700953
-1.7325778369399323
-0.35373595780313516
-1.4250533031134787
0.21652942939125205
-0.06949724697563898
-0.06250195416946056
-0.07929432930421315
1.7046181756130936
0.579907911977909
-1.1185593865549808
0.9511974990223172
0.9344018211599047
-0.972223832752723
0.13385296576942513
0.7962402379066827
-1.6198364529277829
1.3140434438404043
0.8709791677624248
-1.1271177176830198
1.146423936840999
-0.28430764185017526
0.7346143962964973
1.1039772941361292
-1.060144433305402
0.019361506508253013
-0.7221892122715482
-0.404401545101167
-0.3449145771092105
-0.1202356161457098
-0.4791570253578408
-0.2179918602761536
-1.50121630422521
-0.06502779140465498
-0.1240638334023092
-0.917654204560233
-1.2906661620878621
-0.6452497275588147
0.23115422983739894
-0.03867329271595211
-0.06909449713821482
0.8952356754573866
-0.26629303588977293
0.04835227199222928
-0.5591812497681069
-0.02603640605867734
0.660362444907943
0.8897269489062384
0.08918530384149405
-0.13429369138363575
0.6932082813159207
0.6649311560637106
0.41359326731399204
-0.7105622148614283
-0.160052412915946
1.327755524348278
-0.8511834337276142
0.47356810378251624
-0.6220799306375231
0.455459692873112
-1.1016795321928783
0.1821593104728742
-0.521071628212918
0.5212956224644041
-0.8479949022750327
-0.2868957629092528
1.4086212947693868
0.6707881788486985
1.5090594886448614
0.9890964720180275
1.2260942056045903
1.4889281212231813
0.8253099132122315
-0.982490686992799
-0.5469622324748886
-2.42964584347991
-0.007466605811844578
-0.3911373234185154
0.13894874681298222
-0.8995115897960645
0.5931639036801314
1.1887281629408581
0.7274456526089753
0.016592067280205514
1.429876760048698
0.8451981259475193
0.15352893121089148
0.6543651471709955
0.8726314525800438
1.036407241449743
0.5359741591956488
0.7137702851164307
0.5670341936761806
0.76891370273346
-1.9369995396257955
-0.38336787647936077
1.7788902710329042
1.262116534796297
0.5601054992016763
1.6653345137739652
0.9194438509752851
-0.24446739907147189
0.8504046002510027
-0.8089791415274883
0.9728306999274172
-0.9178435222290939
1.6209110408924818
0.5662384886949974
0.5049404061194175
0.08278650297201426
-0.5364733098940135
-0.06898264663869487
-0.02403708982252363
0.5750907416833462
-0.3800199657565328
-0.986330577216688
-0.07997508149698472
1.5647041258446406
0.6179943901705728
-0.22276568878905453
1.0508710470209752
1.5936766056917702
1.5339436485686042
0.06976977515835917
-0.6291671402363044
-1.0470532282857348
0.3816605836713248
0.040941350558807536
0.4385159856661013
1.2503742824089168
1.0225503596373662
-1.1378635138941542
-0.298475580419156
0.8048112374150264
-0.5122332210171584
0.6919550468497627
-0.9061683300146298
0.681029826645966
-1.496889742258505
-0.3397974506372259
0.7665132126886266
-0.39961749477068936
-1.0738222929372294
1.078565396789263
-0.33581916965035036
1.0546083544580287
-0.46157753424323716
1.9410150894362972
-0.04160109534507957
1.1033774248687687
-0.11203913482608441
-0.48775604285278906
0.4322810635011715
-0.476565834431067
1.3072674273201883
0.7331380190411173
-0.06316298035120847
-0.8168162659569128
-0.43577554178944483
1.1424959324910289
1.2273063292613673
0.39060510830491957
0.5464540260007376
-0.29502684255320577
0.49265983476935643
1.7766228284980874
-0.5113854566043243
-0.015903791484433372
-0.21232983953045406
-1.353888308252299
-0.015927002797592946
-0.945771159314049
0.21672094471653328
0.9315952316646935
0.4975146646295906
0.41786426362591733
0.6899628724684935
1.240311224249292
-0.6381812061843976
1.1947639932466143
-1.9870577874909547
0.4354715458656299
-0.014723592435523281
0.6603991277460921
0.7806683379039541
1.0899259643134003
0.028082195113277985
-1.431052488025744
-1.0256797399533357
0.15234707484112134
0.08265587866995101
-0.416092437702862
0.373639046179737
0.7871842705452651
-0.9764233540556598
-0.3284140047474085
1.8475184781237768
1.6050363814924709
0.36275183573512476
0.5178599751953571
0.3226140912598859
-0.2993839196936366
1.5660252160083306
0.1617136313974295
0.14765376124403512
-1.718122936235277
0.20075889993641147
-1.0738895187080515
0.03214848754558117
-0.6170488152690192
-0.4579334365215173
-1.057578470701444
0.72782998959278
0.060895292046303326
0.7903295273158669
2.2685541820455497
2.0464818457348417
0.6402170008943432
-1.445433147398561
-0.05977274337982161
1.212459612881626
0.05499560361630773
0.8134769165333705
1.0078843663335184
-0.6297240469549831
-1.1422475614959662
-0.2591588959587614
0.464365010513902
-0.49147036464500365
0.24630457864557745
0.44448290728128753
-0.2980751603668709
-0.8056042181126915
-0.03009234173083347
1.6282598868279232
-0.12206261233884648
0.1490721322581628
1.1258473806651736
-0.5731850389589305
1.4595580833890383
0.42785372050859305
-0.776447377815729
0.7048620818605424
0.017047906399358978
0.4201736703303925
0.3470892098521233
-0.12924195747968947
0.38570071558879054
9.050239220234056E-4
-0.012467973663089096
0.4781107070627086
0.38639769263387364
0.6645737781683096
-0.052608436341553454
1.737705733732449
-0.09406611011737641
-0.08182613067052323
-1.1358132798022853
-0.16569736401805005
0.9702111405188054
1.6487379733264824
-0.40974687223936646
0.24326834437751957
1.6392329222928008
-0.008652857874285293
0.3473687760591478
1.5482399511501561
-1.4662411625306606
1.2284488160337892
-0.4365408678045779
-0.7865825896883636
-0.5768183989209729
-0.5097560615032242
-0.405985221925657
-0.14292218273333313
0.6484278783855741
1.5689459459463284
-0.03169129434839722
0.33583782083066327
0.3233395678581294
-8.371762459161844E-4
-0.23331708810793586
0.7045990698239699
0.37727688920426544
1.1627853259697956
0.616798384005567
0.11816323669410987
1.1977947869703816
0.09930668660295233
0.7101309299986105
1.2594269560406666
-1.530080928110102
-0.6994757593208496
-0.03843884658010118
1.0908857916570625
-1.6025023659706985
1.6047521944817318
0.19020962486430817
0.8598004873785431
0.8541277596196267
-0.876896147748293
0.893900807706782
-0.92119353846211
0.7407825008925966
1.4153515411536424
0.8377082141363635
-1.2003447635318163
-0.20606442527660002
-0.07236907101330066
2.107008467141995
1.0162848711750416
2.082340728916586
0.494048679349787
2.1399330847139613
1.3631590254781123
-0.17904267993414913
-0.13071905128138522
1.7419820020247396
-0.2976962507439178
-0.07636871368453153
1.5204199428994383
0.3582583446190393
-0.14671942826628773
0.3948541948155903
1.1879936350526412
0.6329765838738978
-1.3589474052428105
1.3929113917478817
-0.6351645708151296
2.733669430821974
-0.9129501294286747
0.9211815132009834
-0.315219844194808
0.7257876030601457
-0.2975768615318772
0.20413895781102362
0.21754612924125044
-0.2685002293217692
-0.5866768142228601
-0.17535937962914275
0.33450088206521916
-1.5328368170161677
0.6758058543078874
1.3020404582232996
-0.017572763590106392
0.7250285274305798
0.8117322246363631
0.13804627825940877
-0.5906850821506296
0.1794737782818937
1.0218853605756353
1.9285930120869794
0.8406551530764665
0.28377094406991304
0.03429431681304415
0.5788370207709854
-0.3376454177347292
-0.7695230726092478
-0.032241417981408234
0.257414249791616
0.9357986205977616
0.40981925782091483
-1.6296959477417756
-0.47414978295079674
0.4753230089989632
0.6990765875671162
-2.1956689422195406
-1.2506165268452691
0.27867135630403117
-1.1359257108918175
1.0270250896173094
0.26243442171119524
-0.7064261816595977
0.5012029946681021
-0.14085181209607342
-1.6266376797253377
0.5064175400505635
0.30899136945850936
-0.8530408889691999
1.4873635316472997
1.1742171376348611
1.4124769584705505
0.05301383782594044
0.43762200058054085
0.020961311141377996
-0.3632702699828512
0.38306889544797773
0.06014467918098632
1.093018584896954
0.16896758939400633
-0.35327954995322647
-1.0765187223532897
0.7403260874670528
-1.1351368507636772
1.0031127297543425
0.3859188957616776
0.3122835927024568
-0.09432454800617848
0.340031505672418
0.9434463701226874
-0.046223074857681935
-0.042864916585122106
0.28690280999261025
1.5217207979806688
-0.9431787472318895
-1.1673668903455976
-0.38551195081501316
-0.3044663522371742
1.3627449982042024
-0.5805335166038551
0.2244879352496464
1.9207365937475256
-0.5119345194183779
0.6188550301384138
1.3170467486634492
0.3029178800802675
-1.0338383117928485
-0.3616363335103473
-0.08513720500000195
0.647556453427298
-1.3531338560535306
0.2054490698710992
-0.9036221511862588
0.14738686833724612
0.15608320393619787
0.6398695058026901
-0.1576704054026333
0.4346782531463463
0.7553286358883124
-0.3616755056057214
1.8620203503494344
0.8882895509493776
0.10294209584215296
0.12267888974303295
0.6218719327383087
0.5380096471050944
-0.42095634299789575
-0.212009323654996
-0.4771619266654547
1.2483099050187154
0.3438046650470579
1.0020963606983821
1.7981945621076754
-0.4253027062740066
-0.7005550328629659
0.41685435497461204
0.3443772667547185
0.01582430726552276
1.4014042435037055
-0.18106653110816073
0.7454470467986691
-0.20992679678855275
-0.9732952739886045
0.4989063862940709
0.853982818733298
0.36397888926097566
-0.8750345936547907
0.5898306389959046
0.37043073757007994
1.0344110686282968
0.09069285644453898
-0.9765204281131069
-0.5070257256529344
0.9478313315504362
0.971009355010943
-0.2985632749276698
0.8892117464896607
-0.8992161234451095
0.9479795674242436
-0.3903482358632738
-0.8140145810065003
0.11396572567705418
1.8569509130987876
1.098330168926127
1.4121073426533373
0.6000982674477395
0.8175962163113955
1.0865198624285413
1.1701614725146696
-1.4734329731134874
0.1468353812515414
-0.0017821964307170087
0.17651624974305902
0.9557469127054562
-0.1587730048004416
0.7919427715543655
0.5719291982199184
0.8766326557491786
-0.9233015093551066
0.5605935588142544
-0.4849821765115144
1.0263805683644898
0.7222742921815526
1.2341963635298185
1.8676781090875905
-0.7895242480891995
0.7764803116468734
-0.9345526063508528
1.924346435721324
0.003993612366953166
0.18232938613418087
-0.014757889823528048
-0.5641625314213335
1.3576756019623952
-0.9445805760932109
0.568736788426765
-0.46280792066448384
0.34544534762201207
0.065358231974984
-0.04192466204748638
-0.1282945956012824
1.2771458345527347
-0.0434697197202418
0.1158674250302116
0.8403037827964052
1.501798807595877
0.9361459754323826
-1.8906182241406704
0.17344374860303352
0.16782380894866034
0.2834856616595493
0.3101454345721609
1.4070186196124979
0.11780889749094778
0.2949490090140533
-0.8720298942168376
-1.4464668401973646
0.3505290331157321
0.6030461037566315
0.11037812400574946
1.0701902701560468
1.1648140828641815
1.0907554711773004
0.41147200631189185
0.2552703492329383
1.3560889352806358
0.3445405103149516
0.8200249537860328
-0.2946994621468549
0.03504820982296903
-0.9362364721149256
-0.02053117144740204
1.0399231784876297
0.3001825059461225
0.3356958658256915
1.625829281886997
-2.1597190496609593
-1.1352651941967336
0.9599316791498185
0.6630899891587106
1.40483441393684
-0.8981754380347375
0.47261632404272214
-0.4888998278238512
0.5166565317252373
0.7168906147268166
0.3735566111722016
-1.1362468274487632
-0.14402960588904334
-0.9982668343157364
0.33571356365420185
-0.030194465626040185
-0.6787339192089339
0.9800751877930484
-1.1803579198916656
-0.5128723201227832
1.5926878009176832
0.596157009641676
-0.04210292277740153
-0.46761343679642575
0.13423695411990655
2.2268535930581086
-0.09551939257238853
0.5839294831348225
1.3596654229920042
0.2572746812842014
-0.09852380836701742
-0.014557595785883979
2.0035583090328983
0.6256102702396543
0.67640997261753
-2.28776986761529
-0.9815056720603118
0.5767793392536443
0.42801322444848633
0.8409072185378037
-0.6128105622415182
-0.31658432938401615
0.9524054465996538
-0.01401659650332471
-0.5347180673077422
1.4059120933353593
-0.18053005431930125
-1.2542092028566298
0.11249237957691953
0.7320800325784721
2.077759495682034
-0.34753080943267006
-1.8445566068520345
0.24064596950410722
0.7486403323701586
0.5408720318826472
-1.0227131321945386
0.9320856018003075
0.4892782144620468
-0.5724067392656117
0.9404561254288636
0.08011969168852091
1.3088612796974497
0.3268159532520963
0.17976830846032402
-0.6013136608771203
-0.4207902049445261
0.31874289996553007
0.009755719755900494
0.018001189798115696
-0.26017432742394536
0.35849415415288843
-1.2662813139609383
-0.7812703376051509
0.6780061622666078
0.5552261385382175
1.1550544307076038
-0.7147948482309749
-0.3100949102180603
0.5654632187621287
0.43189916321416366
-1.1499420597657355
0.772040777776828
-0.7846530951607741
-0.5451488111237445
-0.3608056001932413
0.3596731306577142
-0.044247614022977326
0.7718937107105301
1.6884412815109502
0.8267833083131948
0.005876669092873826
-1.8803495129182557
0.6668271817506934
-0.18324180296586107
0.3581531919108522
-1.0729828008398465
0.04135419958223657
-0.09930646563505671
0.48230769049077976
-0.7169726692759325
-0.44205970219933005
0.438124784768895
-1.0336883699305757
-0.9563972965903079
-0.7971131121004401
1.078207380336099
-0.5990443452178348
0.07482170990544426
0.8389093642461162
0.16476958446056153
1.0512861765398398
-0.40899503734851805
2.0651159492695137
-0.7179945516432291
-0.5992385448750102
1.0244582233716195
-1.1469146428845964
0.3352204011573239
1.2378630050318955
-0.23524942177099184
1.0602663072558254
0.8085917541424632
1.6563615746336295
0.4836034586935825
1.2835392572695685
-0.04153157896138086
0.7450126711445836
0.22077982759478032
-0.317381107142409
0.4182327917456528
-1.4339437388259098
-1.5691802150616947
0.5318216010447536
1.0406750784671623
-0.7365950548454764
-0.7096044697088856
0.16179951721277133
0.875582604041373
0.7095133293248134
0.8273628162300499
-1.2286364089865274
-0.5583097762061342
0.7555105010926556
1.6025013781906845
2.631636179400213
0.09795631908107234
0.09594462107034256
0.1656650103414118
1.1632176448759133
-0.8209243164068045
0.027376072491074245
0.048666213819861096
-0.31321092191389033
0.27040430168195073
1.065087541281373
0.2113557508676302
0.8638881776650157
0.5649187172823475
1.36607534364021
0.23649679678736088
0.18811686099726288
0.26842491197779494
0.414568914789047
1.0929940890619438
-0.2907415728878688
-0.34446667430317246
1.8489972633605498
0.7553407603720973
1.7677893348193636
0.07612392114722122
0.3048479858603772
1.1138677345351007
-0.28389159028715627
0.9789362496151622
-1.2641255634447603
0.47425492019975546
0.6340958598384909
-0.1799244530041117
1.5422884417466263
-0.7997737203015112
0.8598601621859245
-0.28906302942602946
-0.12606526626720194
1.2646523404020467
-0.21392636603189585
-0.31526389624800677
-0.5045255165010778
1.231684984735343
1.0956735831992184
0.5698911404964263
-0.6558533115247476
-0.5663135410049179
0.7101191014382665
-0.6720102495330981
-0.23224469058876213
1.0806479406794476
-0.11639398688813182
-0.14465511124983146
0.017391540471815223
-0.44682178006949186
-1.2378684182571507
0.11052069369854878
0.500860815834519
0.7693441206122831
0.5779362248448631
1.9092248533681933
-0.04351391436891002
1.095638616781252
-0.7769076062399235
0.6274411049538139
0.785610292756445
0.23846647545220956
-0.8589685344098063
1.284956287969172
-0.21879022846486385
-0.7459092441178973
1.2806857032277235
1.421594509253118
0.46794784182309657
-0.3154875340216397
0.4429729502463503
-1.4279247647159665
-0.7943617252982045
0.8162726999433806
-0.875983710192907
-0.9642718999566465
-0.09162294828286834
0.8524093131679691
-0.10145337655177172
-0.11004969924514729
0.1164735723115836
0.31623708060323913
0.2294814636997669
-0.6903877049212125
0.5660269740048748
-0.09864817645878549
-0.8563161271692912
0.567491223892385
1.5934878959773997
-0.09948190188066827
0.69273541483148
-0.07836821885081773
1.884548619372138
-0.6132180528514523
-0.195725488741126
2.2350096499215573
0.9502978860780649
-0.3498538687815276
0.35942737720754525
0.872746707098578
0.24225381804392287
-0.5200565593725438
0.6774099496106966
-1.0801966785425077
-0.27760080227952777
-1.4063405388784662
0.3748112783920552
0.920089159202235
-0.21357421821837677
0.22988454401307173
-1.0991580870089794
0.675573793090157
1.1823366586598176
-0.5360927396237606
-0.6035944726150141
-0.51516819258896
0.10438909202335998
0.33265177665994916
-0.27489392783481476
-0.5345827633171687
-0.36354200004448955
-0.33299879076249533
0.38544123205238134
1.1019414660033058
0.12301968358431203
1.6236432394139226
-0.20652227249193023
0.777831926737251
1.0907622123693936
0.1612989116601087
1.006806528604435
1.3463035037371909
0.6097434715075056
-0.3220461305981039
-0.32497479890259195
0.2482705155346058
-0.06154294937178527
0.014735052818051025
0.733328811267018
1.6507272296370195
0.8208398550053546
-0.5696840445617227
0.05605675587117558
-0.2411368961228762
-0.13926562968798573
-0.18342644006503228
0.6224914778676549
-0.054143585087351564
0.214933480289659
0.8399473048753617
0.7821149606754759
0.08613995152935992
0.8296509479499832
1.2207675656789727
0.14052162800757276
0.7246452686447349
0.5756208112472266
-1.0236933685863696
-0.1323972910709706
0.5012707422415248
1.014808554010363
2.954345620526402
1.7984669358026415
-0.6540165816275805
1.1926795688346126
0.6843461636148221
1.754145381176209
-0.13898400380959874
-1.0526135208817369
-0.11744866121832993
0.6403476198585533
-0.10373005052869197
-0.38186794414812675
0.39809824233103847
-0.1926323040578625
0.30115574103548154
-0.3137811300433799
1.2334306307024003
0.3151499960408324
0.668771565858881
-0.8461534684982238
0.31846595772680963
0.3459716846732492
1.1726627065120787
0.5284728800234254
-1.0254244033051765
-0.45065984299145223
0.6897669855274986
1.0458562969498764
1.387664197813303
-1.0036973048495308
-0.24979838595667697
0.48271184496977587
-0.008296575590990674
-0.8322146734729893
1.1642792411510798
-0.3493122854447484
-1.0008114039342226
1.1708238271250309
0.11607178860190864
-0.39330973154699134
0.3726791353189197
-0.94199346373599
0.1543554382860686
-0.5099744235404268
-0.774176694997779
-0.23052136922642338
2.4771642035600614
0.03738817767801526
0.7274091670216258
0.19949594972000773
0.4368882957347363
0.8148855435953241
1.4052427154477087
1.133920811402777
1.0028424915900331
1.200818940833176
-0.027236903997024747
0.08191901241933174
0.5109741147154814
-0.7986716999118318
0.49954162882426434
0.39069670604603424
1.5353699923736763
0.7645722935512891
0.789735294335951
0.36034352502608624
1.0327465771030684
-0.044072938397727385
0.23322435452222004
-0.57766868805901
-1.0547311628512008
1.0015590222547028
-0.057243485730954474
1.3850906139161545
-1.3117006687736477
0.22810694283873859
-0.13164950755317034
-0.12186763038758974
0.2516391752543487
0.023350021720463854
0.49155800734892513
1.418038814263664
0.8257969924019346
-0.6719385231633646
0.5315684471936831
-0.18831492519390788
0.5160211742057452
-1.5999753410378812
-0.36848955627719465
-1.1914475511837732
-0.9227998754041469
-0.21197286889005407
1.6353183637263045
0.7705546430480246
1.469503668033491
-0.4860496175856467
-0.2293892217246291
-0.9293153146491047
-0.5112760214191527
-0.34688716580224943
0.7764573729576182
0.6438933975673754
-0.5228211728108929
1.376322306921221
1.0022277148971603
-0.948108845004441
-0.45261194570629265
0.8398469363630897
-0.13423059605171545
-0.5315652791181793
-0.297391226115286
0.48055100819103946
-0.613023428210732
1.2211693329235618
1.0332211913823546
0.4895165207586744
0.08533155502505756
1.3320288630926715
0.24767899269674648
1.1681485688290398
0.6677308903309946
0.6903277053930564
-0.5195196734869771
1.1844587440086156
0.6064803235387888
0.9411077161022298
0.21688037361152607
-1.2853391425743368
1.2238897821227774
1.0020493599075746
1.9265566780987577
-1.3729427363176254
0.36487900221498015
-0.6045015002309982
1.724443343080924
-0.03206162495715901
1.1569154404034996
0.5396291074548332
0.36566254801772397
-0.2677341930625139
0.3105011378357337
-0.9962473513034178
-0.25754538032323365
0.5876522473801167
1.0664994005945803
-0.5344107406973194
-0.3019358073239232
0.8117877959288871
-1.0088102222938218
0.2346130910409544
0.06467565902086642
0.035707843231527064
-1.531743859396098
-0.8310600541493446
0.583256495429941
0.002189841473959838
0.3859319983903186
-0.7185318712861529
-1.5213657309718691
0.09071948004578811
0.6557307171960963
0.2567627622073237
1.235101613678799
0.12694836906410822
-0.8496755023806422
-0.4495957998080583
1.731881031105507
-1.299291478212939
0.6171707781139804
-1.5693491051023676
-0.10080702945800518
-0.2944167490755603
1.0879130842015834
0.6251732802101019
0.6713078451037612
-1.1967796595863478
1.2427672671975754
-1.9825670968213527
2.122081532935153
0.3950158177031156
0.8914824594359996
-1.6459830427724818
1.9484260997836653
-1.5520287186307975
0.812764286073158
0.1983816965268101
-0.37516222531949944
1.1976387013405216
0.02266928554167006
0.16011641189504938
-0.11649314363786492
0.18683559928085125
0.6400680086397748
0.6632794664995619
0.44229518962077075
0.49993477418440385
0.625837319728535
-0.5209418206131305
-1.1907113048206661
0.2690910084760143
-0.34390022997111624
1.022969873226281
-1.159909905096513
0.9722480118889435
0.7816640866422508
1.132408963211542
0.6999993993996997
-0.06562478599815055
-0.18928089843938667
-0.12265297235396887
0.3650164199955442
-0.08385189733253985
0.2094581847638047
-0.46110764332562965
0.7852083376290051
-0.8437332446394616
0.006686102091725289
-1.3305369141138714
0.1913844459596659
0.6695663780888446
0.5926666636192864
-0.8109002287264532
0.10935688056317738
1.165582853222336
1.9283541690390185
-0.7549208161426568
-0.15149797087098
0.12004125864010973
1.097260182979881
0.05255916432785779
1.0703543637469441
1.2996106654014898
1.4049785568994475
-0.14548060345238242
0.4010089326856729
-0.4711805656535734
-0.09028255766512536
1.5518374351254214
0.28764073794723755
-0.45270568532218874
-0.056848802393591115
1.6701645069994595
0.5989513915183599
1.7435184292766799
-0.23624908883018972
-0.5037815777288865
0.1364997134717637
-0.3255198486626451
0.6524775555027681
-0.7629464522985655
-0.6182815002345371
0.6868448658319818
0.7978583724478263
-1.3916271894001813
0.7832827294672051
-0.13310493385041383
0.4975607932965223
-0.6472713967237621
1.1830436929973416
1.1207469662696659
0.9712144324001413
-0.79901925139768
1.2866663846633237
-1.4594189461175642
0.7282978525648188
0.7171065733986404
0.8565144462131808
1.0847497923284295
-0.8828573730818549
-0.8875955773090247
-0.35172443283941235
0.07037898748945555
-0.34172927441091133
0.8069996537288092
-0.9157828878811977
0.5998820941701891
-0.831153549563833
-0.14734127620294019
-0.33901932486075326
0.6149781638214624
-0.31996065985820216
-0.35265117385683226
1.0798970593109318
1.5538042233290281
0.8024378622512037
-0.8482744436546321
0.4225285187351012
-1.5904207375250854
0.256987143838531
1.880427424167385
1.4124466103245208
1.642839413171393
1.1751784238263854
-0.9719951839380228
0.8551295009232179
0.9839173936635897
-0.051476193458978144
0.649778826556645
0.11515753269999776
0.6537722210614424
-0.20076202317788241
0.8775568186118641
-0.4424328653321796
0.19009406345214672
-0.3241336600747442
0.2742215596560193
0.08822011577791328
-0.39671894492143506
0.4376724903946988
0.39479770262450137
-0.2975472710829886
1.2573527375408995
1.0372130326077182
-0.8493074067595349
0.9656196612487481
-0.7308100338452052
1.1225656900735081
-0.49962581464353545
0.23594402333149234
-0.19879756196350787
0.2928743644656364
1.325517294269927
0.7327142414055005
0.1785676006410014
1.0200529747170488
-0.006062144420673992
-0.21395273947655424
0.018520679625261088
0.2632697052828896
-0.7395545073796148
-0.7495738942808187
-0.6176779926291627
-1.2931516067777413
0.11485381619888646
-0.44724466785687605
0.5087114639371114
0.3597985817855729
-0.9737827093445491
-0.14264665458837625
0.4903239293860745
-0.19434471878080567
0.14303073065398084
0.5451989358146258
1.1443704916721877
0.8280634233719495
-0.25142324940251115
-0.8053340899828478
-0.28894898506663486
-0.8017814677833199
1.1314950034117042
0.9481048413649552
-0.03131812139075224
0.5128426617759775
0.10144252789047128
0.818957439969852
0.0649357110786065
0.19689621093471701
2.0282108634632086
0.13895423143780875
-1.4712090351629978
0.9598259426330376
1.4517218739899327
0.16670425645771844
1.168179408165154
0.7790175414003732
0.21192204890552863
0.35847148154382624
-0.6379249401674691
0.37458580109108897
-0.8517066860973939
0.6772941031942622
1.0395189369218454
0.3192874930901908
0.9820599750586171
-0.9797012505402414
-0.4171244474483898
-1.130767632800531
-0.2698387039562469
1.2892812398026252
-0.5672919527079335
1.480273740900831
-0.14965284494364423
0.5189349449820293
1.0556015156452294
1.9932251662744123
0.16294148656210766
-0.8125630931507861
0.8038051342624958
1.3992102876026875
0.623544517232361
1.0801930655708851
-0.9212618134218808
0.5502604898384696
1.3173021892652401
-0.18846970307346986
-0.2882296270907108
0.09575372712321684
-0.6502463287348688
-0.037206776970445554
0.16486359340126147
0.032417498083503
-1.2815469456623814
1.7739262279755044
2.8500885082265386
0.8406365445121199
-0.788786800408353
-0.42049228981928505
0.5354714627488776
1.1799531725803305
0.6733484625446248
-0.26491536125378795
-0.21059883902344687
-1.242529249330393
0.3857988517824816
-0.2154543455207942
-0.8282579626249869
-0.5690095634444471
1.3966761938541523
2.0090130118991705
-0.6209472868741412
1.1023259641459875
1.5647253570989275
0.17321338232478492
1.0307102249749494
0.42216979556916456
0.566913724962681
0.991016514917073
0.04440145597465558
0.2757467228559062
-0.9715893210076836
1.043673192919186
0.20106829676339963
1.2505009832629623
-1.0931935249242624
0.06093680925511069
1.3083103234686495
-0.770776292765755
0.28582731791470156
0.5677664222300924
0.04706108051982785
-0.13442587565143826
0.7046274301903831
2.4598014790419636
-0.5887480887367436
-0.4960905879525289
0.2343685214070483
1.1666279360315892
0.6041496683930805
0.48421469808830897
-0.5823533990435639
0.5657255919299387
-0.4570444303408278
-0.9428335954777092
0.27548118719180253
0.5812784733224416
-0.45823022184555945
-0.9131382965515354
1.0555720830861905
0.1163741672719097
-0.11572548497309888
0.43967033210984674
0.8215777818460148
0.5144402096274745
1.2190437830104481
0.6119191858434947
-0.47118788893940056
0.3575423056081585
1.1255628558634783
-0.9888769033784883
-0.30614249977476743
-2.018730227905647
-0.004170103052355703
-0.022314292613009448
0.3711799059439977
-0.049322542307531345
0.4311445914530573
1.0222894102654947
0.9494971484253723
0.014756228060683156
1.0247485575955886
-0.09019197784471981
-1.6007349866168619
0.8819389625315298
0.035571690038316735
0.7453688702915195
-0.7504712763272466
0.8592036083173966
-0.8265066051184448
0.21327469929691575
1.260187515049215
0.10220285760172632
-0.3908332461724335
-0.4563550229594795
1.300257842417051
-0.40575847704534396
-0.6120822334291495
0.7572000632876638
1.1751892965047086
-0.39909885155385233
-0.273303790170894
1.8116138771949881
-0.5806457235766418
1.0565385267444902
-0.04285122209348254
-0.5221605402666036
-0.6354660013114481
-0.36443008260818216
-0.08086274842572314
-0.5907325716786875
-0.24510363185244197
0.7231743130341435
0.6167881568729716
1.061688142179907
-0.37487878089934806
0.7135341159106369
0.5303113800025949
-0.1747483105819935
-0.23127405276758037
-0.9393657342500044
-1.0630389057923335
-0.47940357931312527
0.7657679750760551
1.794184135902013
-0.7703601024008896
-0.2809525747897334
-0.725438660657575
0.3410106844845971
0.2366029397078338
0.5687009580374999
0.09464213039935108
-0.2822806445145947
0.16483062927622819
0.2061007790313907
-0.619110816052235
-0.5093351300573112
0.0021051891580201893
-0.07564011223901546
0.9318806898141944
1.3041316169365151
0.8199393852912634
1.1647432630792502
-0.5772312910945855
-1.047143246953235
-0.025748212250624795
0.2387124356164638
-0.3482952836063847
-0.10052431880569875
0.25589196729556807
-0.15502180015470374
1.1734677277847625
-0.36969140171852455
0.739280961353846
0.6681114449775519
-1.2434502841062376
-0.601501105753529
0.13553627693217413
-1.700167421762968
0.7274452903093793
0.5055434161776732
0.4633904905230563
-0.29219043858016114
1.6148700092841473
1.7694806404555141
-0.27888515796154295
-0.44249943446038437
0.35585859665843683
1.4545201535243533
1.1214882745178232
0.7504630444419776
0.36503479001811273
0.053214896786781526
0.46089825152101316
1.3247834378999455
-1.1571805482869488
0.6226806849320121
-0.45575122869419665
1.1098592462860386
0.29711492505392545
-0.1579521861690224
0.8386132667408779
-0.3507089497895126
-1.032625010924966
-1.346718990510093
1.1497979593275343
-0.7702110240729285
1.3890741885933988
-0.24138788972874545
1.374781394978397
0.8342405349111641
0.8037541530624855
1.0747813514081659
0.9058927834587223
1.1372414548259067
-0.13158538731389252
1.648134312287697
0.8236638488659409
0.6239878323096053
-0.3783797013906066
0.03143627940072967
0.3347947465533306
2.2191498334515827
0.1919227845097615
0.2508053483888335
-0.29545720788306246
1.3290813675426438
-0.3854402351912976
-0.21901006191517136
-0.5932733389796719
-0.22297002410073913
1.2321600599573728
2.084895191619333
-0.17176795710818907
-0.4292007506702925
0.39242016880329184
0.7826327275840615
0.17511070199535278
-0.4317483569269827
0.8005065654826657
0.1448159233454425
-0.5684558404712876
1.1127956454165389
0.7331625019190053
-0.9329982535166289
-0.1345589332246226
1.1720158264689033
0.23215778121060404
-0.9002055632763399
1.542042003771758
-0.14422490257967577
1.076943471203955
0.45146187905505825
1.3902324919730813
1.5362545261724687
-1.2633041306809027
0.4358149332815864
-0.4665811130898926
0.2341356283782823
0.40379303407078065
-0.2186125916672436
2.4180659911275275
0.04315376294377715
0.16614242650412608
0.008247522348976334
0.5278262394512406
2.1788682680184372
1.46997534828368
-1.483167475384456
1.2841474214653628
0.9296019377090178
-1.250516904298081
0.7910355227245112
-0.24613093597851504
-0.013879136967879523
0.9169095051912499
1.5228797721575458
-0.21593089982518684
1.8034816007248926
0.052089542071018825
0.7986721878957279
1.5798795701399306
-0.07613531804393835
-0.19253527906679235
-0.0034617057190510503
-1.4687718996504748
0.5535999260515515
1.1503654011758027
1.0899349252523476
-1.405064861783662
-0.4719399170803034
-0.1764951105733845
0.04529172729346984
0.6635151121195341
0.12095955208513362
1.0404896489968958
-0.035394741301399475
-0.0992368107506585
-0.46357573737588215
-0.1446332811995874
-0.6207965250670626
-0.11997536949696064
0.9827233886348705
0.8072368855607676
-1.2131522261808891
0.5123578878067694
-0.8333105863926956
-0.2374882422588743
-1.6323259139592106
-0.112197524717446
-0.9543343852790647
-1.17342233371759
0.29658764682825234
-0.1415469798160697
0.6574897980400878
1.5016193363275039
-0.48885748430250575
1.245935460355867
0.611056170921356
1.221892305485989
-0.3729696886466589
-0.9078498225938064
0.8484328282522591
2.6504136225302726
0.2645753389451916
0.6383175496023732
-0.29086171735042865
-0.9369080256029011
0.9177598268172432
-0.7856938811312739
0.4951867517259395
0.44663489021299446
0.8153464557502074
0.3530651646239329
0.3071919541485413
-0.37159592701684147
-0.7810328758063706
-0.04506310044210547
-0.2374937544197079
0.6080647529167836
2.195762620911693
0.2845025984071874
-0.29723848283475907
-1.0717509811744588
1.556748148242182
0.12372853640146489
0.2500293199895197
-0.14378154142805682
0.8501825761841546
1.2006609555390746
0.44777971573158526
0.8815397888004802
0.6455560730804539
-0.18424933877893698
0.3171321543728113
0.15659178904000162
-0.4121636669344975
0.7369288505886985
0.5969611402086926
-0.04886321158793843
0.2504944901587104
0.038078899604213096
-1.0560499193320938
0.7040162870361486
0.8905080558841952
-0.2562793739788384
0.5694529604115233
0.8023773669484224
1.4968954783674324
0.051737062865087474
0.8081957039472712
0.3168653786578336
1.293561422072907
1.3899067044034774
0.9643555135032367
0.5957845839159719
0.0625203494080096
0.21374664571596896
0.7869775567824941
0.30354943098593506
-1.1455522500321833
2.1011386500007054
0.8077879845400215
0.38020247413161495
0.3321951219647159
-0.47461722050255606
-0.7902310001000192
0.31131177273750266
-0.3419886848757054
0.2767202427720369
1.8323436538882618
0.14172338277292693
-1.3129557256799254
-0.4300289333129848
2.29125170272173
1.2993874243775008
0.377413588897682
0.6593428187798342
0.4368502596950385
-1.1684944327721853
-0.1401255262073431
0.31802495067352615
0.19444863992317
-0.051280766111777926
0.19969601551589614
1.2461313263054108
0.12066374319847571
0.8052895022761972
-1.096324025548485
1.6425770519879688
1.1297084843392107
1.3576314088224748
2.613516278254976
-1.2524365078531898
-0.10174790151087429
1.247416398630045
2.686359038395522
-0.0865625490382723
1.271841192631609
-0.303447466349273
0.9586954519655617
-0.11195000170467415
0.842322049373214
-1.1224203670733206
-1.1141129117667723
0.6208200161634971
-0.5985938702223074
-0.010524764030050057
-0.6670668411046301
0.41528394565967025
0.7229995612837998
0.7558322860051044
0.25834886759441406
2.131264257747582
-1.1108976501187615
1.1809672102444382
1.366815960633694
0.34323780514961605
0.2777415795111916
0.4458892068207532
-0.3608200052037414
1.8959829616873305
0.3100638416227681
-1.1544098826472087
-0.046287248191531696
0.4652070381893036
-0.09322321073701251
0.4585287034891066
-0.858125052312291
-0.033012281053921275
1.2287927821608375
1.8296334606657942
1.047992160190294
1.9165219105412021
1.1381862946664878
2.094821636142692
0.4700006083312524
0.6980493476565434
-0.7460310216648853
-0.020734131157881384
-0.8009139151897562
-1.2805003197765954
0.8527896786597149
0.02479579087286375
2.3704668558588105
0.6465148002573695
0.9180331763718096
-0.3834762686398451
1.2525108751800165
-0.5181096249254461
0.96841657686664
-0.5938114306518706
1.0557095354486064
0.564123762726814
0.9258833428856486
-0.14841714131049902
0.6678967637551761
1.8509581984910304
-1.2590835016531075
3.4387097686102366
0.29273659441371486
0.6976996524071414
0.6742969839483982
1.1965134483486621
-0.3203689462186423
-0.17602107633670427
-0.8007968320181891
1.0789858674524635
0.21288519101324516
1.3685901381863446
2.060967328260432
0.5499791314560377
-1.4422458112878422
0.001165756087424255
1.1927106283019075
-0.4436735404018815
1.2090091075040532
1.124505065213083
2.0706424737873195
0.5844845136089527
-0.4497076680150849
5
-0.568353303990561
-0.6044970635150486
0.09265238631766594
0.07301715525257499
0.28982784460406846
0.7819169120567707
0.3297532721776742
1.2976038048992646
1.123305313713207
0.5446752118239823
1.9315014624676723
0.16260988581477415
-0.03998451116007813
0.2789248583817063
2.2060370402481193
0.6042866546728751
0.2541661374521234
-0.23523009917031343
1.1583482448484341
1.8659937414154049
0.2399891204970159
2.1514175208586273
1.7136337127256878
-0.45435264918900714
1.0939243868649116
2.095353720852594
0.6326486556028192
-0.18509327359310557
1.8841776824438743
0.7379999228186197
0.8164817033676783
2.2472276654806986
1.3823619333715533
0.8235178687652828
-0.015281931553422008
1.0494744680633907
0.18000987569084007
1.5122939168249177
-0.02056260520449936
0.06660344988961442
0.40755576901747304
0.4465094513054971
-0.142482714140727
1.8047912113673212
-0.6601211074752151
1.2367730274709658
-0.5131372845341772
-0.6522159554957576
0.32275480707520954
2.394873921177715
0.43701191832031216
1.9257007656732839
-0.2048679442433559
0.392683225013466
2.0403270011573165
0.45596692962897134
0.7948028106755439
1.416624491895521
0.3626754390007639
0.2358950598959893
0.31291662241683865
0.8504801667024605
-0.2991756826142088
0.28547650451660045
0.4853828388708976
0.7823426588278313
0.6807264850096759
0.6693982429524452
1.3641052193768055
0.4701080413528339
-0.06318326476850011
-1.0041658906039124
0.44639511417145844
1.9877541446099767
1.037383711199062
-0.17187148934155352
1.7468274837910078
0.854549181474827
-0.025691383499948536
1.595174059912663
0.8488297850810701
2.3171656145839257
0.36368778349376074
1.447718179293978
-0.7460699189951013
1.1993218590861268
0.12298584340145566
0.21301070332277064
-1.0214650057851773
-0.0984314809722855
-0.35372637092793857
1.4746351382649592
1.6557766875183255
1.9383054251215288
1.2184206513640718
0.2872804353384297
1.0492621347085538
-0.1513487713067555
1.7385237049371167
0.6860258323901489
-0.20862634192643736
1.487514057604236
0.286881472797044
0.5259556266726018
2.061220245906636
-0.25655784744449817
0.6085646212675211
0.5989134212064591
0.9953964004538737
1.6607765276048254
1.1388499963314367
-1.1216960861777916
0.9777425019595731
1.1202163482726761
0.41231380824201236
-0.21870840189401597
-1.0284709507922547
1.6389118099949305
1.677485810796875
-0.158213500801996
0.3892462414825772
1.1095827300248844
1.524720498667356
0.6743180840606545
0.5890837004699482
0.39088590533845974
2.6047914914608756
0.4797558219380325
1.0301567775078038
0.12855808226833773
0.8948118083316577
0.9442519323192157
0.6802092950509343
-0.5699735445787966
-0.35424058633433825
-0.342649885219982
0.5973905821494383
0.32788670270513876
0.7921525352476059
-0.1815210406115233
0.6620183845881277
1.7061048738283804
0.9510104362144566
0.7459617583717648
1.4136020071893112
1.9844106031004665
0.02450453158710305
-0.16592594800218388
0.8083824259684479
0.7454302986999475
1
-11.102467078209559
-12.605793775630941
-12.48812929225245
-11.701539365753627
-11.79011840479452
-1.0481189353812306
