80
3
6
1.1149027858273461
1.1828937306632203
-0.8405195459383942
1.6215619761511686
-0.6334839537738878
-0.23253089008618533
0.9368738919063205
-1.6418312733166436
1.4075826502844964
0.09340714067387373
-0.27356202167812843
-2.025390076582055
1.0526060930163061
-1.9520451501466232
0.5207465799081656
1.5821397509702797
-1.4880272834920043
1.5771158293848129
0.8243690819533639
2.5047437964232517
-0.8850771288404
0.0827277918786492
0.1412414898341393
0.9814972639065291
0.23889785460304513
-0.09211585752521628
0.3510441605656629
-0.374923107640607
2.916205014698075
0.0033284803136658936
-0.9883482592234836
0.5124469406517291
-0.4883201019756084
0.07683017879536479
-2.7684043162616945
1.398553562888544
-0.17803343992466616
0.13609579416441517
1.7979776525940987
0.40527567075119714
2.7587273294352896
0.5175390639676474
-1.8170457691396855
1.1531960461164048
0.8191620244400603
0.1961242343000283
-1.1229339856129776
2.590279952427542
-0.973936791044527
1.5732222069429207
2.2739052616486277
-1.6789389397935832
0.6465512291802799
1.7222116671644085
-0.35441543045897866
-0.493336894231467
0.17496086964619198
0.7856592128192184
0.14112435007706492
-1.3164906791460413
-0.153868940497889
0.4149595599325656
0.5548510493860171
-0.02244859756645272
1.055423791865955
-0.40190862360153357
-0.20445530692671915
-0.5001148972129281
-0.7724263781728516
-1.2107251268997268
0.6443615775333943
-0.6716497910460922
1.0728060285346979
-0.3249550899729816
0.9389423882333531
-0.28287034379400294
0.06156512142399895
0.5383050324887678
0.8656021421390985
1.1804416190411817
-2.8177536983864977
-1.2409555130799599
-0.7945384518335455
2.7461856387317813
-1.7289612289392584
1.064614403584463
2.075161895874541
1.4384373204626206
-0.036251184107729095
0.785147077834096
-0.33476982478656325
2.4254391706986764
-0.3049477387750479
1.4833971974203228
-1.3603476708236313
2.704232285653652
3.3314433872678952
-0.5480899432907793
-0.25869344597656857
-0.9195942667809839
1.496395716036626
0.06545962656626411
-0.09795813037724589
0.6668257187202634
2.026528676460193
1.0684133968729692
-0.04753596061875334
-1.4012197162740287
-1.2331349508514786
0.6237229197416707
2.6412795820557555
-0.5267300276008539
2.2682373454756526
0.6324131478893812
0.3073385595559902
-0.12858923278735168
-0.5803218503426635
1.754967060276696
1.7619200515681235
-1.5784472064114352
1.8377153016178622
-0.9045028376335579
1.4916150419945096
1.1247324850312437
-0.17680784204543082
-0.6543751486060035
0.3167222828334727
1.4936988625641527
0.22877403297441534
-1.2749520897050146
2.0009461122018783
0.14212865836575206
0.017228058283315625
-0.7307787595128208
0.7127417613740084
-1.294601533801902
1.5657455779505347
0.23691874883246136
-1.9488515194454776
-0.16678432983932961
-0.7990549914265299
0.0612301543610857
0.5805766363619022
1.2744542217268995
1.503489438951072
1.6103799426811134
1.0634046673604356
-0.6665068129376083
0.9740520385087078
-0.7009934320960532
0.7785313309155518
-1.7697731850952023
-0.17543967454928358
-0.9613678322667853
0.6861440797260394
0.15298523544211226
-0.12335149652919851
1.5558370052292512
-0.1899182205934408
0.6112462248158743
0.5867085596079368
0.662500444521892
-0.1802808840377581
-1.3247011884089424
-0.46808945520230244
1.3682685824452385
-0.046095436020847334
0.651722843466012
0.11144185491960576
0.178933224953197
-0.35964445819496393
-0.38174545798395976
-0.5708556081773954
-0.5553349763598604
1.833209089288763
0.4869376766171106
-1.7787080241541575
-2.0598888435921907
1.1308220258985309
0.02082937212749401
1.399917572085792
0.5022872926978094
1.5242516913663258
-0.05144803219598733
-0.16972831621868656
0.5090101952840476
-0.448407148505387
1.8299562619795509
0.9747838852273886
0.4352003509484614
0.6341223912706131
0.07279157989841967
0.8441321862449304
-1.8204641299146125
2.4237034341803367
-1.7797887575399425
2.00900951086326
0.03764593473378055
-0.5477038647217668
3.0278579143318414
0.8762406141287784
-1.4201594573321605
1.4361681073935628
-1.0357597556238658
0.7780068113827905
-0.3483617525285253
-0.46439450283482403
0.206916012962261
0.7130246677972457
0.8549445407393423
0.43920821955646666
1.4769360063787567
-0.7336953257551047
0.8282209634174162
-0.5633705085741203
3.2434786596717813
-0.6276380940215326
1.63127371454009
0.9562393686168505
1.1501706548497446
0.14749728959775985
-0.9467871882526003
0.0926820044995939
0.8190483596991965
0.2023739816695817
-1.0663250368849084
1.1998881747035413
0.7955579612850934
-1.8900401284649675
0.8721600177032733
-0.0763352175199925
-0.6725896461318005
-0.12062543349012717
0.16944963345055772
1.7000245190753138
-0.11253520866754115
-1.4809624597323703
1.5256665612552263
0.8532578845595764
0.25987569726656656
-0.9845426585634082
-0.7548815341751285
1.0853335914317452
-0.8736234336746553
-0.8648385718040906
2.4161245339071113
1.1178623797881975
1.984606413721643
0.24145940447344982
1.6048773447120566
-2.111325633556786
0.5556250739226718
0.4420471433653893
-1.083745736987125
-1.1029925577432431
1.3262300795132131
1.2672565003442577
0.7865190643515306
0.15307183881153272
1.369127503280267
-0.19990003997329286
-1.2017572809968426
-0.3693128090070684
0.5478746416674913
0.2518579526865263
-1.2396610116430484
-0.07012658155021145
-2.2436104363146407
0.040158039406990406
2.199146175036602
3.8962830493595604
0.3340288234433953
0.7340305879952788
0.27850965738257627
-1.0398824498093735
0.6357915460551626
-1.1801765830122968
2.0927219799068424
0.8101177496457234
-0.14724480310880086
0.30661817316357604
0.9891421053559213
3.2586291046066664
1.1780614853524383
0.9071868622399548
-1.0888219475771412
1.0807634512960076
0.715380929380009
1.7942576845089233
-1.4349046224700093
1.027598682229818
0.6263773201169822
0.6324472800419396
1.3500460298476284
0.7807919360364576
-0.7087941231719379
0.900093814043453
2.8766749493755643
0.8243683174742209
1.1866873400383633
0.5037599346406179
0.11759420976011054
0.03396469896545496
0.9310077352788108
-1.512875628657537
0.44590756681065885
1.0296568298680562
0.2952981530066628
-0.1557556925835754
-0.4246406145138114
0.8237253491757295
2.0887025366273506
0.002410191735015596
-0.8037484495027841
1.4264170952325945
-0.6663333510274222
-1.400566952841374
0.7660048274190533
0.0951821558210138
0.8120994588640918
-0.5563163706073997
-0.6251463363890387
1.8998332285053798
0.4440829697851262
-0.8024820926563494
1.224036364852489
0.36185646353969836
0.2454296539992159
-0.4755090850884434
-0.12747014795768247
-0.9583321920231073
0.4843204055839602
-0.235050758347424
1.7415834346359547
-0.7618660435582325
3.5306609885044375
2.4320513535976658
1.1489086051370452
-0.5902369003484873
2.3977029666444656
0.4816277887140038
-1.2265960804538993
0.006553683584076778
0.25861219831488086
-0.4671975301666117
0.9391095201903622
-0.5347855272534056
-0.980091895373806
1.3026061883120625
-1.8909085310846545
0.99940093831716
0.09853657203669752
-0.9954565702021007
0.18262023297815883
-0.8264889897348945
-0.9874311879035078
-0.7059646837739705
2.455123688481273
0.7499462837793135
-1.4463398791481863
1.0984818227523863
1.2585127971633743
3.1553035573128048
-0.03988100918872661
0.5673776967090376
-0.275303131558375
-1.701596740468061
-0.8351137039289043
1.0049011802671837
1.4356713734691755
-0.5230583812978086
2.4251449520457777
-1.420907093236814
-1.2975443805612519
1.285349459773035
-0.8988583667386956
0.17451208221451434
2.4205631871548765
0.5763849877675458
0.17696762445259334
1.4397341537105843
0.8934727402712898
-0.003231811058752622
2.4351322236616215
-0.13711730048683674
-0.6392528770685666
0.08991840799407463
-0.8324927331741746
-0.09586717414330105
0.9051895668252169
0.09272270256609635
0.08209873158670283
0.11390216452122649
-0.7922333602695677
0.5042680535110918
0.7886688250317584
1.2523246361514366
-0.17249865848080753
0.7146263489931419
-0.7778804841039486
-1.9075654885986533
0.28376940713713195
-0.24179902515539306
1.3719538763886245
-1.7311875089121578
-0.5581591153441585
0.27286978173365617
1.0258612090327996
-0.5274957085097908
-0.06813305174833567
-1.7181044615152086
2.6336813897571854
-0.5487178369859038
2.23151760001326
-1.5254376282041266
0.6236149922628181
3.955007116150585
-0.2915312047596219
-0.4427222362252895
2.2762960231614833
2.3936573713996547
-0.43108388417719706
0.015990503813542223
1.3017666956028888
0.19940586808979033
-0.18261283628964553
0.5219527637375903
-0.3560111312327596
-0.7161344089622801
1.8093497713227964
2.708345944777207
-1.3211834289437074
-2.2434808810007896
0.7272000833283504
0.025898858300380655
0.2631193505512537
-0.43688042025381213
1.3045700488845962
1.6086192565712059
-0.4284131310383773
0.10436214212643476
2.637146114565713
1.8971846983335245
0.33582403175689796
-0.0847241392723912
-0.3359623869519759
0.7146200335788913
-1.240343350755378
-1.0573685855465105
-0.18152910026885868
-0.34436506859571825
-0.6041206388098884
-1.109345415016241
1.931516713197999
-0.14724465900895542
-2.3403678940068025
1.448667009391176
0.3266269455118538
0.7877773728493496
0.3469680409623158
-0.0697965639855658
-1.4565959140494043
1.7508001816848935
1.04307567397316
0.5187993540887752
0.9203017948960399
1.1943657466453323
1.2379690747011252
-0.2810410987679722
1.0194793003597808
0.32327536078841296
-0.24534706906762033
-0.4207582265310778
-0.808594696191381
-0.3279577993447917
0.40507846666834046
1.6272592398879653
-0.0983951012385785
0.26722249654314995
0.8488929307521731
0.0990012304116347
2.485344884906872
-0.7905892654960365
0.2550707191180542
-2.102791715206206
0.6891329721079433
6
-0.9683749575413738
3.975312245554243
0.1801956060957473
1.9652248269613355
3.712067887109643
5.302326973963301
-2.589106414828405
2.0891459306330105
-0.47043919062744194
2.2838519469512137
0.807619775002727
5.041888541092773
-0.7348087725031686
1.949278464071959
-2.7446925739589676
2.7386370318066175
1.4081094848274396
4.5670940184145445
-1.1811928052546716
3.1632550398108013
-1.8162291213388881
2.9207367596445786
1.7020651388713817
3.950005585796245
-1.2324816407207337
2.2478729654678378
-2.7279667966817254
3.4398209633977883
2.4492702455951636
4.728576897628876
-0.2810006925275093
3.6069481270349497
-0.5777778588582945
3.4632389383985065
3.6591358148796918
2.700766160757938
-0.9910485900279137
-0.6723335880012542
-0.7060944685935283
-0.7158853461946895
1.7894144509292436
-0.9659605638111615
1
-14.04883104215134
-13.404696834788282
-14.581047288133538
-12.782631547137393
-15.738166215364824
-15.010513605292864
1.033398893486701
