80
4
20
0.7325701529835181
0.73791316172958
-0.4894738423230852
-0.14913633609917404
0.7915245891376129
0.38597607812960755
0.39354171517677305
-0.13728836551509072
0.8033953128075899
1.463672268338073
0.21446989105796502
0.92113410529369
0.7107062957276539
0.9265598159150958
0.9126319289158495
0.8426299177776819
0.299802762765045
0.823144350297655
1.776356400341271
0.8875459574019323
0.561046676193652
1.1008153592704455
1.7785332716642037
0.7435911926783187
-0.5320173979959266
1.286357293351266
-0.07564648416275672
1.3903393980557444
1.4790261644176352
-0.6145405297740614
1.331145641784141
-1.2685635909287285
0.6259281484097221
0.04917985952648221
-0.6148828869795907
-0.48777459298378334
0.5672222209188384
0.4626878356387961
0.6957008761610928
-0.17015562904031042
0.42093723443349707
0.7985985362249555
0.3054089768485928
0.6062109583619434
-0.4833397183184026
0.023883554582443164
-1.627226459854847
-0.317790107964026
1.1100845750362152
-0.5310475952501468
-0.3584041423961885
0.5596831478243323
1.8407709313606955
-0.5730403327577416
-1.1585687664473818
2.1133231266532126
-1.3952828537328537
1.0215691326068557
-0.3327011864952139
-0.5848744516343587
-0.28370598178406187
-0.25891585286329427
1.9330027102547176
0.05639900965993657
-0.5042514227136942
1.1770855761291703
0.24044839582114347
1.3777122691428108
0.36912223737391137
0.05196043061968618
0.5331222677018704
0.3175638766350347
-0.2999950934902703
0.7897947339051328
-0.5624247150585728
2.135819976851611
1.8437157482137978
2.0662508295332214
0.6383268551370638
0.00915980857780039
0.3606003510483623
-0.46243016885134614
1.0387322534481491
1.4537200778732549
0.006807496967206221
-0.19795841665785485
0.2514974270438437
-1.121167470530032
-0.3268154862321986
0.6183729711045325
0.31908085299275
-0.10402252663839114
1.2053931192279461
-0.0022943216300108475
-0.5403236649759848
0.5529125692492265
0.400861423765655
0.16131216006285462
1.7448086140924037
-1.7890287520011312
-0.18180696507524258
-0.27889002975715554
0.20611585917025707
0.6039317259743666
0.5987677494763816
0.889884031461565
0.03709848349340368
0.12421059242203612
0.7955673299316807
1.3651580706903697
0.7897697294653073
0.6124420906220134
0.3763070229181338
0.2316727418159548
0.5243679099699499
-0.06205464400144246
1.193459079352387
0.6667304910334062
0.6412759017648177
0.5500737981185629
1.3289004704961662
0.036731179704273545
-0.13503712217982428
0.5843108293919889
0.3745504458316345
1.0157553153022418
-0.6020270428391744
0.29507103826582765
-0.3439343143796
0.7289156104303582
0.5797993084003741
1.1380209145081777
0.06895207020164504
-0.027040096704294015
1.1688020849349328
0.49030382620337365
-0.3804802930310132
-0.22336804642515629
0.08582990298394738
-0.30315934085256396
1.6393549592417833
0.8010979848231172
-1.3116555675785688
-1.0204259591744795
0.39746620484145073
0.9061496690986637
0.1951988979666087
0.23788724907954517
0.47441462616975877
-1.2654298772638886
-0.616610930165992
0.09919246980487562
0.333268810056071
1.1062809194337153
1.1545443252551306
-0.14261479703097496
1.2751492965454139
-0.8428853214407649
-0.5557299211311763
-0.8615419079539486
-0.5337696403116254
-0.00951368926805514
0.6753428337258714
1.4430814983841942
0.42684412665115273
0.27186216081053965
-0.3883125307369763
0.41064947650529293
1.560549870776359
0.5508993178582043
1.286423899016846
0.7956632148502549
-0.03892073900244768
-0.10904375331771705
0.4070154128367044
0.18153797777851105
-0.13632348152355267
0.6644864057140357
-0.899716239894052
1.5466101789647375
-0.8479725348904275
0.276091434814626
0.2945591689779532
-0.758274240508767
-0.4331690190199076
-0.08308046599684361
0.8805557045093537
0.05462556404953624
2.0675245473835484
0.4371307864317018
0.0622358415945725
-0.8419371496694041
1.1442693783257363
1.212471884815056
0.28971488798768236
0.07929508051546219
0.7388945256039223
0.4875374909975958
-1.4328425743447986
-0.2992129534531373
0.5802675255407973
-0.03305592735642088
0.23194240908408018
1.3327307452789865
0.5410013325419499
-0.2649588614916698
-0.7661013375066099
1.3125504361870202
-0.8702494728083395
-0.1076407487928891
-0.054457304552154945
0.5760641506396971
-0.22808975168588247
0.3821485900726411
-0.611483286818079
0.26368269686378665
1.2983994100784857
0.10111886146517399
-0.689320998366828
-0.39175512550164165
-1.0437500964169886
-0.39927230069112485
0.6657079169048148
1.0474385732798042
-1.8941363985982362
0.6177724416728815
0.14750910375730905
-0.5379576541890685
-0.44714038973922354
1.7397718618172924
-0.4277038386944812
-0.05992933767308167
0.6086998152599995
-0.6166583480570031
0.4698196583293899
0.2628104567693732
-0.36131259234368335
-0.5285679109136366
1.1968795645632835
0.8889688906961
0.9169325897697678
0.36939160767406165
-0.4343951781850722
1.8692069354790004
-0.6617573718912382
-0.36235458804431686
-0.8206270232555579
0.9254774499588957
-0.5467681038822557
-0.504054372348105
0.9533961715412794
0.016999036065844977
1.1065396089059933
0.4633446875886159
0.3199297010930244
-1.313840287927113
1.383373181058785
2.6347733285440347
-0.09851070782482133
0.29400389994746634
0.44008871819056683
0.6103278778923931
1.3136113821205049
-0.03500291467570124
-1.4726628837682847
1.1480772640683135
-0.044030222405027866
-0.8713813829298015
0.437558489008225
0.04955442223863056
1.01626130463686
1.6781995936693175
1.4981086374141281
0.22398693164394673
0.33481334781593514
-1.1293458671385643
1.3745403442848445
1.7032749996164778
0.8201513118614951
-1.927535383284004
0.001449476932214911
0.07170491252419584
0.20703411931278426
-0.6164221122833133
0.5845465279622339
0.8809531727333596
0.015965492229876393
0.10070759673572365
0.012725337404120594
0.7065191580479993
-0.8846228210141167
-0.7202725238629009
0.5985560837677273
1.1570233297749295
0.3528581939536956
-0.35518540270356636
0.4018793512718766
-0.9180915549879467
0.4857565136888343
1.781768667025017
-1.8646343527530345
1.138670750354895
-0.579455568673616
-0.030433942010250223
-1.7522109478910777
-1.3894057459097169
0.7867696369681637
1.0918907043712027
-0.7217817823533914
1.4960479574648646
0.4225918746721128
0.7548239749042398
0.0675931254200202
-0.6095675502308001
-0.4776719276737823
1.5270812590562657
0.7760151816797776
0.48431605089075463
0.08211572694744333
-1.7746034213467827
-1.0640939773796518
-0.2944736671167675
0.7563158196215112
-0.1969757306475457
-0.30623872704232125
0.4242793978270802
-0.6118508557169128
-0.600975649238469
-0.6533616559366362
-0.001660240931977636
-0.6484006154157407
1.4605343065206289
1.0010576153610808
0.7065434182007752
-1.6668724862017006
0.20287159344832073
0.19706106509678187
-0.057790498807735076
0.08536174523247061
-0.2088945224691787
0.9910636526902394
1.1322849989493609
-0.34910024132511375
0.29143311671178074
1.4380820109322732
-0.271649006907479
2.2054401041986647
-0.5478494465191284
-1.3999018368165541
1.144924750887424
0.8969911767548737
0.676286189426901
0.12480388515821114
0.9614175957502297
0.010678740617330068
0.8635581944734778
-0.22612792428606948
-0.12891433242451078
0.9884729247857094
0.5599610334533669
-0.3541070955983826
0.11628966777089984
1.229404127034596
-0.20268565467631916
-0.1190023334572618
0.14876450080780967
-0.09581116988937666
-0.8778249664961739
-1.2805501170746998
-0.43821947187813454
-0.4651940911575545
-0.7672698550829654
0.763861861944366
-0.6185365241701953
0.48920684978742407
0.7724452200250111
-0.3925820276730063
-0.18396543659648026
0.9816088307387244
0.34895452673612076
2.1878764251547596
-0.9114719565308199
-0.6617336854747802
0.18877420510540505
0.2670444477081323
0.8586743729313911
-0.6496204904569779
1.0511456815586158
-1.0569445987666786
0.33761052125092716
-0.2932305874690769
0.942443029850814
0.4306740871880668
1.737560108515429
0.6153948781152753
0.42729843074980184
0.5205893286979261
0.5335747230558927
0.7440164397235168
1.1351758432854686
1.027856444157145
-1.0230921190898956
0.2730110616531496
0.8177499150157772
-0.43009277533515716
1.1225625862881985
0.7312803747663517
-0.42518218366096383
-0.30770244597916524
-0.2981348494499244
2.8239445768138522
0.14248566325745737
-2.2132300861451237
0.6785472466475455
-1.607099083238976
0.9219764845518891
0.6664604407863102
0.8131253781485984
0.6918197111216001
-0.21805896774141253
0.19035460011261904
0.45024880367164144
0.8250097313682807
-0.8250038015012563
0.8594440166947499
-0.93152490060295
0.4392845237737433
0.5392773315951517
-0.24591671034991475
0.5001112201156147
-0.17057040487708985
1.8022306813340194
2.2205889541930013
0.35578200317068764
-0.9735671370845578
-0.6227121701254232
-0.23021113762946604
0.4765837574519126
0.9452278537181571
-0.9921791953502163
1.593721894444454
-0.5189156851556466
-0.1873128097008494
0.5212298474080463
0.893117345404524
0.5493608920065185
0.37003001896696613
1.7212954583031745
1.3357767987737437
-0.96454884538432
2.1513339690299285
0.6027669346721917
-0.46971685235738825
-0.6428340755901496
0.16571970534290886
0.809711213357678
-0.06260504473803011
2.0549807638437474
0.8681738979144373
-0.4141939897889644
-1.16141173018677
0.09741053677163328
0.7912704218132081
0.48435274662049466
1.751231266113018
0.14374702695362346
0.0700793632406155
-0.21324737282626852
1.7312331148145543
-0.00632772073758886
1.415870508707709
0.1893530725602033
1.1351567823537694
0.49852718773009164
0.02841346147457789
-0.3875967447948769
-0.021396435016656334
0.033437272202706425
0.005612026578040774
0.2537389683308366
-0.1476235308420491
-0.6755424608535797
0.6728600287944754
0.7329382151190577
0.22107447671688046
1.522073420267966
0.8619746872478716
0.5047956103139163
0.8367769562311055
-1.842503984826697
0.5512780851469483
-0.4743636034367926
0.5253713713987742
1.2763473606583398
-0.3653298887162953
-1.3604769510034225
0.20546087095865928
1.444414834711146
1.3908322697012172
1.3272676245838855
-0.20108380958725108
0.5215613142637245
0.0826150332381164
-0.047927345413510986
-0.5046906531261092
0.7107301496254754
-0.5967902696677873
-0.11133107018843647
-0.4623658298296549
0.9817369454808247
0.6350626383829852
0.23322926197250562
1.1227581995623621
-0.12825935938819236
0.5116300608324419
0.9213937060686941
-0.32999730221901297
-1.886244838061466
-2.293164702135073
0.36178125427002866
0.5483235900482198
-0.17919510327753865
-0.23247462366373417
-0.05499628578515663
-0.08270122958936374
-0.07006823850796369
-1.063614985143686
-0.5451315605775074
0.48066498335113456
0.44933951681620654
-0.07031551535436639
-1.474051596962436
0.6040252571630521
0.9113869545645945
1.4356108347564571
0.1287835834088835
0.5562637298448929
0.8681399455215224
0.19522430752682898
1.626057856357944
0.9646024943494135
-0.8265480775119413
0.030323523545375146
0.3923834839553201
0.6111196656102996
-0.8050366331242295
0.6515874721221478
-0.7018844058855489
-1.3002331496582082
0.5233668125328692
0.8779929796381101
-0.20833519071894632
-0.25474647964547625
-0.1819066018740031
0.5510414587545014
1.0914880346053286
-1.0633095786044504
1.4444993412573703
-0.4959896062435356
-0.04666558166569508
0.13919902075119883
1.0069276921856576
0.6295011762723945
-0.40884245262842955
1.5049062403817277
2.076122582449372
-0.507377335536557
0.2614984116971994
-0.24710791572464097
0.2620158500496494
1.861357905204164
-0.7954821778589581
0.4825227487477561
-0.04873067006230463
-0.31847594083237446
0.5029151697360057
1.0478429845239519
-0.04941956744111343
-0.41501356081955104
0.22400122392032762
-0.9363190297232724
-0.3154414276840874
-0.15955995662419772
0.042449608960536636
-0.3989001783158881
1.2032128138903595
1.3293739990906877
-0.29737788873031845
0.8548822781604056
0.1337259449962707
0.5626528234950215
0.00519147795364544
0.32601702040630076
2.0002156684857444
-0.4771399495060977
-0.03176846330137833
0.029909392513147302
0.5237997073486412
0.4040633915206996
-0.14038872986727485
1.6825896629455812
-0.6772656112765592
-0.5949937045972387
1.0500649751135542
-0.6501933713624193
0.5868315262611201
0.7777118802637419
-0.06205018775818687
0.1778897711311024
-0.020286621620136308
-0.8887817553069486
0.8524858536450639
1.9005585240012854
1.198659442755089
1.6762324622296039
0.8672540889838974
0.7744912888080688
0.6845006417473872
-0.5667778885068216
-0.8736118571740163
1.8814215400647347
-0.36397503712849794
0.8655668159307528
0.14946127096434234
0.185446074560496
-0.4845199705684987
-0.03963550233116124
-0.8861395985973752
1.3925717548404295
-1.434691184632674
-0.1732054651997294
-0.044908602326095906
-1.5746131457780181
0.40830541228267553
-0.35813141229908063
-0.633584159056732
-0.35514319676170664
1.3038008640107492
0.49457992896068487
2.6800726136337256
-0.7917035488820815
1.3779435161573208
0.8671207366257531
1.8147678175838249
-0.3570565427857867
-0.22769900262784698
1.4779999395775678
0.2040640306161604
1.7270617933355104
0.402870525496726
0.8076918049976672
-0.8420530036618809
-0.7605946511255657
0.45736664816552525
1.5986862777192514
-0.9735313989710401
1.139999019306992
0.4938420847644532
-0.05116436411988401
0.09008855344793795
-0.3731205378281176
-0.5297007362166983
-0.3592850525931802
1.4843278293640012
0.45762674254917046
-0.042922450387681825
0.14161136361366627
1.1378797887078003
0.43404822031477414
1.4384199268164954
0.6413917066893744
1.3989791162681984
0.37295203411362365
0.1055233538633289
-0.9718926728756517
1.5522010757976354
0.06816873353809899
0.24247145808289755
-0.09054034173326825
0.8683010284490262
0.8013807432688609
-1.2005437199495474
0.5949436074403947
0.6170379653111112
0.958364947538653
-0.5105537222282941
-0.3923982913004795
-0.027990056768750854
0.7983772147732494
0.5663250322920215
-0.315764141146349
-0.10269178508079044
0.2917777706985998
2.058078903674819
1.735643325811053
0.7552412862622417
1.1879604549969587
-0.2892063642831909
1.058179073196062
-0.17589713129671597
1.1957760135352313
1.1110328981246749
-0.4692329303892406
0.24748146538413834
0.21321439927334795
0.7978281696236007
0.31219028848430214
0.33837722066165793
0.9390319546000023
-1.5579597445479756
0.13824298694802623
0.4649202653992654
0.1274810622668615
0.5029692985082539
0.035679959526684096
0.6113665161791085
0.3890134323520927
0.9410267453812848
1.1779460181500485
2.6130675913807684
0.09599849382735018
-0.41428898361027533
0.69991659558916
1.8189553220704417
0.1475204149180269
0.3203247973863397
-0.6076064079909437
0.3150541866645137
-0.41165610280261145
-0.5541841838346154
-0.32955424383811127
-0.29631162056781624
1.206924547421846
0.20427070484119442
-0.08545069234676145
1.4704123221783203
2.140311817406858
0.07296516422872915
-0.9061528809544956
-1.4324959588627193
1.1762364246629378
2.4200285388346248
0.1685663460294355
0.6421643810091939
-0.18229442789893405
-0.7132539207945913
0.9523071147789519
-0.5419631665944895
0.09709889988528013
-1.111783979222889
2.7755177131197013
-0.6174815865690922
-0.727003281827911
0.8855666147811159
0.5552356265152759
1.1417567997534228
0.9625084821293227
1.3581123804040363
0.1970762009252299
0.05139800667424782
0.5270815279530006
1.3931207517756476
0.6872533600288862
1.1525898459556865
0.2618292647867377
0.930914595639882
0.6583426710814122
0.6333236348375256
-0.5697778924142547
0.34848658370781
0.24460886423955325
-0.8557320897949491
0.8915709602622983
0.7119438712338012
0.06491504386919625
0.16611632107358598
1.1583026514982446
0.002190987415353743
0.6246368794521805
1.1088252985529725
0.3534459847327858
0.3726303449696759
-0.014278028984910485
1.1608252356207853
0.8788319040908973
0.695781589846474
0.9701843511592864
-0.563001694620816
0.30864430920986496
0.24524840736418058
-0.6710911192173594
-0.3265177920853152
0.06870119815737984
0.36534889452301006
1.0685729162895357
-0.19448938040701003
-0.22986412285505847
0.9903207242994713
0.3693676954279678
-1.0586670620125795
-0.0892549698058677
0.21873945190970565
1.4724231051010344
0.17737904672683255
-1.0989533673778376
-0.02716688290293963
0.2955980168994486
-0.27345651497421103
0.5730013072448682
-0.8231092153528173
0.96952041438356
1.2135041371899224
1.5852592267488383
1.2879750864334893
-1.0225701348033096
-0.6229050837170477
-0.20265603375195537
0.8156774682272753
0.37126400925139175
1.5090754455757418
0.008502962007142088
0.15705387522277603
0.9922961799597007
-1.733058661668597
0.3951787762701971
0.00853762484354302
-0.26097066620060144
1.5124267662190498
-0.036438695432300355
-1.238347638785219
-0.4900313562344892
1.5142715324140026
0.3101114155283459
0.383758042376949
0.5256698976989758
0.8889474532607925
-1.6270572618590222
0.6609823229336257
0.15522503024320716
-0.2512231844661566
0.9325412594087904
0.36050854176528735
0.1769449216351239
0.6478852996517069
0.3119240136704366
0.9131116636701474
0.4955179592861046
1.0626982441726691
-0.4964629910135047
-0.042163519748831216
0.13053364704125814
-1.7974609278375169
-0.0635191726864625
0.37638399632560593
0.2511591466470866
1.5022464878047208
-1.1667101349907418
0.24103755325173776
-0.9472565224902504
0.9688683739941744
-0.0714125160508134
-0.3117617358312586
1.6685405691175461
0.6606176528518551
1.5760290095272722
-0.8404467498044342
-0.5510241861691498
0.3974518318135378
0.10292345142547726
1.1417052373010015
-0.9765384706814825
0.30880272038017365
1.854119513777451
0.6742120182870939
1.7066070931517714
1.8492271472508235
-0.13210242837194025
0.32329623863718415
0.14690211225376307
-0.831207359288968
0.6505466971328776
0.42500264127103915
-0.2733646772176993
-0.2608725399754934
0.8408380242986571
-1.4401197701660127
0.5949586616510018
1.34398846719167
1.0401671336838603
-0.64634095339389
0.742992420701977
0.06664601285379154
1.1617558818363827
0.061418191920742916
-0.6832668107788674
0.524016479878201
0.7607724905376992
-0.4896350768423119
0.32410947005657104
0.8488737980100749
-0.1642809999698044
0.5148533259984288
0.10187892805553864
0.30653245674912516
0.4363319817784111
0.9845144778817377
-1.040408800336694
-0.34204358272287305
0.7523033960336346
1.5430837387375838
1.0149216815815816
1.6301432365359636
-0.24960964277797093
0.6620206036061216
-1.5296303659308903
2.0556413465461336
0.7810975000184843
0.005706135915431468
0.26979985707398857
0.3361787151584971
-0.22954778532432712
0.5749379531291582
1.904098135895182
-0.2664996474374698
0.9600143967393522
-0.16824899426070192
-1.3320313859881627
0.13865227086358284
1.1363977499032576
-0.7180517480093208
0.7488316904468545
0.3885625213572423
-0.20889920255099004
-0.2017621065531115
-0.11220251536344727
0.8875737691280519
-0.19060319610821758
-0.3961237796596784
0.9587604761300551
1.1491198117435804
0.6044553229621571
-0.34136428192033796
0.16542690905769125
0.10406335872672948
0.10239291021867764
0.3786662772196376
-0.3883670380936787
2.0473598434747777
-0.4581291606641279
-0.08944169746507781
-0.32753098050708807
0.013215455963237532
0.5767953875491316
0.23550209367218497
-0.5511074205351344
0.30746215891723183
0.5037221800861966
0.4339934509171033
0.6541777902484209
2.1288594396465617
0.6386908614627472
1.4890869063900836
-0.23128128306714366
0.32756204412499074
0.2098970949687809
-0.0915091478867508
-0.6346788745477726
0.11725909242658666
1.1011054929914896
0.5784597237750199
-0.4117289468002687
1.573896265642553
-0.22122975989669358
0.34982185498005763
-1.1588579830451293
-0.6099700164955423
-0.8251456899341153
-0.814757612812509
1.2377384452912534
0.7607684138275552
1.7084322458525145
-0.9123772719308247
0.6443118955775469
-0.39755389373388017
0.8074052281676469
0.13879412719494225
-2.1490063533537502
-0.1437216755288884
-0.4289136750378436
1.2670868994665514
0.02779506283669004
0.12032083267923772
0.6073209841692861
0.19652537865051595
-0.824398786797868
1.0136496539675177
1.0228639171020095
-0.7490723213506012
-0.5022862939506727
1.084962057204966
0.610370175365892
-0.10098881053266298
0.6975977763810506
-0.7215953121449578
0.8423219598287215
-0.06766658490292095
0.6503680161629545
0.40099698210783774
1.4178110441312963
0.4567524529216563
1.565551802822597
2.079688496935322
2.2284753025660193
-0.023613180482493293
1.3993693640145661
0.5734976097490788
0.5824122471479193
0.11780045504526482
-0.9863078675355276
0.11480069295763122
-0.5378558074319864
0.5608005658941199
1.1045286948349307
-0.3088082621265573
-1.2127837061135172
0.06649762831397388
0.2965486423537246
-1.3868217789582704
0.3925141533175731
-0.13063138765781215
-0.030445899027686463
-1.2135450519539508
-1.1293816132071615
0.5041527291728884
-1.8220478413827337
0.2603956382744003
1.8513378674519707
0.7698476340500209
-1.6787785480912183
-0.6231174840655047
-0.5856901989028462
-0.1777731608524533
-1.0558430337588787
0.3135489511911883
0.8868245062983583
-1.1733966658036044
0.8590140819093063
-0.501840070927922
0.22550831835184115
0.4187736944164413
1.76566112488575
0.4580601332716393
-0.9667854163500695
0.03659311622041321
0.5652347552383208
-0.0973452397201165
0.026845808344576005
0.4767401398351086
0.2898704885550314
0.5334282512591637
1.603078849974078
-0.18664553810872397
0.34266120921069687
0.7129042057382963
0.7517087114361239
0.26432506863073435
-0.5166556573098754
0.6550347359954585
1.3149227270831592
0.5998571643880168
-0.24526163317672744
-0.22940596861131649
-1.1986189338318338
-0.54853443720629
0.3310277475224722
1.9038333384803254
-1.2131900852173876
0.10536470756616269
1.3828741342896709
1.9100102197515842
-0.05787544599897097
-0.7206531154438868
0.19854096677598734
0.32369561092754645
-0.46402742286448073
-0.13832550103103392
0.7734081904548508
1.1979573935458359
0.04745538210752284
0.30432206198309464
1.3993084296331768
-0.47856640639690673
0.42835416156675654
0.6215471389175852
-0.24025106007174005
0.43507795393056126
0.1736192052695434
0.3797769936349988
0.5676695004489238
0.9382199551282183
-0.24357824254663046
2.022927462356274
0.5911470570807179
1.5233895630318324
1.050564910385044
-1.0839840532004634
1.547991345516342
0.09917756492801248
1.105968691394533
1.28187938444763
0.7480542796713228
1.8535107686755077
-0.5442680489776072
1.2481227381679545
-0.28535191498103507
0.7868543672123014
1.0494735315157402
-0.04644608397710718
-1.0937774297330187
0.24669809561510758
-0.8133164009714383
0.4061014312856099
-0.36276434535454183
-0.2665618391296287
0.36873859855530483
-0.05818715353867783
0.9304292518425822
0.3622128139546978
1.1763668782044832
1.3530998631803024
-0.11311918953651173
-0.29885719448079395
-1.384580742137157
-0.2782578364906041
-0.9377554612617531
-0.70593009007229
1.3147325757832395
2.309119414980616
0.8512681508600233
-0.10100861759974096
0.8001193119835124
0.4513141602014627
1.616647048541821
0.7794754557147355
0.036595959186651206
1.59204821895673
0.5508540576852385
0.13343635764779183
0.8249640722276317
0.7704072776882167
0.7487611032367408
-0.8149651333747094
1.3058584667240098
0.7704319783041794
0.6417458926540516
-1.31192839604942
0.740534030796145
0.04887556529518491
-1.8513732977868809
1.719869068277829
-0.14900764210121467
0.7237107465315357
-1.5523609894921262
-0.09930264978137682
0.9572813477322542
1.7260229942378738
-0.6728876641847077
1.127527301449141
0.40601679802585927
0.7696412332822761
1.1015131027644967
1.225235245613106
0.784054339093234
0.10586742112640068
-1.0211959852805956
0.11083223124324451
1.662978215885523
0.5673028104107117
0.10656849842543369
0.24520634015585013
0.5515734410988273
-0.9515101875039917
0.014080376712248642
0.6502726788257917
0.5319067725600887
0.7158598459010661
-0.4958902530176137
-0.7885541658975335
0.08058211076611341
1.170008561811214
0.9399560540857612
-0.43502155436397366
-0.5588551847169811
1.446045491345233
0.36408803491079816
1.4042675254690007
-0.02246781769174007
-0.7182410164469484
0.2084800696789889
0.9161797602678766
1.9464002665335751
-0.3876587221976352
1.9849867100900542
0.7534635249307967
-0.5666739610910122
-0.30641465234203946
-2.324215703913891
-0.9601263083948224
0.1637294117595951
-0.2702489631015354
-0.28866795726675776
0.9818706570335347
-0.7952971064559698
-0.6881620896691778
0.6982020521068686
0.7127042422802471
-0.5495471990813625
-1.0000021890600614
-0.2974190915270605
-0.5601338652265708
1.5792934097925584
1.4200987721599423
-0.13183271914328482
0.48696908001363803
0.16966837519133457
0.11922425778642284
-0.3969968197373439
0.5402922342989336
0.37682841876960177
0.33048616212408155
0.13763312897973842
0.6614979579040198
0.5843249018708297
1.2227275278908931
1.2486480461163023
0.6574597835083117
0.5957733194670837
0.03757905562750165
0.5055902578977219
1.4998026660271395
0.3020175764223605
1.4270334700295568
0.462555323702543
-0.2997297548638955
0.9666667311189778
2.0361940827072784
1.5568900327686717
-0.9111799492906032
-0.3381607333832062
0.20202672530208332
0.14952072784874804
-0.5007182789643586
-0.5214475176115854
1.9487981764651057
0.5792616126128298
-0.28936277802824006
1.2764166061845486
-1.0338220260970559
-1.0283993387526966
-0.6380579812616213
1.2883130736306216
1.5355258098132838
0.1354946651846819
1.766129808632052
0.12911947477708727
-0.9742506349258839
0.640057275359657
-0.04305768436538345
0.5208248869380891
-0.7496884256948289
0.18915315543654976
-0.0935524109126499
1.2670621827900428
-1.513957252280914
1.234882375795381
-0.4312759115427126
-0.0612616788296067
0.5139479201480941
-0.012951809730336113
0.19152628775806904
-0.1731889400017609
-0.7599623452616182
0.6785189633494171
-1.474872853906891
-0.3271511942110967
0.6755353494042456
-0.031624452225468655
0.6610493943986381
-0.2898251828435847
-0.6400282334881062
-0.2873539894835369
1.3421915505071977
-0.8956436461833295
0.7649085733051796
1.8005532037486134
-0.0076844627763721415
-0.17249694588400394
0.6038271437665138
-1.481176291048642
-0.6083283664019585
-0.0873974237334183
1.4981521916706781
1.3121065263989495
0.4745466768423434
-0.8584399940051469
0.7466839727329175
0.44262265979282606
1.135974797327745
0.8443475292125047
-0.03958833638167432
0.03025563765482364
0.2756354675503176
-0.40084819751862294
0.10485729020138715
0.28229526367890667
-0.991233618926763
1.500965784146744
2.531719121900291
0.4745714635175743
0.12380546231554393
-0.2803990138772121
-0.6475418136846851
1.1973841406691434
-0.16320871467419568
-0.3114867970072317
-0.404457530522308
0.2654797618882335
1.9339262359189078
-1.2800231802101092
0.13601773659897592
-0.5864593090130855
-0.2328916989775212
-0.4752555096940958
-0.012706997557891994
-0.14739996103168074
0.3807167676909954
-0.5429687108030998
-0.7421538145524731
0.27076455168400426
-0.5210453942714136
0.3544715058516621
0.764451519388185
1.0685421410064269
-1.26007203632925
1.1089401257065004
1.1889005058601276
0.3845887689337147
1.075381911435854
-1.386450960755877
0.13939977298786937
0.415380455209923
-1.2401521960891488
0.36864268995547
0.7134416493010706
0.24841772109980179
0.02393671650975826
-0.25045164743594645
0.47015248472171567
0.9981821594991342
1.1187860727531986
-0.2451185764141297
0.19196594136904516
1.5003839303740467
-0.003652229120493719
0.3905896208801931
-0.2525057893573356
-0.0037855865023167013
1.0585896005273179
-0.23238449239774292
-0.4751225167980476
2.0190528550473736
-0.10490751101788727
-0.39171861177182654
0.08417853617042817
-0.03858439192526967
0.15563119456242308
0.31751827365181795
-0.14145188930531055
1.4594625986568297
-0.8161730043706192
0.3187183468724164
0.37614709794942003
0.4182923449086479
-1.2859124249024378
1.8420013732323577
2.027282983924538
0.02407321189931792
1.006391199774823
1.0533107048273225
-0.827471115741163
-2.0124620706345007
-1.0222777754055907
0.9302554712831801
-0.007357173978927017
-0.6899769037071166
0.2321137204200458
-0.39562064737680047
-0.6608851243133469
0.15841967027825923
-0.09643996386967926
-0.49206459298200766
1.3517667811629515
-0.01480336868721107
-0.0020195645787813715
-1.2391236116063964
1.8114249906129323
0.7451861100119154
-0.23501865615781498
-0.9058540690313712
-0.21998781572748116
-1.5827430969321645
0.222781005668109
0.37650179306608517
2.7922010777164727
-1.062406988660053
0.37545917679165003
0.3954586199082065
0.44644791379451476
0.41045445098593253
-0.8524380347449038
-0.2895158764319241
1.406730440743932
-0.5596106453312609
-0.22558763848247018
-0.8552670173804473
0.17041392306138392
-0.3753304988448546
-1.0606416240974972
1.033649637057786
-0.9290374472285584
-0.6398313735808121
0.8272175767039096
-0.03908807831259099
-0.1558281816033445
0.15329675761608924
0.6550464251952608
-1.3966337594049716
1.1003597627960866
0.5003683508101452
0.8725807617144166
1.1925421045483262
-1.6252904264251746
1.1125569175127832
0.3344551891545642
-0.2498466350016212
0.5163632852081619
0.5853108886511421
0.04753413575373176
-0.13812908094853898
-0.9611482040086379
-0.9475278996723437
0.43507618803981263
0.0762262157576653
0.3409300946593413
0.13984628231644286
-0.8647528547172426
1.3676841848155414
-0.09643592838691549
0.2431083511424044
1.1444666541704591
-0.6706181241498884
-0.9917127405718553
-1.2405127048300075
0.4756594796594789
0.20475929093325834
1.3071892609049214
1.5240464958045394
-0.1404376028580905
1.3587875475936415
0.2997417675615301
-1.6217340596231544
-0.15025066867318865
0.33557711650279004
0.5124006852550467
1.6644200025711853
1.1630604900466988
-0.369024728935404
-0.31767375385437535
-0.550720772627605
-0.0717976316855186
-0.7462660688217959
0.09915698608937938
0.5498094233505287
1.190928101022859
-0.27206770451617646
0.0543369210649436
1.7497492824830252
0.4830158979366402
-0.1766249442932175
-0.1504965516068289
0.660541009176212
-0.8124652408324975
-0.7815903868309324
0.757681984066319
-0.17294697192071226
0.7899980617858906
-0.08850309053995334
0.5986896962617476
1.0491318303055472
-0.7942733147245042
0.7262563258306612
-0.25861376406254555
1.5433247176188944
0.29696924347627973
-0.2708483476217183
0.4565834864156222
-0.5030792733078715
0.40166450305882867
0.6320520337427485
0.4423003810976921
0.031905610796823976
1.899673942172779
1.187276542470824
0.7349522597747745
0.8964008365508643
-0.4946249223176463
0.11508875062520621
1.0079173052527821
1.4061677475691898
-0.6289228502100642
-0.413467145019537
-0.20234581534856957
-0.39002801106752794
1.2426752150406506
1.8653810933717576
-1.7637371015586938
0.5597276872894498
-1.1070940874068225
0.2626140447050804
0.9147822481051987
-0.1908764907202172
0.7165031834830626
0.5335441154456967
0.6906323663947014
-0.07227038600644467
0.22886040294696014
-0.20674326074980498
-0.43300346712500537
-0.47123426979370275
0.8188248187611789
0.49461082733406747
-0.08797644607702579
-0.9034611044741724
-0.9428606245092177
0.8032037753874063
0.2593309123038268
-1.639661625983633
-0.6828191286345597
-2.85071893734884
0.7172382309615873
1.5879616755347403
0.9200705283363539
-0.474508224004376
0.21870062647705962
1.1788264067645848
0.2622453171840426
1.688810643442769
-0.29358870995586966
0.053121261571598286
1.1839342627392593
1.3137162599399863
0.5799191026968029
-0.7419334940414648
0.14298683362305242
-1.7396102476186865
0.8845260799350367
0.0112143881690899
0.6198636212689848
-0.5974178115024391
-0.8909066773196344
0.30666242071409405
-0.5103017444142541
1.450828948977073
-0.32254076489854727
0.17321584644511023
-0.4222176600672055
0.22392765575417994
0.9447686723688986
0.6069666899693397
1.5284654672214002
0.43424369969852317
0.11973625334799058
-0.02917812460206526
0.7808483934852762
0.26355611898681464
-1.2133123072756462
1.665218103408996
1.1039823341916113
0.35973148811275585
0.9691781075934651
-0.4653830855817851
1.5932539969194737
2.2156600381543647
0.7398459143829372
0.31068831575673417
-0.9369137523240683
1.8724390627234762
0.9767091240574914
-0.97544734649285
-2.4688888865651966
1.1601382932560376
1.7105022071800295
0.424062123330913
-0.5056701123855833
0.2358317020259354
0.9895754475310496
1.9067664268220268
0.03167233986074573
-0.6336466671153429
1.13627418396264
-0.4271062277697357
1.463497544583724
-0.08337824352997539
0.7499005994951276
1.4630572713146694
0.4532228679377878
0.07349956185960477
0.8260170965940014
1.3749124720706456
-0.10644560884537574
6
1.3690111014694188
0.08888653631649704
-0.09196182716578383
0.7837866256460002
0.21205746433772196
-0.1281439298174352
-0.36998472021413054
0.5930007224150051
0.490320946834402
1.2499142234939267
1.0682444586018844
0.5223846230506951
1.6314587482050091
1.6976615967560649
-0.20905704449997337
0.4504174723010763
0.3125179693618994
0.4182186481329852
0.5965385546415723
1.8243536363448483
0.6626964421696114
-0.19038601377879924
1.6646213412042465
1.1832010741051706
-0.1656378753567173
0.22614381414065846
-1.2763824210218302
-0.024291885505027443
0.7725229548637008
1.0691096561061102
0.40830304363464287
1.2368158818047175
0.872851906655761
1.5038135706013032
2.6108921010703754
0.41091880839104666
1.843216504346892
-0.037673922086006104
0.11006937470153497
0.46402431496165064
1.4893040411485243
1.0768987012565359
2.2656234980364647
0.32905981991265865
1.695091339198049
0.4513240819517094
0.3726930123963279
0.08864632475070747
1.3473372888587318
-0.11993373885204626
-0.3056144383021448
-0.6730904223841099
-0.10575938424091799
1.156208164181424
-0.7866767204719082
0.23729257560572642
-0.02930873763616796
0.16641136772888415
0.5780382118490287
1.8165431674697317
-0.04717220308835794
0.11903324454898916
-0.43709713322072574
0.3828029698412544
0.194811153061945
1.4417414544565146
-0.15689020278422958
0.5875676619949308
0.22688439534187024
-0.17119115285917857
1.6999708333159345
0.2619276287320107
1.3717117334277604
-0.9126568656553604
0.3276441972748106
-0.8919056398857248
2.5761106184464495
-0.165977764750041
1.102805379128404
0.6268197134462421
1.6137128436935426
0.8685882453507309
-0.445455346088485
0.7674586174946627
-0.7411841997885992
1.506465009737328
0.967038656992904
0.5687102458550227
0.13050918540273718
-1.147519806250199
0.06918023526156546
-0.3402362203328736
1.712925305065022
1.3791677666618931
0.33202113364243474
1.622383399655221
0.41994440515502895
0.9869695437268723
0.11381876558772586
0.7735757483792466
1.0035245440442087
0.4518383454080376
-0.2865467344521564
-0.4322938559352807
-0.0011517459999360602
1.457279582777619
1.4449370159231725
0.65380638738524
0.7838246415571163
1.8490317193131145
0.40252512029638476
0.6071976627690728
-0.35096409671488027
0.7972927528395876
1.552319941460026
0.993355861576681
-0.7073872580158886
-0.02702324864057999
0.26772905556034166
-0.612168574027094
1.8905571538167432
-0.14279891519282106
0.6728615013848657
0.20592995504046896
-2.105512733798841
0.34905166261558584
5
2.6850381505852186
2.917399579548313
1.8782823599842913
0.2997314997380072
1.0756612284675295
1.3536881143752277
1.7977722450988651
1.219592913473518
1.1316498788807345
2.373397702505961
0.7558380921627516
1.4187293537453298
2.7909413128332856
0.9355530944864647
1.9857740551364271
1.079981427603372
2.288656925478091
1.231115672740789
1.8320289761464197
1.2039818864468168
1.3769521786736219
0.9213554302235369
1.7586476816698067
1.3134321138128344
2.260376521796872
1.1698658711514003
3.266328367218035
1.4802296315412513
1.0305330919032818
0.4660470563882052
0.796081232288274
-0.19882427032898042
1.9981293571346104
1.950433118664864
0.8713578428030678
1
-12.519414500236403
-11.800551436378385
-12.41875863951378
-11.20093974083013
-12.085523802359546
-0.562970368153178
