80
3
21
1.3602565764986478
0.07779660810853269
-0.8567830623298935
2.3217731138578763
2.727077865283418
-0.3615859703005944
-1.4068667203555607
0.8375968507960204
1.151048169703534
-1.9442103618063722
1.288114540012104
2.2045448699520893
-0.4505397084772438
-2.167171993217721
0.8203746078908821
2.9599183501173303
0.13883009314519565
-0.711510783893793
-0.9469252724390814
-0.7172188953358519
4.341239300436673
2.736296444114828
-1.025398227270991
1.5792179484960829
-0.9864834366878085
0.19587152742279157
-1.6005109195404734
-0.5041332257582257
-0.04890255513428436
1.4437614914928643
-0.2508224524048003
-1.5934810195981286
-0.2526841722966752
0.15471969611170394
0.49152799504578426
-0.8812465947843969
-0.4525196700852326
-0.585665960799974
-0.5489611588428985
0.540516627080343
1.72085468614707
-0.005074972038204785
0.5210290787147639
1.0824229970363826
-0.9241076186317541
1.025810959224051
1.2043735852740503
0.3410673051665107
-0.7475482502053958
0.16939612524238856
1.0702367047572183
1.9663687135074468
1.3166021597209567
2.1312010960959884
-2.8386671697523638
3.0570504632735593
0.17680997772557083
0.08054996215968928
0.2821330783660632
-0.8505902735714538
1.2418544479102118
-1.5720550825687511
-1.0927124001439024
-0.28354680550941197
0.0680438845765364
1.3379546163598197
-0.6950701827584114
-0.14957935859590746
1.322646612672665
-0.10292872466230948
-0.8891822635011819
-0.5546850686999004
2.7165255425777612
1.0124882626854854
0.9644010467693361
1.4619956476719276
1.1603755777763873
1.0960056362076387
-0.7953953643300594
1.292489287142414
0.5912690386345907
1.4122705889802416
0.06427307443948022
0.48597382274826184
0.3205573510543178
-0.6620388797903441
2.3650474607771255
-0.04669185533281246
-2.784843123336249
2.634480380156015
-0.9329592876118591
-2.414004638167184
0.9822322878197389
0.7133986188894819
-2.24425121261444
0.832776079532964
2.3496250497269084
-1.6712590778149288
0.9455200723212129
0.4286061090556249
1.0565251312610597
0.5760314447380317
-0.6514049788687036
0.8674397644304749
-0.3046063826820023
-0.8264641526376314
1.697543790691694
1.0723340830052308
0.42387768736187387
-1.9117836189700503
-0.4638406822296875
-0.32589639898731465
0.7308940404873696
1.2985801225087596
0.45762209572291035
1.0689220471890146
-0.9326476164536478
-0.499099248938377
0.048522001141732336
1.101036265747834
-1.440011726823531
0.3057891893711304
0.7716321550262932
-0.13219883422011997
0.20623096047705733
-0.4973088845083199
-0.38558030045180314
2.267823395908204
0.9192286967052777
0.2041460574433691
0.5840459969553151
0.8982198067862406
2.1296972923293067
0.9680354129410897
0.6814521757749039
-1.813553807107802
-0.4349226699050969
-0.24390491236220027
-0.5448450269308387
0.7369690196359006
0.8391439655259175
0.9238628998554805
1.0973585604294966
-1.2399797470707585
0.19168403798694567
0.1432825376509053
1.1764222211826754
-1.1478373387794034
0.8029999540564278
0.0017255521575246242
-1.1522719535633568
-0.2386292567975194
1.5070263013013665
-1.4608142893541154
0.0746480859842583
0.912797170055517
-0.6808768185798452
1.129743918325031
-0.5146330595775253
0.2202468869868711
0.8040755011252985
0.29774044230910307
0.012480910744741707
0.9411344526453752
-1.25534108624719
0.9849152525942929
1.579622376992267
0.24603535878927385
0.06382474652193167
1.6774336961140326
-0.6710411658745681
-0.7224398515938218
-1.357545008109218
-0.6644059218326186
-1.0970838543935082
1.8071045523020552
0.763531290217366
1.3437033548599464
-1.8817115190887637
2.1121354670628767
-0.724789516049254
-1.5099795395015003
0.6249453162283112
-0.8389380063663089
0.49474133950096244
2.9367950792865707
1.140466021905035
0.04097732523240341
0.6033850252171993
0.9807212503232481
1.2236036509376367
-0.9969142451987971
-0.9850825392247312
-1.1589639910136567
-0.29651305644131853
-1.8720015778008023
-0.279190224333388
-0.9386465704127891
0.6651666261254406
1.0865489265141568
-0.08380695390676891
0.9858070872646068
2.100234127884946
0.8733650832327418
1.3825198667487495
-1.187501327079203
-0.8676453649965599
-1.0875758071755712
-0.971524836015125
1.0140346424049815
-0.27330215855122975
2.1655850739949707
0.9278124210361477
-0.19711853072000998
1.447240515513887
-2.0530868637478146
2.4926916839255395
-0.141040073269891
4.025903585614446
-0.3534044489026111
-0.21492793441326377
0.3644167785667386
2.9930690794167947
1.0739951510425103
0.2689627518641684
-1.1856333720043104
-2.952955180752148
1.6209773920007853
0.29164730317203
2.1634383588516273
-1.0979934211424214
0.434611218130833
-0.40358880389089324
-0.8644255270932479
-0.7550666851752281
-0.4806864523117458
-2.0747925240655287
0.3243509520944062
0.10322596508608511
-0.13981320698481878
-1.0334737323349872
1.9591641280132341
-2.2609101256022246
-0.6426276822579278
-2.4647356002954552
2.6075017350190306
-0.4694517705071868
1.0633260080366798
0.12566319777563245
0.15256471161544694
0.2573454056882334
1.7227792314423547
1.3216247603615379
0.31386825061672247
-1.1703424862712382
2.355437098231623
-0.5429424667516964
1.4005605602735816
0.18114299822547608
-1.235755256993994
0.29086379681401564
-0.9289414302599949
0.09277441092681794
-1.1290855616243056
0.3489453310220358
-1.1920916720495545
1.3921975273297407
-2.0476581620068406
1.0748506544443737
0.9036945210081426
0.8715345430322736
1.6253789577944187
0.30327620784623255
-0.35693149631271887
-0.3513741892209295
0.23760968367699145
1.803148143031505
-0.8335218709147533
2.69055376752241
-0.32211884112556344
-1.2807095882934758
1.4583193891497905
0.0799547525092091
-2.0379728600827294
0.5213631311468855
0.5180980508389278
1.3642751822880697
0.4839910604356849
0.47613209577336774
-0.2039456434407006
-0.20104453318427523
-0.35389740143411036
0.6925887033638031
0.8874601716089342
2.320318152096378
-1.4650113692527527
1.1518373269475117
3.222022105625633
1.075020923603716
-1.2979296152141764
-0.2898391278577057
-1.1182441975306388
1.1641321995739566
1.7326882598947355
-0.3460001818965073
-1.0032820386355004
-0.7249450174522334
0.8088990993375829
2.8155024871731187
1.1797286786611547
1.1133149494025447
-0.7376914497307955
0.880342403183776
-1.0316740228560433
0.5452635774098766
-1.361528755020065
-0.4710464537233121
0.10475489368731984
0.8690307120755333
-0.12504484579178712
0.8293313618996071
0.16357923080801914
2.759545964851323
0.31862877158617003
0.39499576693448446
1.8352679489322963
0.6341604646276049
0.7880278311273589
0.10147613067800623
1.0361301236624123
1.4376685966268945
1.234688789289959
2.309669440841009
-0.48317309555887994
1.2419165145505608
0.5721869808624442
-1.23601611261896
0.006902743029522842
-1.1832593745693483
-0.011951853611483045
-1.5313674415009932
1.2142911824918576
1.321211169691933
-0.2695105598357679
0.8411486749196054
0.1577577556944089
1.2979894390111948
0.25608124437385477
1.5702816669853707
-0.3090575956165136
1.2411839425488345
-0.7745976613946902
0.2246167096149661
1.1226957323609652
-0.1551983599091076
-0.6772890995186818
0.01998833613833019
0.8228020655531699
1.3406514802041396
-2.0272008158375603
-0.35278970716797897
0.1890510321362427
-0.7510577087110034
0.8373574878960419
0.937831133264455
0.5223284260222011
1.27360346558525
1.010005129405151
-0.7462664191664854
-0.002685121208902565
-0.7921087801809765
0.9658962984353119
1.0490425009093622
-0.030248024346806502
-1.3206060765675423
1.2315367511793291
-1.2433345659143427
0.5333928042011421
-0.39863611697034423
-0.7664439631595489
-0.41546117339494265
2.2653166842249584
0.015187917578139164
2.4711416729891207
-0.02517854410023966
-0.6186542911839382
-0.7551174833634086
0.7122427450683412
2.24758917685152
-0.185899267527617
0.25838893364453386
-1.85433778748373
0.3250390483608389
-1.6852494575702963
0.3314849012698664
-0.9251674446047201
-0.8897353477187808
-2.242512371455491
-0.49746818792730557
0.6044078612442816
-0.032720802274838
-0.7639479403071548
0.14282462768621118
-1.5587876101310831
2.3083364803951825
0.37877443084163115
0.9186565317904988
0.2990044737560862
-0.6368527757159989
2.5520464416542095
-1.390347554043748
-0.812891438195247
0.9922768562600943
0.8651254590311347
2.11259122958933
-2.3957826288658777
-1.1339769341492802
0.3739438468979039
0.06609475943543468
0.6808282158131556
-2.5534721223544508
-0.5475420053200493
0.6386445191638497
1.7288833498177107
0.2951697165549682
-0.13209737977542235
-0.934805649499477
-0.05709152178042802
-1.0470329174170345
-1.3513203261947264
0.5145701627930777
1.9981635045680586
-0.792234238085847
1.1335948817783796
0.6217007727133672
-1.0662590497446618
0.45852242159241074
0.30506994181534663
1.2852565680461832
-0.6274898369194916
0.8153914956137565
0.5315937845709335
-0.8770140293490469
-0.9973778695522825
0.5368737850561492
-1.5147996919137732
1.6977721237186985
-0.7639430809910546
0.15592825066884283
-0.09692674481379958
-0.09447261241292738
0.18472727245366735
-2.992761737412948
-1.077952176115952
-1.0762180767362044
1.379878234925619
0.044560875146726
0.21707862770575204
1.980737864485012
0.886673526663129
2.125668879497187
0.09495738055096786
-0.15864807977238315
0.5904942636492488
1.1367712965555796
-0.013454184218315995
0.09818328765652885
-0.5193701524138109
-0.6603891617147633
-0.5844298476708439
1.6192720430868648
-0.4160258502325544
-0.04682256647680434
0.7817651782048045
-0.5709829431431765
0.34767289465497214
-0.5837652270562657
1.4461319470531162
-0.3372792204337396
0.2379185655813116
1.0369622695111569
2.4823127845871
1.605606124895875
0.41662077939977754
-0.9120258660653998
-0.7865776729508468
0.11745142584507214
2.368999055687525
-1.1932897299876413
3.40520240721508
-0.21675516238900328
0.6933714336186594
-1.838593260205813
-0.03191427617051033
-0.5153621105611721
-0.27987851113380213
-0.11157982109455684
-0.029176242216026414
1.2147605895946814
0.9833782043255024
-0.3729721672178743
-0.21802965189361972
-1.073942911266399
1.8902139323570808
2.195266843438302
-1.5009180051752322
-0.7563210661013705
0.9599374235505972
-1.9264282362301859
0.0010434147614695178
-0.27768681348955115
-0.9015243383651457
-1.5908083453280213
1.6865444999052683
1.3880677764442853
-0.31330185466354965
-0.19809793985822596
2.214677344247008
-1.3562418646766188
-0.7791486986015886
0.6240195349264505
0.6697681584026519
-0.047542694412489137
-0.3228763632060099
0.35704650933862786
1.749396827074813
0.020399070550931864
0.8637858604416611
-2.6304751830776154
-0.6727496624965651
0.7158021830991976
2.115759889654076
1.3654003679964681
1.9064955485536097
-1.5038160095989952
-1.8608921518099664
1.0322471288731334
-0.03543589934853744
-0.4952070569324255
-1.3757754634352328
0.8838324168267756
0.5932667934303525
-1.3000011012487642
-1.0962686093833445
-2.0216138037828384
0.3216060855812897
1.0874892737384574
0.9595211672567646
1.8315678890916824
-1.1355469986009101
1.3565409822595196
-0.8681361093526092
-0.7652144340863313
0.4097276860215205
1.374142160671163
1.9567186974694994
-0.02444966534971726
1.7029941571981009
-1.0591681185185005
-0.7952024547535301
0.17648360250215814
1.1611255529268973
-0.6766494020648496
-2.977210204556721
1.5569507042161856
-0.09617852254334992
0.1997083862977716
1.3882083445305848
0.5691356589881023
0.16400764482021946
-0.5537067957034253
-0.5966271866597224
-1.9147359341390389
-2.0901586056691706
-0.8952966667617835
0.405233675724691
0.9082677434212711
1.7655184000880968
-1.2905890532762114
-0.5808228199562327
-1.153444891399779
1.4627796273774514
-1.7703023034706236
0.009451407341997486
-0.6017957728964122
1.1647461641181538
-0.7911936377748217
0.4783938577076309
-1.6678101856125453
0.5072943515976616
0.6412426090666146
-0.3316597130742706
1.1904999233875466
2.924723705277045
1.0008034521868074
-2.2498350512814196
0.9904078684681757
0.5062201737405679
1.3753193827541
-2.290900849445355
-0.43440150096920255
0.15633384709830328
-0.3500593932702658
0.8381734877722145
0.06329151493959817
-0.11050412995713411
1.1794439289109575
1.3137862756208647
-1.1403369850544782
0.7405428266157146
0.8640131434640855
1.6505218929880066
0.9623690488930312
-1.3570863869411112
0.09455907106536246
-0.6150116085492096
-0.6369523777596496
1.1181460938110963
1.2574656228795724
-0.11291177134811409
-1.0638930335624184
1.1741821960862167
2.028712137203194
1.027542205696805
0.13606925383606225
-0.7009457297408556
-0.0921161893204727
2.463081166284616
0.7281112763316252
0.28945013187824625
-1.0792243753799509
2.7934153626244256
2.1282079670085357
0.04547896831061572
0.48159813343316366
3.0510381204215045
-0.1227236766263182
-0.17007789268776186
1.5495036333661119
1.026030038505888
-0.9278397581474185
1.165903895337498
-0.2007363402487835
0.21983801268079442
-1.106372869121199
0.8484660296406081
0.6138643440442463
0.33914978630432063
2.190923437353251
0.40346023198412984
0.3680595461750996
-1.6074108670214682
0.3162999565604861
-1.6359019413551257
-2.1772249215142314
2.107883902922336
0.33374050038490416
1.1532359832064731
0.8632622406225273
1.1576515390808024
0.44743624600684906
-0.7655192881171353
-0.7746442395844151
0.45122712851931374
1.75852344214293
-2.065480766271104
0.979164870948942
-2.448222554423782
1.169037282446663
1.5641216746914455
2.8307995766694507
0.6484349738751034
1.620770789513778
1.9152184682894302
2.095298245975214
-1.8988172525985474
-0.4284480793197713
-0.5452793225505942
-1.6678723677729492
1.4124143494502766
-0.5972096251599357
1.7948441765174121
1.4874371812765645
0.9275760700677956
-1.883771006240506
-0.489427218888259
1.0369188591950778
0.8698970333827791
-0.16052646943912816
2.0891196586151146
0.09689348545597692
1.4395467196474256
-0.22117222383946833
-0.28188358641042893
1.8522257947007728
1.8048460395721422
-1.1208483184072475
-0.3608586184461654
-0.07905259725852042
0.287545397150328
-0.05168152030925552
1.377509968680514
0.844242485433175
2.047426194856135
-0.6779560065010172
0.07599941076353399
0.2732037916358329
1.4932133731942054
1.1747960847442893
-1.807715002535529
0.6751414876326254
0.08314694608135859
0.8477658224453695
0.6018997847606103
-2.384262101043014
0.49434890470866955
-1.2694324503359047
1.5319954923095729
0.39422296567869897
-0.27112853486176264
2.0685262162462084
-1.3371815218129555
2.0940208149320894
1.3007413044794052
1.537979962370384
-2.160490847487098
1.2494802861830199
-0.28031472446371114
-3.263326700910493
-0.4939552054318927
1.5385758002599494
-0.714875249579294
1.0489800885644636
1.3087672568926378
1.3539085630635872
-0.3603828241341115
1.4747513675026709
2.1098468274649407
2.383645279044589
-0.5075048297103268
1.1394246012978395
1.1874858627930482
1.065954278118381
-0.6553077018122756
-1.1186138576543394
1.4814605108840901
1.464612752184124
0.5970565338007267
1.0146942793634368
0.3440515293873267
0.4317862992007036
-0.31903521170833626
0.30586826680062157
0.8629638851993859
-1.727597500624451
0.2385090992555395
-1.1638009446874622
1.4419372910286963
0.024932443737127555
-0.050258179317329676
-0.8505602167159266
-0.8708227323981456
2.6239780509684665
0.9724406758885304
0.38440559344898434
-1.1835307819115592
-0.608153498242859
0.37724794055220073
1.8277058039102467
0.49765154313237825
0.06242485128417989
0.8301851253515315
-0.7034218207912715
-0.8705063136819409
1.2573419004386581
0.6621386684239233
1.9278165607659448
-0.31031877480985537
1.166419587308207
1.026475122631955
-0.9704384422217426
1.0881981904934608
1.9802194401163895
0.4982188042198463
-0.33948053725298005
1.2471736777430535
0.13751549562826182
-0.21492700506828566
-1.1892425565112181
2.4385213532514385
-0.5597872057465995
2.671226382513842
1.4052772924143455
0.6735520237068676
-0.49125038606093324
1.41877827259143
1.8320811702830417
0.012386899959666554
0.13643865978931868
0.7668871361449042
2.07364209962602
1.158975672751556
1.7794524890746084
-0.859432893553428
0.8873237102991672
-0.3044291231419014
-0.28217407712310505
-0.4313700703221884
1.2351174923214863
-0.17620672729149967
-0.46637981750280694
-0.4190606548702054
0.2076298170670816
-0.14761312232057625
0.23022733896336975
-0.5377698822707762
1.5621407092202433
2.8861271822205787
-1.3257602437602523
0.5049185420073253
1.5387333491570085
0.43760645062995485
0.6897838980181404
0.07157780420484625
-1.6989925329440703
-0.7748729105232528
-0.3049213652424255
0.04759395076946133
-0.6246184131374776
0.6288127667273254
1.9469183164304107
1.5135989175697306
-1.555411358156539
-1.1144358529045657
0.12265640973585479
2.1477584402774017
0.4248829616707517
-2.8488670403556187
0.4131715787700211
-1.196100307582628
1.4113514406800955
-1.3685374666719852
0.5092902754603594
-0.011544433005263269
1.836161617339714
-1.2607559117751872
0.3321385028910516
1.7482987849419935
1.3318743085364175
2.9030354502983116
0.02890386852096386
-1.2984453719424702
0.2796643664105706
-0.28386109966439294
0.9171445924064956
0.11316902956135737
-1.305838640152797
0.3708057317560641
1.9769916662225042
-0.3429688886342376
-0.13178315174702973
-0.8261162292283267
-0.6653778775253822
2.655738991443153
1.581666126725417
-0.67516142989138
2.487064883451149
2.3297291123237547
0.9201962383895637
-0.28994108619758124
0.031193584421538776
0.07225437048183121
1.0682313375734214
-1.1659734582053116
0.5061135212925282
0.005932119296246882
-0.13919856747327888
3.249900117955178
0.24059747009206792
2.9932657624201155
-1.2532937815505938
0.02857005286458686
-0.5711886621285632
-0.27468835798270325
0.36825571984467137
0.45146104883537813
-1.7729599251519155
-0.00625660172639975
0.6079373338311591
0.9123898176816506
-0.2287503841261192
1.7648896462275263
-0.9859799236393528
-0.3290593217199633
0.8411539456211102
0.5486471181288377
1.3630453530908793
-1.2844056402874262
0.5583067898946721
0.6192164666879907
0.5470878731317431
0.7616231852697337
0.5687119294433445
0.5505043015791421
1.641365738628009
-1.1577366031033816
0.9241927322578637
1.1875020924453978
-1.5711355583828266
-0.43530741917984794
-0.678693413561141
0.5482963519126487
-1.8948711667118565
-0.9507971528688502
0.9489425638441794
-1.149173292687254
0.25558387954582856
0.3722878508622021
0.6133572268530446
2.4267679641669204
1.0861069446444949
0.4943693708876549
-0.5164877912718534
1.2289041562672938
-0.7265283307259323
-0.9424214600998083
0.13586738162262837
-1.3895026829727206
0.31303397388471077
0.07961255891883723
-0.7825202670512023
0.1985945659035186
1.0626122947137455
-0.4493929470772828
-0.792378168706319
0.7652560793289018
1.5436149760870033
1.9528550519781438
1.1804510149863132
-0.07326846497044341
1.2814910551978564
0.7887062247909412
0.3529095772505756
1.4947626665180473
-0.3694539841096449
0.8657928420059232
-0.684701814165613
1.2347984667556282
-0.6527448398396003
0.695446970417584
-0.6792546598505828
0.6132775959471628
-1.5017823655802631
-0.49982234321285796
-0.4620346972901381
-2.0567536237440076
-1.113264581984436
1.4249746996337862
2.355344980961039
-0.8235070967701423
-0.8463761223392474
0.16959565263510817
2.9694133961404106
-0.3061068401245506
-0.6301557469543709
2.0861119750293735
1.2699269610045751
-1.9912139262411395
-1.1509673345630043
0.060173692398584305
2.169163132735546
-0.7674705455934828
1.0056755214530388
1.523833122754045
2.2678220224821932
1.8050746966410107
-0.3911801212130415
1.3263032916269608
-1.2173384252117205
1.4246241809043574
-0.1672298679168869
0.8970735866616909
2.700833306693048
-0.41896660756227144
0.8186203670706482
2.0097709074282135
1.2957548606250562
-0.7629869005672434
0.26132488348620264
0.48514945409378973
1.9316723644460907
0.36659198516448693
1.3394955053563018
0.7737490100313558
-0.19853048169228202
-0.5335487357324453
0.5092233913699954
-0.66185245723441
-0.23487650475958227
0.7707622580875481
0.7808730590273861
0.570709687272911
-1.009727624674658
-0.8191683980485504
-1.6091019278426508
-0.2285745778996473
0.39890901586283445
-0.09186430868838973
-0.12278661255886593
2.058844296491069
1.095449559807445
-1.1206006238909076
-0.5246767852398394
-1.1920184663552145
0.6330268448539917
2.221402719304121
-0.9178405354514595
0.399428016606165
1.1985191262945225
1.2880807881874778
0.44888178444851445
-0.19061823783969506
2.5169349456070536
1.6962447950783188
0.11235084630363795
1.0347086474580909
1.262345084363154
-0.8607968634518617
-0.4218079058579577
-0.23403486841288373
2.6263055272051496
-1.005324983102557
0.8967048868044316
0.40450746823684275
-0.7279322233613872
-0.27338518078171453
0.03171859215383493
0.22796607393424367
1.6473589893832747
-0.9453375623603811
1.2363729257191027
1.3240480981485647
-1.0668999383911
0.5947154036249688
0.05676473176556334
0.5160435672471712
-2.507155713434403
-1.6855437755778664
1.5975678635334802
0.3195725045463124
0.7462819057448564
-0.5683345454748073
0.07519936017083372
-0.9695000925978088
0.06808055065261234
-0.9858557233480598
0.7034451926849562
1.0947312602180501
-0.5834501056554945
-0.9752517074347101
0.7296140589806624
-1.0404701570998944
-0.3840901867649782
0.9224419060251898
-1.5853257164198062
-0.05210424911230701
-1.9809454941419433
1.185264060433606
2.474412176663659
-1.3561949614525275
1.1759756079899526
2.149750852597823
0.5638284728792838
0.9619048629197995
-0.008531305679938112
0.31230142797147353
-1.125626570840166
0.4596958025449612
0.5439263472716097
1.0638793512572426
-1.59586077393127
1.9549057050759797
0.11637429014995972
1.672497440266973
0.9752104587264512
-0.8973016425656334
0.5220832292265154
-0.3951914634430663
0.470305765531168
1.7252181344572466
-0.462447242941486
1.431812128281634
-0.4933614892887613
0.5978460073791768
0.7452137039346501
-0.5133420224941274
1.031033079169572
3.278274776781736
-0.2403127975564746
0.010917086532071844
3.251667184289001
-0.2867931603236721
-0.6939227728513164
1.2029023647984556
-0.7688038650358647
-0.17941992286713165
1.2118628293643332
-0.9799419395178639
1.342962718642725
1.1442821387066822
-0.6156107107021711
-0.7062010574027286
0.644845410346908
0.7625584535152979
-0.007388876547670273
0.25068323744082793
2.9483666341958954
0.1783978483634966
-0.16880238339927464
2.345051053690346
-0.8134615560765617
-0.6012426154882399
0.4406299895179146
-0.04335801035339899
0.578899317572921
-0.5344590301613636
0.06137839062732974
-0.3606012295958714
-0.08694388251152195
-0.13427255056409468
1.4508716903067145
0.14909798217631876
0.9419375891670432
-1.193048796973376
0.2512662552605522
-0.9866843591052287
-2.30472128879716
-0.6870407737368875
0.32967237251840564
-1.4739186223177212
-2.240953597788614
-2.1414075099069367
0.040605638542617555
2.284269172903734
1.038086856737368
0.4542695064540356
1.0288149405209244
-0.46251862319275017
1.8787804396549912
-0.633021520011675
0.08530062287897895
0.675160530987153
-2.1788095835125243
2.0265534039201905
-1.5857215503073403
0.9799274667228758
0.3954929177977835
1.3288977898651197
0.9701569016842096
0.3485378233621473
1.7786938528677685
1.2318403743655544
-1.2973143923760417
0.5127183300911556
0.5997438563180946
1.0962315706444046
1.9399215967361194
1.013498209839367
-1.0012879308798535
0.8924548571728443
0.4495431638760844
0.34010166600651587
1.7720385042857565
1.7068212837722947
-1.2625456789298548
2.564145249655056
-0.6266667737186525
1.1178861142655392
1.4335075067151104
2.459994656861725
0.11699223673879533
-1.066951432722479
0.6252820663656135
-0.6124216157086445
0.5941942307134047
-0.057438368745369894
2.907467648585336
-0.9901861215643057
0.9285387979874726
-0.7881045760821288
1.673242851263183
0.5971023821687584
0.8566848453147913
3.2643586114955037
0.20988988864602465
-0.1686183280480585
1.063536730314758
-0.17131760204110263
1.032719172708354
1.6624833298272108
-1.0477393493799327
2.685233626065082
-0.8692580090997101
0.8815034635308461
-1.4686031182513937
-0.45353493158553326
-0.143153897078232
-0.03939409153966499
-1.944397920493126
-0.9071198407449049
0.7007298515681768
0.4348913732548769
-0.6555570689275878
0.17898857881732289
1.2238675986758316
1.8231322728139072
1.2060477028895924
2.0525627623593596
2.273057575729451
-1.897655198071713
-0.8556371578596272
-0.0015061600910584623
1.5960437678116401
1.490206908195549
1.8781075212420806
-1.3096718180363063
2.382539383421877
0.06545327813967194
0.8386910947476758
0.3940344150623551
-1.073592209239577
1.4021120165887853
-0.7888223447899838
1.0154121242538738
2.2274815045538676
2.108691435853467
1.9691559492126185
-1.3786371994012527
-0.30193785547111707
2.0979451391048403
-0.1653816144512014
-0.3177259865930562
-0.09696928847921821
1.3836116106915506
-2.1434236657237338
-1.5972787026114486
0.05507295366239498
0.8080784453569627
-0.0849462696938264
1.0231995113710153
-0.5499310974934373
-0.6775978620950738
1.1247552286472846
0.5734703099343825
-0.5607094237255098
0.5059943241552951
0.811888061428442
0.7285340324301081
0.601995395766762
2.1188879254870985
0.9168642453332061
-0.46939869485088087
1.9331091202742294
0.863828337036125
-0.04571502240718072
-0.22830602697086597
1.671484542528536
0.1168912369343219
0.34034612556589755
1.750975279409303
-0.6604942335875192
0.3223610674566167
0.5414327882851814
1.0035079090486478
-0.8482821090037347
-2.37210593596266
0.5238346880202409
1.1029592373926977
-1.538416305021855
1.6843109237749418
-1.1159949518541095
0.20252613599266064
0.108742276685878
0.24183738784903586
0.5408915315510012
0.1174347114801074
0.4089708617097876
1.1475097135350738
0.5246450460711785
-0.4085979287145912
0.10453318991014542
0.9665085311463967
0.6491863702017815
-0.2321200388893942
-0.6166018587593117
0.46786144772491306
-0.48065945224618173
0.15360217674234947
0.11164953346090013
1.5676241854110264
1.5508260398710594
0.2790496810119092
-1.2093992574625032
0.5602426148573549
-0.6079209887271072
0.7549405760624294
1.268346480421694
-0.45249618768042754
-0.1350662671243412
0.8576060725258046
2.0506691763027156
-1.0887412538309422
0.7176052513013848
1.7264547245311432
-0.13761533077342009
-1.56736506592675
-2.1745147539676717
1.1271224055738913
-1.0147954218409827
-1.125158081310523
2.1471879173185044
-0.22323013560286845
-0.8452592796698569
0.09053586522911508
-0.9610471950685638
0.398870175455897
0.44438458339323444
-0.15688726897951533
-0.8952683614304268
-0.29509241442684503
1.7931683029760401
-0.9767382437691569
0.141983890419964
0.3033828269221579
-0.26496304034760737
0.40920188360004583
-0.9854025783489122
-0.3807214623151144
0.7578336753703344
0.40384084843399887
1.7577974903567404
-1.4581235686607157
0.43000426882045223
-0.09650712696409397
-0.8705692034720162
-0.5469224773133258
1.5611613886126046
-1.8525313264313026
-0.702354451551353
-0.8763103766929998
2.002684528916726
-1.0224530047330664
2.531768313932392
2.096220027105346
1.1715105314484258
-2.3913923592166277
-0.852924438835003
-0.37474500599836763
1.8234038011268876
-1.6284314677480554
1.0927792331421367
1.1048090392156213
1.239614455835997
2.3659662898355514
-2.1529093571746274
1.8074416753369078
-0.45488317057468214
0.8423102377599264
2.4028506090447324
0.5478111683189231
0.1715488732014022
0.3212546116047359
3.041209515477586
1.2675817586131357
-3.2850709378020757
0.6163283933610367
2.5112494044750395
-0.2307692654935637
-0.7418517127571624
0.8124016273528777
-0.07673209250806748
-0.21645226428875608
1.9692761362879612
1.9758888614322965
0.42622178840013686
-1.1078343581099586
3.07937877219575
-1.031967542302698
-1.2206495837280475
0.328140634232374
0.3886936811403873
0.8836141349022085
2.050750077109336
1.5605668002436255
1.5031072605985287
1.6050174447620398
-0.8339015388919018
0.3572601909045165
1.5743632550033986
-0.8471945331578392
-0.4534912533740645
0.4898249993959442
0.6276963719950405
-0.33904323532640623
-1.2658497498365913
-0.7177041126226209
-0.7337487254588532
-0.0882238216298573
1.6276506577222312
-1.7177315280877954
1.1282967736080842
1.2226374604701453
0.5472499534605861
-1.122641214209069
0.20755923369507276
0.5862486216672952
-0.1537210991479586
-0.16530378163978846
-0.5579517708321229
-0.08962297313340165
1.4981389767171494
0.1621892476521941
-0.07735516349149552
0.5832692631057897
-1.5563472909471716
-0.7603264399622
1.9848437744455056
0.7622109751971586
-0.8546821212495695
1.0701520877119948
0.8856760406508786
-0.4431660756520027
3.859411038107713
-1.1196110368234056
1.7624199862244359
0.13313440237515178
-1.9570696385414414
-0.42750307058419723
-2.1517753264206116
2.196104355082908
0.8452370283182282
0.6876958003578689
-1.0838319939353345
-0.49799303780509796
-0.9976466849321769
-1.184098705330696
2.072964584689572
0.0413026871541368
-0.7970676512279651
0.25738011837099045
-1.0942393013119907
0.4428777949197569
-0.5869057797716073
1.0711041088118072
0.5702440003947111
1.3616286830668338
0.03510428473100704
2.837175084099136
-1.701263283962906
1.9130872042272093
-0.6337029350342112
-1.5622345676956286
-2.58137501245396
-0.038359247256677796
0.07221535751952725
-1.194388691228204
0.7979062133432436
-0.30716530483957427
-0.4048268731797738
1.27961794836782
0.9192900042640288
0.1843832715486484
1.2120639354174847
0.46274340621407034
-1.4030329420472707
-0.5318171050692085
0.6200556230683117
-0.1002637045215158
0.08127436676406065
-0.943841022980447
1.029374845563897
2.286363646773893
1.6864295893266774
1.433566281958861
0.05783981523212431
-0.3909487055851701
1.0003896088465454
2.121197070550089
-0.8110725400700057
-1.1968775050688105
0.7385160846075381
-0.6719149726227058
2.368647808558205
0.9358973358386351
-0.8725213688060717
1.347073390989303
-0.43203981565210514
1.5558190039971218
0.19238668600055267
0.07139023432021573
-0.026199842469395457
0.6146320284296563
0.2160288428650866
0.7775467570028654
0.6391387158207735
-0.9457284273250526
1.3200581940553615
-0.2733612486009186
-3.6500607900920694
0.6454868973911039
0.5920219881614106
0.19454617022537998
-0.629612085997596
-0.9617460084191373
0.2374775324704468
-1.0196946875306991
1.175911124028488
-0.7048757382111175
1.2501790449765071
-2.451881197649353
-0.4625387891621281
-0.8334270531707502
0.47625642997226464
-1.748743893581213
0.17841341657556595
1.0876667540727245
0.8210740830673118
0.6985870002225709
0.5166561520734063
0.26190323196845994
-0.5152963349785488
-0.4866195846007868
1.613150947699945
-1.5728298501214562
0.12915905489644597
-0.6078482534530332
-0.2000864402977301
1.9475885560359874
1.0276135873193926
0.8387068032481275
-0.30760425190775564
2.0435671740029018
3.026898134368145
1.3521471303077552
-1.0173935773541638
-0.2829494251886012
0.1906156292526591
0.10926606262793322
-0.3423491835229914
-0.24908533264480975
-1.720972263998083
0.14396144917552894
-0.4004587460271437
-0.7130246608258637
-0.7373090081023405
0.18941609773138424
0.20159298414559076
0.73578241059921
-3.2702329884366264
-0.015019582757993342
-0.055185979903330885
0.8642748374138752
1.7137041546891996
-0.3768078035995093
-0.8202252188602678
-0.043050517802886615
-0.20217067043967474
0.7189651876873968
2.0129395298125035
1.278632421107074
-0.8655978174786855
-0.41009058508261276
0.07297082819581364
1.3177761201441418
1.1075463748109207
0.7647967858425828
-1.122934072383292
1.427469990720234
-0.01984561181265628
0.8918075775679642
0.6139795921942196
-0.15723699644535694
-0.34405855569335414
1.3602364974813415
0.07737857239548891
-0.8107190386962813
0.2593760448013924
-0.6656797927967939
-3.1618002860385666
0.36999984864643315
-0.374138352550911
-0.9249240218277265
-0.11581901687113459
0.9825402485125869
-0.275838374669739
0.8602253421982979
1.2925317587091028
0.18221693816323478
0.6108252700420985
0.759595138168292
0.5133647004151062
-1.6575710367500844
-1.7465772447230528
1.4179530561725446
1.2997191939452086
0.42470847119953137
1.6378296618359915
0.21820644276491227
1.7548487512664914
1.3667231111695435
2.8936513152228276
1.0871874930354617
1.3609626867769178
0.39500260071141263
-0.10623662666699647
-0.26378908469086704
-0.37922073242600424
0.2502748804840553
1.6884847885766956
0.42843910694045634
-0.039243377425597796
-0.505913605556726
-0.2110931098596145
0.6459749253065906
1.5649682922141583
1.760545844383193
0.34178420247292834
0.9980715555938319
-0.6232915462300193
1.5278658461488817
1.4291439425725363
1.398272736559892
-0.8674492466844068
-0.05324737771646544
0.2885984131421698
-0.6516082236276256
1.55304068121461
2.4372768679096875
1.3604407914774148
-0.5874931150262422
2.640430903920079
1.0020140528202006
1.9714603250802918
-1.5201104696628653
-0.2845871235652076
0.7625274019633153
2.0945294171635034
1.5699473906511312
0.0644152931930811
0.6026620915839098
-2.847598083801073
0.21651217924349847
0.8378827388494434
1.2177599852582939
1.1613239599552818
-0.7359439213296278
-0.9065165960747875
0.12302824827487033
-0.18645901716109733
-1.46231800305988
1.628542077085924
-0.47281675114394667
0.3697250855892808
-0.3632655688107351
-0.6120171334059047
-0.47107289816844317
0.8848182504891973
-0.2862582416346508
1.8654256010322674
0.7286950269176871
-0.755987830363572
1.0511091523877378
-2.0602667525652896
-0.44200894618098807
-0.7998956440162804
0.03374957446415704
1.1394547883107138
0.9930027528565883
0.09863335109562292
1.438929592450925
0.8626073780229995
2.5132726137820764
1.0152731508447392
-1.7104411696645179
0.620635514848905
-1.8128527853765093
0.2073221221024143
0.4573671469361712
-1.8165638076507866
-0.7712708442273438
0.23739652067805642
1.6689303359020018
0.0668962790539343
0.9575593823858545
1.010325871143187
2.2597378162991766
-0.44965939500547303
1.7224483237451251
2.5767710343328667
2.71622076968365
0.47675347806303275
5
1.0338618676749696
1.6739640391014876
3.2227334908900573
4.28513396907586
-0.5087432087576976
-1.5035738205699443
1.1291832883565582
-0.6147881663751297
1.125648335442051
0.9276000236818268
-1.2343183777051734
-0.4565397782403512
-1.4313058220517483
0.38697592008303666
-0.6934292053732188
-1.3627264020533152
3.37999352275269
-1.0927454088290103
0.6704723104626691
1.2081554470626639
1.277544583291133
-1.9496820681639777
-0.13664255205302964
1.3628611734483604
3.713058535334051
-0.45007328086136683
-1.7827074627914863
2.4507804315894
0.008002878718658653
1.6180944056155873
0.8620649740040508
0.9023918887076099
-0.9036409172063098
-0.4461598421397235
-1.5313953777852738
-1.6912582802904605
-0.5068119147718158
3.2318371044796765
2.8510332230883773
0.8864162673362187
-0.22048631115458198
0.1243229665535415
-0.5213331991520648
1.4590391255591468
1.9633144386028418
2.6170211964147008
-0.9891591813725402
0.24581119496240159
0.39955105849822514
-0.9953885559774103
1.2230186717265656
-0.2468213324303154
0.984772989398935
-0.2844159128654155
-1.7886252844963113
-1.322874685785435
-1.0739699982576885
-1.8581352189946312
3.420029963169275
2.0836650357996476
3.439007913992774
0.17047997913236804
0.19930795855995437
-0.013234809986440114
2.0060260250620248
2.7730657135161514
3.566128191184805
-0.11544019694166592
-0.8414245076904303
0.09290693493232374
0.5092103041261022
-0.6308896847980742
1.0483285032107792
-1.3237747098622759
-1.1438159629031104
-0.585910611967647
-0.8998159426782282
-1.9910306649943792
-0.4097296131603549
2.9177635578943786
-0.27371428173219825
0.707337032138384
0.32490496244397166
1.3976499903980186
-1.6592443245976276
1.9300019862780429
2.271742587136502
2.517335381018449
1.27930547601666
-2.2175249255864133
0.972230240992207
-0.868865963299443
3.2947690412638964
0.008027118959464594
-1.2222537238847004
0.27046583138234315
0.12030539165571144
-1.7726367245905277
-1.8642222550692626
-0.4596193776376481
3.5823347538598456
1.398467215098256
1.6934656908202037
0.1742324177071061
0.8144337066119445
-0.3826466863281944
0.5006734493220818
2.912917204332092
0.37025491092870366
0.5397783627387692
1
-16.034214451893195
-14.079727990539432
-13.602945416644253
-13.325095271751326
-17.928395242914156
2.0535010224868997
