80
3
9
-0.24646537620237613
0.43905226822252785
0.94628510379929
-1.0333427088798266
0.2934544596257474
1.8836518567033151
0.834669817994136
0.45754886452798454
0.7134538447505797
-0.6373060534938034
1.2628486173728857
1.8421595147490222
0.823421591840751
1.9229931302477377
1.014041834914572
0.9058992439131384
0.8520432670107294
0.6177151004177217
-0.2462551951347649
0.5004025825078497
-0.5880290977640099
0.535117362618437
0.6745936673725346
0.8831134064514061
-0.06435194262691277
0.3900161026360988
-0.1480580191324
0.09632962375660697
1.5276980667169227
-1.0138476581132594
2.347266821207739
0.7560437624157571
0.4445718026787068
-0.3555191043850059
0.45321954885433524
1.0154194329200164
1.2884722533261361
1.3785288496668928
0.9949420215016974
0.3050673447962681
1.4710396634680998
1.7804570536736952
-1.047524489734202
2.0842694505746233
0.06570809631979256
-0.21243988831111615
-0.23401372653614966
0.8826210080173904
0.049415126236223295
-0.5228698159624288
0.031013164309624315
0.02455353507141475
0.6404582850785979
-0.8044968571378102
0.30330512152208033
-0.4621381782711679
0.2703919358185443
0.5802151384672611
0.8196851334952989
1.1248249232584233
-0.583277738687925
-0.03544558333140674
0.1041092038060528
-0.2274858783446273
0.13585882317286807
-0.050144040213710536
-0.8215179978093782
0.7083440976685592
-0.42395238761635123
-1.3617507453641793
0.6909019599551635
0.34030013577175
-0.11843056686145358
0.15163919466742734
2.420438825933046
-1.1742694475987203
1.4823183655510717
-0.405053503642238
1.7454796336199305
0.8135303395413643
0.4173884825304468
0.9739545573569837
1.1066495793531113
-0.7394484328985635
0.7333036374747907
1.0868977724922648
0.2053538284406387
-0.28272195651064397
1.9585300413811024
0.8220921008946485
-0.2626056660947085
1.49018731759611
-0.12596507986299246
1.2263812502415723
0.24085714221972737
-0.8127464061772007
0.4540730899402547
0.2411379573182373
1.2804489314191163
1.4328836619438134
-0.8316846371426083
0.19755634932256014
1.1586630580698933
-0.3581891962089367
-0.15397610099354028
0.9698239700725717
-0.39918127377200635
0.35263065425199047
-0.13996689650870855
0.7793330824996465
0.06154710251542442
1.0920418976839472
0.5957434249206037
-0.1029704678464527
1.0774601755883397
1.265874876004798
-1.3089674661087272
0.9927592368785781
-0.11502364184818857
1.2807679640884453
0.24082736382245115
-0.8256967458333209
0.5197322541362133
-0.7983082429997638
3.6355059190131347
-0.3481126869491137
0.05460943347020191
1.2017321413613724
0.7090784327620063
1.5177979109597473
-0.5715974397917849
-0.0833551248841127
1.4731737423897715
1.2388051258995163
0.39633237492725293
-0.7080683659850876
0.3368041439960801
-0.5030778669059723
-0.017289841041494322
-0.09688413355120183
0.008148353900614996
-0.1452926872675969
1.440212874178248
-0.015736216617294047
0.6570970608948381
1.6732402058924496
0.26858404316059914
0.4767215827360455
-1.066962905626316
1.6015712997567655
0.03475866746515802
0.2533088139761588
-0.10542707912302067
0.06251892021214535
-0.1956359213942216
-0.7285442213428476
-0.721243966562404
0.4851106408920796
-1.936430633264976
-0.19339484164228318
1.6835083740669474
0.15884766001074085
0.9494653404375649
0.049864995800267806
1.0104838768233948
0.9567627757024366
1.8161226868827562
-0.25796886900069194
1.2926113242388997
0.6189723288657524
2.00760566990657
0.06596626867177313
-0.2684442106314999
1.0824195219188901
0.7910706670399993
0.027686511300100546
0.6869220236849387
-0.26283677228059654
0.6883841037394229
0.5890823936750844
-0.4526868320111263
-0.4227825532355221
-0.6750505763903282
0.3809628411362961
0.04985649601209444
0.11247848577038119
0.9368017801544087
-0.026221830270410407
1.523028409616766
0.862368038710048
0.5427090320071781
0.19454108180064184
-0.641578245173752
0.09138798679575512
0.2075790891423722
1.2146766028404523
-0.19494968976931082
-0.11119704525966723
0.33371795867692294
0.2886397883666725
2.105371317585371
-0.4931128562401261
0.9464012310213468
-0.16258685011055338
-1.0223503221546688
0.09024966741034035
-0.5307372268996149
-0.6717722991848698
2.3585713457208897
-0.7781359428433174
0.6055404006083954
-0.20918079802214512
-0.8506273342860325
-0.16194587203734845
0.2926978697780986
1.0104692286981711
-0.24800060439487198
-0.4999648674833849
2.528370263908188
0.681608747027335
-0.24810542603471766
0.1606956365256018
1.502922633334776
0.2803709687360056
-0.10054131021214627
0.24725067508648754
0.323090876650535
0.5641957068791769
0.8948293971948578
0.8993819122173863
1.139685027891823
-0.44131303720945414
0.6446695720864717
0.3049749191566732
-0.30631801448031865
-0.32612242069970715
0.3879324348497374
-0.35904581792774665
1.1338883125489365
0.9915560618947834
0.5811428742374258
2.7657289303089505
0.5715219219421676
-0.2461444615122576
-0.693940521171766
0.034852722732304234
-0.3157815179649301
1.5744369506747036
1.7269212575527357
2.0749122229401213
-0.09243155555771693
0.7725405198109443
0.937347680352601
-0.07492445251420213
1.0254947071058436
1.0782121355182603
-1.2781888209179968
-0.5569482511039091
-0.24503322028042193
0.5803759457305594
0.7771037376073809
0.08984127695089267
0.9060522685967994
0.007566262364568034
-0.026910123620792883
1.1888564339309344
-0.6227965141947869
3.050028443018218
0.5611149012753358
-1.4120585665700327
1.0137159107295395
0.41769021178514393
1.1533089611474745
0.6811799872599773
0.7649109124872601
0.39014411359548556
-0.11187584416349575
0.749227169950758
-0.13980477778519312
0.15776535695045124
1.0045067991427057
-1.4453327161567138
2.041650632181653
-0.37046250608416
-0.06234921366087556
1.4349414059479957
1.360400757100024
1.0066733657405311
0.3909221372983006
0.23335924969220134
-0.4492126009792546
-0.6816122002431958
-0.24978429597417062
-0.37270644694798644
0.1548976511658946
0.8331052916445031
-2.3627956640223045
-0.8631709659196092
-0.564292031602392
-1.175666066304983
1.5204913983364503
0.031510537365429095
0.28624850045750366
-0.9840717291918938
-0.5856322031477681
-0.6260643405749072
0.7777621778914866
-0.15101265006535097
-0.6201859471732918
1.1052214025834004
1.3267165438590203
2.068538158629955
-1.3316209940027925
1.2505200665265583
0.18377754624972703
-0.4868387929537229
0.3391007899090519
0.9836341749647721
-0.3893640159614925
0.7357952140630387
-0.1416749635565607
0.005967935196169789
-0.7068874585528396
1.4615716811697355
-0.3051073823494283
1.7565933154296705
0.8452418374719004
0.48357384715431667
0.22683653013515215
-0.9105029116411857
1.263018858584064
-0.04730949840845525
0.5181591154518642
1.3090026927458815
0.9993256113913698
2.313374064390711
0.7326390681660045
0.8033074075339283
0.15766890435252634
1.7204025083166508
0.6241169707388121
0.4009925905487016
1.0745029700491504
1.1228491504141813
0.1896819354702218
-0.24641072445109408
0.8661142923180638
0.5904723487586725
0.3587082571601634
0.3421824421267038
0.0251779781469562
0.45188041097216336
-0.6957872383907229
-0.056582878387904254
-0.41728178721236026
0.5798206490152499
-0.40471753223350965
0.9528920969440334
-0.6796722426936064
-0.41433388592122233
-0.7213688244279942
0.298388540732054
0.29029563973871003
0.9027064754202303
0.8784230564953578
0.34341352829800714
1.388718152887691
0.39758283981069775
0.4936149161939084
0.2366710881297448
0.212400458029628
0.645974691854146
0.29534198515831833
0.21045114196667358
0.9219253007789959
-0.29753895668222197
0.8139803321323308
0.8611530463296125
0.3979396586134512
0.021064796819971324
1.8944077881059653
0.1456960820752741
-0.8408672468293152
0.401867517395187
-1.4225152813155655
-0.672589348425479
0.6323479756786965
0.72858144578108
0.9279464328313385
-0.4115691897412841
-0.18828057678737314
-0.20226438999561552
1.8919174449336074
1.1118243091992925
-0.9223626385432487
0.1736995249175948
0.5751479147917502
-1.025227000148518
0.9790768188563477
0.15105977803619752
0.6215985509415347
1.8559299335586985
-0.3872037608080966
0.44754858509382367
0.23842752969540482
-0.6045984770395528
0.4007853502113843
-1.0233200687375748
0.4640713407189665
0.148473240973665
0.5852222219304225
1.2874831909328046
0.3771073669539402
2.328874114802616
-0.49663888074057
1.1566228483767576
-0.4449998147471601
1.4220357243087534
0.5651999386032983
-0.09783549317283595
0.34842998583049034
1.0302809977207548
0.8283314746754291
0.8846999804331274
0.07025964132886643
0.20246438184447943
-0.06570337782912952
1.800769417997379
-0.5586427093452343
-0.5948892717710569
0.771807803942212
0.9021260852279215
0.9566102952640486
1.5548207236578273
-1.4276620631034065
-0.3576903616169109
0.38778302919745417
0.8611340386306396
-0.2604957175196412
-0.05701634872174885
-0.070126365812739
-0.08638357571944939
0.13981935236038479
0.49174232855028427
-1.0481259922150512
0.0694792361857368
1.204725577471341
0.32837997799226865
-0.5308260321075136
-1.114929141068264
-1.7721225122438935
-0.44354220573168224
0.2597184613932611
-0.8645763160059874
1.2288893308521087
0.12466977674180604
-1.2281547182203265
0.6874536777201109
-0.1147610196640619
0.4033289129253587
-0.35471042765101474
-0.17445238449898778
-0.6454203538447174
0.5601475094539223
0.18126672454239984
-0.33382763842520363
-1.0577066232632661
1.6689822461971555
-0.19276593809133843
1.6331141021906141
2.015566052040844
0.21045976655387832
0.015676932739501933
-0.6249719534141976
-7.412625404869394E-4
0.5715899817740699
-0.9545531835681247
1.0738247528322709
1.3140272488676832
-0.2370467230641672
1.5923271482535395
-0.29901574439672063
0.22956727128304122
-0.36742689254136257
-0.2502240736375887
-0.32351760088928433
1.3839954390579665
1.5534072413039381
-0.19422409500461774
-0.6199032616799136
0.3135226689966153
0.833826217297487
0.5244728517599457
1.3750758942622132
0.6231840552979613
0.04865711083621118
0.01854962285783229
-0.350363242932068
1.6134423371653828
-1.0875362158171111
1.242638912833424
0.6659280175099329
0.19517237945132596
0.1952389324201094
-0.2517243466565231
0.2666582256072683
0.783454895793766
1.0682605361065303
-0.1407835349856426
0.9873424888373998
0.11692205901158739
1.012970103506677
0.4145002611148311
0.2590485295838951
1.4501647911899016
1.5644612824310173
0.386438970474743
-0.450145152832248
-0.28481253283811525
-0.7424113548919911
-1.9012403439307293
0.5079282009495087
1.9490559345603418
0.31602286368913723
-0.9058385794697595
0.24163461058617552
0.0026288062522358546
-1.191392445857994
-0.7640573745610464
-0.11108495968542453
1.6041672574146362
0.11270014572144905
1.1288464715041306
-0.24644317123535453
0.4911978954746736
1.9789262877651022
-1.706283978599875
1.2500985897429717
-0.1567020914121624
-0.4286248353423413
-0.46415750821877155
1.7778047546919107
-0.17341487684191897
0.6991472525387129
-0.7925902869376125
0.7213713503026599
0.7470398722816743
0.23027461469873445
0.137118476831328
0.7466309235504842
0.8549857540199682
-1.1209304194266125
-0.9270010903472098
0.9473347644174708
0.6949715190900232
1.1451824261902546
-1.0021437004078908
0.38192660670549616
1.176087143451967
0.9334056576688118
-0.6023920437428699
0.6876347740291271
-0.4997762405633372
0.6266220634221231
0.6775969529668046
0.6223315756453806
0.5572866248509645
1.5358526975896714
1.3363561814044185
0.799464011768042
0.5452801944418862
-0.7066401573168671
-0.014917186599348028
1.5771234401238636
0.024924191867287254
0.19635214885867877
1.1365134674387571
0.4193239276906581
0.5891772389181605
0.5997731978538724
1.1350887314579574
1.9464825386475237
0.814291968896706
-1.0482266102584987
-0.605253742033458
1.039437803866673
0.5725332461015225
0.8826412450104193
-0.3838904818444647
1.4081068451911678
-1.046648241466268
-0.6321402223060888
-1.3285998120302094
-0.029114816042073968
0.1305200428121354
0.24776969085865083
0.7070656804543564
0.17608831271364545
0.9061666086810393
0.3363263075405616
-1.8909431228380005
0.30851857061245663
-0.13988316264361672
2.23594749217547
1.3187050297435854
-0.21576103742829705
0.3534637691466007
0.023495462024466143
-0.03400101283095581
1.6475999853714314
-0.3782982097221639
-0.07441616955542907
2.0232109745483626
0.159945480587214
0.10984279710736851
-0.7674095485145792
1.1699584018165676
0.17673936099904447
1.1480094547675963
1.0221947797377668
-2.25658782958228
0.6209003058517324
-0.20407638204806214
0.1461838492276574
0.5028160501771708
0.5474394987514313
-1.4827366037220724
0.23716376726004695
0.11917117038384208
0.16395310027584917
0.020878471353348263
-0.6549069209339735
2.467547427362321
-0.5836856939790762
0.9023653004650507
-0.17556220485761198
-0.6024553750494844
0.3708852707650331
-0.043421387157825536
0.3522252887157293
0.7554288074518438
0.8551860066031861
2.29184226593294
-1.031543585722573
-0.05670198533803361
0.43439792310738073
-2.042367532005867
1.4374778514338966
-0.630671855188218
1.7005248707081824
1.2450870136653538
1.255643826122168
-0.7302764828022519
1.0796874214777346
-0.13861531908046018
1.5511278184527963
0.3930055270820288
-0.11429907134381306
1.3165190587569569
-0.25147687345437697
1.6818040526268796
-0.05905041493985645
-0.7448490987067846
-0.008319415149919934
-0.046032502476426485
-0.05161812751850317
0.482013629289063
0.18635456582686233
0.8553655708213878
1.4176767304759759
-0.28126935677919435
0.4959963372789902
0.9330780882890345
1.0867955620985914
0.21122780879666697
0.2883585251079268
1.3003626795970946
1.0226774092593345
-0.5973295111181717
0.21316765163703494
0.20764235904369804
-1.359129526176496
-0.35029832429988533
1.052925916731144
-0.12293070410635948
1.5797301710430842
0.019434108657475982
1.317960261931403
-0.9544141231747041
0.5656431692215391
-1.5408250108052404
-0.734213344165
-0.8437928806477131
-1.3568339408680274
1.6933510089362949
0.39900944220391926
0.16925938055791878
1.9192028014840163
-0.7321083771428464
-1.7191567073458265
-0.48844544996208306
1.6593788476678122
-0.44294794784708585
-0.404752025738036
0.42675196478163274
0.5154742769841233
0.43220469037859455
-0.24232987639458314
-2.6307388998965693
1.2673392600437765
0.9469200931748322
0.05717365767407209
-0.013589223187217517
1.214013342554191
-0.5004467916778711
0.9017200517907288
1.136675390488796
0.990748228522201
0.12795602578568518
-1.1606785151490624
0.05802036746352311
0.8391126517579418
-0.6436155204435017
1.5632423899443688
-1.51975661375641
0.8264421508955457
-0.5142661071262478
0.49518285732126804
-0.6494137777433666
6
1.841543495615209
2.235117317869578
1.0709717241459527
0.6515166398379162
2.0249116863098906
2.2315814998564107
1.0266632604985892
1.20754783254607
2.030954969600634
2.526278881535809
1.0127350387701008
1.9611371122942218
1.942500874587645
1.4195695482331925
-0.07248487446933584
0.9339749189994124
0.06873478710707222
1.7125217365205734
1.5217960726366881
2.2634599885063102
0.7907382631926583
1.8602877205809614
1.7461335194851937
0.20988569851457992
0.712858433867827
2.550637956151869
2.5183373182386415
2.436619581356129
1.7815983694684863
1.7794022399550649
-0.1071982266376965
1.6482018752304095
0.18102183018153506
2.15868371370154
1.1349039521747741
1.6953774899829668
2.3330484508253546
1.3456743001928126
0.49871923398123325
1.1148374946454709
1.258846046152527
1.255768882225758
1.2782233482735275
2.805076547894293
2.316363745487476
1.9137073122419375
2.436475543987293
2.1104706977487173
1.608118239309307
0.5037047533722186
1.0549309234808388
1.6566345965956968
0.29531464221881343
0.3410874291838299
0.9485554038222987
0.48855287353140003
-0.03384994365480756
0.8968910048270202
0.15205087577170337
1.9937489532964108
1
-10.466444655332705
-9.819674074814019
-10.28165092074146
-10.264818499624136
-9.95298141006934
-9.211014056918518
1.165776344332876
