80
4
19
-0.28782506868336316
0.4205226951514623
1.0419731927910252
0.7267274418707892
0.3473679064677529
-0.4189509926842089
-1.2265521015922516
1.0294306157560138
0.16712235055528485
0.07195957392457834
0.8565632989204144
0.30526070561377283
-0.5715493718764222
0.19096360174163046
0.5231682265868085
-0.5633738675934346
-0.759254127777107
-0.9229844312237644
-0.49105512640085197
-0.09522018802436358
-0.7555139092288734
1.435469923480989
-0.17152576094535085
1.6071099914382532
0.9263106112877076
-0.04725562713808174
0.08226918181546997
1.2822693906712164
-0.3667541563033488
1.3127709824245781
0.21424852451031684
-1.0882145010067434
-0.018592056437031337
-1.2233620994663625
-0.6205022748642551
0.7752044555922898
-0.3792447022268877
1.2454402353918246
0.2746262894057238
0.6035254346447362
0.3736319601003688
0.4869984948306275
1.5524156466781667
-0.49827289038968325
-0.9544830795574885
0.32947513590705485
-0.7572920968464596
1.1370000393031918
-0.2683589876004083
-1.5918855418287534
2.2000731960681352
1.1363991497611
0.29311701038291677
1.057848970327909
1.1302663481995372
1.4799054566060779
-0.16294092889119857
-0.13463792062668797
-0.5164434944466344
-0.29185989938367213
-0.2625037685874191
0.05130484619567726
-1.2372849679547533
-0.7138922618967729
0.7301691922077557
0.07252631991657298
-1.3291496060264039
-0.8472395308670593
0.8812255834654749
0.3774634411030968
0.4426873724586368
0.17981254353405546
1.3568575959707132
0.023856265084413762
0.5719984108908134
0.53764897065427
0.7854168474087422
-1.8055143666476898
-1.0525411055746554
2.144718665973598
-0.686142047149503
0.8536049260631149
0.44702613981427064
0.5018727826246898
0.3903948423196238
0.2601965159144972
0.6227870184359727
0.19457722556403248
-0.3927053543139492
-0.2709599915832751
-0.1185407271773162
0.549311620909355
2.4249401525691647
0.9135063400721066
0.8668549183302712
0.09312572025798464
0.8416646385311869
1.2066126366987149
0.05491607881591688
0.8124862844231547
0.3888732422599717
0.46448153819285914
-0.014545578968762046
0.5516565143593467
-0.7003251617393875
1.7206218228548478
0.16766297213569192
-0.9234202675106771
-0.837506181796288
-0.18906705180412106
0.35878044106706386
-0.30259089046378806
-0.8271472748458998
0.1821375511192903
0.9165275349928163
0.004387049770731021
0.5132582796556677
0.04910800541400896
-1.5200990060976376
1.0115137105294596
0.11890918657697228
0.3916810655464
0.09399520661958183
1.368212477451934
1.1856860110307466
-0.4995347604994419
-0.31811470349483406
0.5129047196790018
0.9516841349657851
-1.1527360309599939
0.6744172107868632
0.9017002887719777
-0.1312534688820505
0.8103781410173647
1.486581519844421
0.5848125235607008
-0.4039833776982087
0.8044193039582431
0.3593341774095875
0.47454946141656634
2.3638760602122715
1.8634272228145092
-1.2402854896796636
-1.9205877143381411
0.37820241183245645
-0.46859318814525625
0.28465338454426714
1.6938387500842558
-0.8605460544419751
-1.2163116585811773
-0.22429571379534274
-0.45520979883169144
1.4680427557352718
0.9443695956900817
0.3120809532165298
0.5646696615241843
1.4635545792727769
0.060709735442541185
0.23262083856309684
0.6010312166244453
1.2787248979887924
0.2995741898916349
0.23149464169169282
0.04281866709572349
1.4668672588680294
0.219390660034091
0.3096065304949852
0.7126836302552751
-0.0010352815535581358
-0.20041944068072287
0.132478508403462
1.0290802401244765
1.0084191221871612
1.2523157857385765
0.24789592061464555
1.0320576493630558
0.3601373940913351
0.6957504545937039
0.97198106457731
-1.2278113332928022
-0.04759693005482851
-0.3723046954118578
1.1120228847120004
0.9286978067145626
-0.2239121619427587
0.1259044071636548
-0.4290736112273227
0.14897887977917193
-0.16847949622133712
0.13558252906152485
-0.2257766096864382
-1.0430088597857323
0.94168718212225
-0.5525709210551291
1.9643070593748522
0.15113300464399584
-0.38884202419468583
-0.7987914869712424
0.5667095076985983
-0.2144399657802526
1.9753683042558676
-0.6971467971942363
0.09302713907261936
-0.6200501000288247
0.837900156317627
1.0264479677376992
0.2438370359140818
-0.6458873434912633
0.6761588167813873
0.46074535846609405
0.8295379163873097
-0.4425683799515861
0.476199560549995
0.8436089960225959
0.439535998626057
0.7563365186853782
-0.09206501032291972
-0.1617885586114837
1.2821689807420404
0.04050601405853502
0.07906308002948567
-1.2656569687891595
0.173435468145952
0.21436966383552775
-0.03193330047869152
0.9349464157851048
1.2323815641767517
1.3074151711090238
0.8794986343945368
0.07439212539662624
0.16917279580773834
-0.9904589074280278
0.5127875982037244
0.3818852900806812
-0.9460005979578496
1.9845993690837576
0.8243855368710404
-1.0718437856883059
1.0488274800188484
-1.0059120116615228
0.31635334333918685
0.07503508866759828
1.13662853322513
1.0599583424299848
-1.1313759200515017
-0.4508165668111301
-0.8442774674634371
-0.3381714012531065
-1.1216916404361144
1.154111643166669
1.1969011443946367
-0.24399736094885616
-2.0850081614344274
-0.10640988426111427
-0.2155345601167558
-1.7444698897537594
0.4754489059369048
1.7100140214734225
-0.09579478909375053
0.4675940023597918
1.1294582019923287
0.08516213456917898
0.7348225121167341
0.05055523608483791
-0.5410823084454407
1.498083331964441
2.2151235630197608
0.3308434111525137
-0.6763643926261874
1.4075076697507567
1.6062616991518948
0.450429465124551
1.0337498667872564
0.20891958482957598
0.46359423033109987
0.22626516710858918
0.2989631492691126
-0.35730809680722536
1.9183086297304819
0.9219211451224594
1.6208660564669244
-1.4859954507625148
1.637767783757967
1.3069601274130054
0.29299572561533815
-0.4732849805286709
0.1493098424774856
0.12462235547820583
-0.057438486004215084
-0.12894626208338675
-0.8388148723032944
-1.0737208936634823
0.05915906633058732
-0.1681660944893666
-0.11639289963585524
0.5220565991716333
2.2316690446283407
0.1989423030335558
2.2377702133643815
-0.16843575363044014
0.6071997851645675
1.5564437771586863
0.002383234670449896
1.2159670588846494
0.1436873678320946
-1.3712873914698998
-0.29860550652147805
0.9359240369247639
-0.2862386727225034
1.1670461520187352
0.49627914602795464
-0.8134595605591065
0.7299514747648366
-0.5446203468270365
0.2922841206257747
0.944530230899215
0.5021726665416595
1.262673317182071
-0.42268682246670286
0.669340087132938
0.7372624740367036
-0.7323339036598422
-0.5185933685423637
0.30230883124536784
0.7528977270681129
-0.8516584412362677
0.9991993380115435
-0.20131678764880012
0.9245125501593862
0.014552522764705991
-0.07021250225800311
1.047667573287086
-0.796510175409399
0.9896808593456844
1.8810273545539586
2.1696025800827505
1.9995506131021477
-0.4730855616608854
-0.28155272355049527
0.5365041856043534
-0.24831980343923837
0.34033683924758973
0.7286324044903836
0.10091729984262762
-1.225193101872008
0.10727777391229949
0.16501351464654512
0.24109062679727794
0.7402122023866125
0.18132824041755724
1.053416920284305
0.22043192930064429
-0.6602840330100247
-0.8603332345456159
-1.1807407309138276
0.6130518538683027
0.7536813455250136
-0.40576557031330235
0.952609670061489
-0.34502491864603824
1.4795252856704904
0.1345600716978424
0.14022969796685864
0.1476302744323821
0.2856785743514139
-0.6654641967210227
0.5775031467502126
0.715821956496678
0.9166707261240927
-0.6777214236455353
0.5605878307489679
0.2599567581648618
1.0820223136184546
1.1934568787151454
-0.23074836314557232
-0.5722930170174751
-0.048983920131195305
1.4021684833925088
-0.44682477792078557
-0.905440236197915
0.2969575293037022
-0.4837805026937029
-0.577101566840226
0.29343556479679234
0.16099028285376116
0.9380109954093655
-0.41032326147106885
-0.9541422323741737
0.27959149991877297
0.028451677786513623
-0.8316792991268227
0.9128488651100898
0.39746906905866963
0.06821345928659056
-0.1537095201927398
1.1801529637030808
0.5407775347546191
-0.3298925801711684
-0.20701907955724888
0.31185224020170554
-0.3103461458094091
-0.23934648324630303
-0.941970639157177
0.0635922323830902
1.1294383643355377
-0.030931889959464075
-0.2177068808530907
1.4091835619225308
1.4250937995753439
1.6047530998834254
0.5491456623800657
-0.29137730452955224
0.25381221879735294
1.5757779260039324
-0.6549776922967804
-0.5879164207940839
-1.5174280976650862
0.2542876268228226
0.6007884014749628
1.7741090165284137
0.3206559600069614
0.25890721268554984
-1.2092491182237366
0.7306554464788519
1.0774447620639231
0.10251142392981862
0.21242824062884538
1.55719113529325
-0.7780009360696297
0.036050173302935765
0.6207968237656696
-0.41262062417750034
1.5894747822727975
1.2668625629980996
0.37148534847658793
0.587046934643163
1.8998891266385465
1.656502679832501
1.1856938713889984
0.18217289308129045
-0.8147004292048275
-0.9367389481865045
-0.3934564388466184
-0.5334051623748989
-0.049727272093155854
1.0466402095796417
0.8459474049722725
1.098839082703213
-0.7568210807255686
-0.459051384763647
1.0455729349049094
0.9019594525442589
0.8084468792722552
0.34355080544377975
0.40169290120477236
-0.6172559596607069
-0.7091571993615292
0.3303611933990583
-1.0780134811758013
1.3100927266845854
1.9115089520513373
-0.7978166094914554
-0.2587578004868525
-0.7204505351218096
1.0878420210628368
-1.0812274237215425
0.9387677507811321
-0.4506175967104772
0.9482666355811579
1.1535419360796038
-0.4611011567674231
-0.43455799587592914
0.522762782943379
0.22010910104343234
0.007316191042365874
0.6173667016224621
0.318513440801994
0.07858901034897367
1.8696353504423502
0.16079355174620846
0.9134398122079791
0.8248040178131916
-0.07530982437279252
-0.30863997354664857
0.2789848065274918
1.1608607489160836
0.29757427533926895
0.8037924541285795
1.5256259518758466
0.14124051402415247
-0.35736553105493063
0.12592776423738652
0.14317640651392383
1.8047223720174517
0.5111695104967882
0.2940888399620205
1.6640385028314322
-0.11059280175277032
-0.2864163302414824
-0.2734885303802163
-0.31239957337180824
-0.26672709086583746
0.44277784312525925
0.09927988616994493
-0.12980366782079028
-0.6461255490794762
1.0194457580312775
1.4043305285622578
0.25829599881819504
1.534087890814411
0.3284318708657667
0.28119821539406387
1.9873348081042526
0.0757406982348358
0.04695409693677796
-0.27680082302514575
0.8217617842495185
-0.06210871671037485
1.055365012893894
1.465550900683348
-0.788109736919813
-0.0017342944371370496
0.22025547960306932
0.5734133485848412
1.1422163505875438
0.025799087250539678
0.6298723687068712
1.1257284826846037
0.13597982962101807
-0.44245610088184006
0.3092737483154111
0.5663961627110364
-0.0025286737689634315
0.5492751234595542
0.1808909387172986
-0.04152805914325296
-0.6968305511231472
0.5083190835654745
-0.4431160506697057
0.2074009347489458
-0.48809366718894154
0.9133043321061732
0.05598476232253706
0.7582125144419596
0.576829806083997
-0.6108608033660956
1.078824365703382
0.6221290805976223
0.562264762205429
0.12737037144462401
-0.20573386997308526
0.1730880832512105
1.8200673736758841
0.39353823676849536
0.25336534400132665
-1.3010262744184367
0.8092044388248804
-0.13896786244672726
0.9530233688689632
-0.5226253287887043
0.2614188882484443
0.2720279531497423
0.33565925518011897
-0.6674927741810956
-0.33126400615099927
-1.001096854772288
0.5389828472950039
0.2999920192650738
-0.011108380150468902
0.04200783041061864
-0.00429168777665262
-0.6230394885943253
0.35853893963388933
-0.19845013352474306
1.0582667838348572
-0.7549919581031584
-0.5941399376394235
0.6593803472490374
0.6826897180185751
1.6271502563547602
-0.17115402972918128
0.02035574580850158
0.843843685687259
1.1100158000956646
-1.0381190552907278
-0.5994111740594856
1.3604978768317884
1.1623015057754345
-0.5374302169913521
1.621587078397668
0.39690545513259784
0.9248989529216556
-1.65388845453041
-1.3766191882104963
-0.5800096477425977
1.9672827819798124
0.03244139278005435
0.09218719675132735
-0.1594951218196613
0.5004425310636702
-0.2779711751539119
-0.7851109848489443
-0.5267850768133131
0.09093722143620016
1.0308334441990625
-0.7067667652071401
0.9981504839699379
-1.1010735380759225
0.7389804851781363
-0.16861088795389434
0.7278952137551775
-0.4115929051169363
-0.11804157496927142
1.2400693429042153
-0.8775496604963473
1.0536690876342436
-0.5067360008645273
0.05074791776284582
-0.16412384428315452
0.48409399639004963
1.1330339486998429
-0.32111305016322034
0.2665174884383333
1.8102524318407711
-0.709173216754376
1.3640552463983333
0.9891525968541237
0.6535425233540799
0.8221990637254657
0.43102573928064103
1.6484863665534089
-1.401995471294053
0.7988105386966045
0.20258800964422463
-0.921153303121711
0.8784425434180502
-0.03834848287519124
-0.9838454241235675
-1.2506851509467856
1.0820941214874618
-0.21884114526455428
0.5924999415861406
0.2009394309576369
0.35653658442607894
0.30409775916754556
1.2847361046854577
-1.2906994867047343
1.888291399300146
0.5995876567363199
-0.20283921395389487
0.2997645738445472
1.3053101749708338
0.25940274350063286
0.2899141202414968
-1.186376279668611
-0.24146816597669665
1.091606422374546
0.5543014593679485
-0.7686299353528085
-2.0392101557078117
-0.14404847620019867
0.07145629321132987
-0.47845930198027187
1.3955564247100767
-0.5172221372217622
1.2055037818075207
1.0338007316112623
-0.9540556265591782
1.5606620444192347
1.4843215304325834
-0.8062066653106249
-1.480276008471967
0.1353825812499737
1.204780610183999
1.9931433616092904
-0.4690427934381984
0.7547201634609021
1.1676302886805114
0.7372738148885444
0.04631294975891241
1.2457576922432907
0.20854248062725173
-1.8712468563614766
-0.06644078945474644
-0.4140222172450666
-0.1129723246546388
0.348226022762894
1.012543763263841
0.4002687526447629
1.3686244698520043
0.352492110927965
-0.44305499242515634
-0.036763061247911066
0.4473525384450797
-1.0105192492621828
-0.4652184112221895
1.1733739630801185
-1.2674063590102507
-1.8052986558700783
-0.029123950178152537
-0.39848538881685847
-0.5969426533011226
-0.3984929104409161
-0.7866901069557689
0.4268027553841024
0.09524792303102671
0.6719575352209817
2.045777802806656
1.0200961459620854
0.1991651134908736
-0.7501272343641041
0.4976425256120076
-0.8021439890555018
-2.1864349197989723
0.837866430693005
1.0834233748131532
-1.0419087542938683
0.5703603233285769
-0.49021750703662026
-0.11612139997458652
0.3086332628063684
-0.5528140016016712
0.8069029515302916
0.9141599319904239
-0.4572229423820802
0.47073016078191693
0.18391097322160188
-0.3938327623021648
1.0106883496146972
0.10659160664451345
1.439915707611862
1.7769368659034708
0.5362305909175887
-0.5653741728007341
0.23058914826405894
0.744685855198188
0.35492377892234206
-0.38825103876006406
1.3124635756975873
1.1274473270465692
0.3725442786115566
0.6245397407973602
0.08346540165451209
-0.4899431769258173
-0.45306930590193933
-1.0985724281304035
0.15259644191182486
-0.6703542783465534
0.2794102621129995
2.1090085021563887
1.4006577416554635
1.7593489870167263
0.03609264731430557
-0.8111387142440348
0.6669975857647951
0.6856033145216623
0.6368809779816959
-0.6088557002858932
0.6764511601137265
-0.18473598219948814
-0.5192525911464203
-1.2724998400821028
-1.231359611225133
0.1785317906267117
0.6988250552455894
0.9289943438021437
-0.378843135187621
0.16585862580387772
1.8799367045569995
0.03375725159987023
-2.0254094616731644
-0.8402394359426923
-1.0486189486151856
0.36672154012883046
-0.19477410380530238
1.6454552600096657
0.7815339232475221
0.5513202545427832
0.8184687582522641
-0.45839211089258725
-0.10504080664840572
0.5885287505286618
-1.7579750211371947
0.671092741321492
-1.4816716858426786
0.41136882278751274
-0.756040079322938
-0.2286806740035754
0.9248354179602104
0.6021799558668713
0.18680816313503676
-0.45901775232928776
0.9817002669900027
1.1534688590834195
-0.9274683696070531
1.0403672080604014
0.0736468906328709
1.0326559068255925
0.2354546749714711
-1.0599773038595814
-1.1354464572577114
1.0164222964286485
0.4510854800700148
-0.3565290891843417
0.6009034478111461
-0.5704439650596022
1.1238636635479344
0.5614614434199938
-1.2000916416109508
-0.14484352002588388
-0.1239975765044406
-0.19790026246605127
0.7659681146786771
0.5699748842515329
-1.0412963861555942
1.4512460814528212
-0.5052548601407522
1.1655673692396518
0.5037478535999518
-0.05128659775746737
0.8962490264712993
0.9952051594275622
-0.08088153911533652
0.4101606653040657
0.23475135584495493
-0.5558202676380816
-0.7862949987825762
0.49112533673148273
-0.4246247263962647
0.5544132311476587
0.7313764779210989
-0.05643517835385137
0.717422949530006
0.5463755252249659
-0.6310303396219438
-0.8685827248064928
-0.07416617889741699
-0.8664318290639775
0.18088372935623037
1.634700331705035
0.010600068463566578
-0.15673999620461726
0.036169562892198845
0.05475806535911502
-0.8325157602167752
0.20273649095629054
-0.4096257942464189
0.4408555046287695
-0.24754064053037328
-0.5453627871652922
0.05656993364120354
-0.18933109043184437
-0.2031303649942683
0.519480178654365
-1.4236981876357722
0.3133281669900793
-0.12563238388166353
-0.10411740862150234
0.3682043100303555
0.2618317327942385
-0.24568808147933388
0.43192082345374105
-0.20987886493012964
-0.1365039598032639
0.4035645307664024
-0.3847024836464831
0.42083122400162626
0.17747047270961142
-1.289039336686162
0.6107091171280024
1.268488242284632
-0.02849204952649184
1.04297384567784
0.3853920579630887
0.42731760333759783
0.8089726842429507
0.5299809882362707
0.8717778414755173
0.2384190560571472
1.300081133863253
0.2710862287259234
1.1909709705443523
0.7140716470072296
1.397627057341031
-0.4192567576077756
0.3600230380674991
0.4997261467009228
-0.032681140441813916
0.31093517496605066
-0.5267849577216817
-0.35211175576222475
1.2465847193590296
1.5404961430869415
1.0930487706943013
0.8944338600465794
0.6223647587001991
1.5601623212853493
0.7094248977297137
0.09304376853334773
-0.6159400863731541
1.1666245827649147
0.9310607322654844
0.11256574941788199
0.9878663858280027
0.3477149937208851
1.3483616272591739
0.4890287131779604
-1.4427306990698225
-1.1817554422207364
1.8777373554674572
2.272402912453206
0.28033237338272143
0.8839430740245366
-0.2525577558531936
-0.001963277383034631
0.7825300244413973
-1.2174567449933882
0.28596926342399787
-0.6840203284680029
-0.4367580594281645
-1.0722974880755576
1.1385341989773363
0.7948005787472068
1.42719227215438
-0.26868228712590597
-0.8342007496943726
-0.6758840752706778
-0.9721364335546523
0.1089601048406234
0.7482154150143695
0.2998528068078321
0.1612042949180797
0.3916603047799004
0.26487765148179654
-0.27172859319642784
0.6278350422303287
0.8045886703939064
-0.008427008526582472
-0.475267485775662
-0.14426611034086215
0.8261256368156147
-0.1446752610334044
-0.3660396540676004
-0.02123554343282919
0.6081822940751134
0.3186849324126402
0.8899865875855604
-0.7315829741343235
0.8206230449086575
0.8155519375154142
1.2091733340221753
1.3497928020548942
0.6417330463936703
0.9822997578834848
0.10023474344050681
-0.18701777174873105
0.8808364479058884
1.7687883665360886
0.3393304932859653
-0.26433688764951224
-2.190849405386489
1.401715378010016
-0.47505144726535947
1.1726676675581995
0.11985708999237497
0.2937866505986119
-0.7707202963250195
-0.3070912328989556
1.0036970215915133
-0.24824251401287242
0.9623396295304952
0.37529191720352184
-0.38239362989371684
-0.2312878676680719
0.15557287898331532
0.9637260649854157
-0.05705183721765048
-1.6838358185042086
1.2129869945950245
-0.6347359423880458
0.08170669010017216
-0.258374275934058
0.47806666853301005
-0.8633387715789926
-0.7887117512006127
0.6927309467780352
2.115293608517181
1.0888405635747065
-0.15719276458264986
1.273681881566969
0.35266215419853175
1.64616012665426
-0.21688716042970002
1.3916262283341416
0.9164319674651639
1.4682867451833523
0.1445188008260048
-0.36226801872822717
-1.067971160555167
-0.5974039460550693
0.11574179111550058
1.1896572042596785
0.30321784367849514
-1.070745346946324
-0.033771753259660905
0.8379853407034755
1.4621593994437516
0.9902049897050856
-0.8899890376988333
0.7540991049553847
0.23331046124588212
-0.3664304549359128
-1.0750933023853009
0.04083365486139603
1.2475736545515896
0.5201218583963504
0.568173242142318
0.44622944389874786
0.15492290118655533
0.4603331477766766
-0.28079138557345795
-0.28443723846407204
-0.5978642262678061
-0.4837770873565774
-1.0461745207891546
-0.4253145678136735
0.6507991809995168
0.5127860159410537
0.02273152126085478
1.7857235895872412
0.04454228511075842
-0.16676091677474056
1.428862481734755
0.2962571608918952
0.41942260635007084
0.1915127495635573
-1.2049638588673965
-1.009305559744537
1.040853263071728
0.18988732151797982
-0.22020150284590184
0.15213165653223598
-0.25304349517470787
0.6907599583038696
0.2331293951906159
0.22571046996174263
0.14233078870119514
-0.6826641949021441
1.083020743434369
1.7088186577148587
-1.5336549280167748
1.0462673576526988
0.3104158092484948
-1.174756787197953
0.1396631665967657
-0.20487422869109548
0.8539523107000314
0.05460970992988961
-0.7094280199980239
1.4041108092815007
1.563974891343268
1.1452504936570251
0.032092748978180374
0.13295030917064302
0.30428628696255533
-0.05780734419428972
0.03876114498315972
-0.8260328226333696
0.5901827866685203
0.10174540868737955
-1.296240786486222
-0.7299078982611031
0.9415128054353957
-0.5717271343779255
0.7624115894862256
0.12572431690248922
1.5736078205815054
-0.3350835965406035
0.8046896996675753
-0.8113955777812231
0.6425689004577069
0.7802510763903852
0.6392096216393859
0.09805373151858528
1.0479127363935723
0.3765817021834804
0.4172947447144488
0.4366594434590493
-0.256410322226651
-0.49093417283210056
-0.003895942834968677
0.184839863522093
-0.5332342974678941
-0.662188794010415
0.42817319506124557
1.1599197673414414
1.4834316998191666
-0.5725508210711667
0.04454666201973051
0.9489163003559111
0.17097123706567763
0.31147976081331047
-0.051489824093961516
-0.8776150033366882
0.7586552174780696
0.1762570818269173
0.48716878934925223
-0.8283443030304471
-0.35163550857735637
0.9466724357538453
0.1557267975721961
1.3434141993512796
1.66020521159913
-0.4291846928381537
-0.7341592754065005
-1.3822791434705073
1.1875048169908529
0.7734969007672587
-0.6043476244396345
0.1911972270129783
0.5885486476735068
0.7393459919602241
0.9883647481090648
1.3844381668953019
0.16962557744810997
0.17252727794124695
-1.4032183660957163
-1.3539554836702998
0.6643093621860475
0.40408349357673157
0.6905006189550109
-0.04611024359020864
1.141267519794171
-0.43090931423206946
-0.283060899019329
-0.22743666660105255
-0.28777676576835326
0.40355515439561124
1.1153729224298645
0.7554819803451316
0.9404578056910005
0.7746748369723879
-0.06931128868788755
0.21613104156815063
0.03581121075353755
0.9211616816248517
-0.39315043639362335
0.7909228366195045
-0.7078951418147852
-0.056585918455962406
-1.08404644441068
0.23912281321887088
-0.34454664056904066
-0.18765611466956228
-0.8019176834959346
0.34826348426212717
-0.833794832224918
0.47413886477010697
-0.08564896260878996
0.30750627567955263
-0.06784572736087456
-0.5040156089330328
-0.17104831638517787
0.11238275454806562
0.14193234573355892
0.17269336071423588
-0.31076007892232793
-1.765627574718722
1.1130418204732748
0.0452965747530068
-2.0863910526272513
-1.097858198715891
0.868501932129521
0.5474074944534926
0.9308101800544687
-0.19222631606676036
0.3795038974013028
-0.16259977526134817
0.6046511237130301
-0.8092912756758842
-0.12880454531668978
-1.1963489774971214
0.13893596302910244
0.2539562436921561
0.3543284576195205
1.3432834284405417
1.7852179634887326
-0.01834244924629655
1.902556179067008
-0.3133004241009253
1.3924201996709893
0.18148358478920076
-0.09564483901806675
2.5412936285563283
0.16038959193370983
0.8431003233745188
-0.6295214452373006
-0.12838151890362656
-0.16747833648528776
0.45084178339693204
-0.30213681050224717
0.33090644746012976
1.2838875162074208
0.7822696213038312
-0.6553763986606029
0.870353613833162
0.30218675913907705
1.6017833869952303
1.2526151789191358
1.1104837435783441
0.10776932622513194
0.6097148593516027
0.9431529820728382
1.5202869863899338
-0.39910252514752675
0.8538457391485414
-0.315913805234797
-0.6611376260566562
-0.3655819295889422
0.878563348458033
0.8910628471081301
0.18915002917338614
-1.0067099315787966
-0.10692612728107156
0.1560589534438561
0.6718326810669983
-1.2043348592089789
0.14293108755943235
0.13156277482511805
1.984993483086151
-0.14276860017060772
0.4683655334024989
0.26522433106960647
0.04322059184889505
-0.2977524201571993
1.1100820965035558
-0.420055621186628
-0.7295767964765479
-0.060937432216904494
0.905488962490805
-0.7428105550696097
-0.8608273189494086
0.6804192861099373
0.48524283086287157
0.5972366160172966
-0.8704972573740418
1.8793979934913556
-0.7293019040398261
-0.1703708898231642
-1.2072407604573092
0.8942615713769363
0.7889108322543912
-0.06585135111061946
-1.0530372030321133
0.23306451381251309
0.49403775682809065
0.6338792220997054
0.9588695311202504
0.04555209050395992
-0.10836371658495736
-0.8486502502882313
0.10330738883198533
-0.6227425275407301
1.0571374889384784
1.332461492251657
1.980539842714317
-0.5004095067069421
0.18967463473684212
0.48113503433700544
0.6786711277219022
0.5068635646427718
-0.11244099073744636
-0.6112048079260878
-0.3609168617557881
1.2735568043025964
1.4930173487769498
-0.4744727882974777
0.49360182171733236
1.9414991450910575
-0.587253825599871
0.1049560295729571
-1.776403671146681
0.1324009800117676
-2.260600705892008
-0.12794627065725028
-0.42239156680457707
-0.7897652646700456
-0.1862130249102659
1.2112399327793753
1.2170293440273732
-0.1436884988992081
-0.986852090283483
0.5863568119143245
-0.45629751798438456
-0.4470892775477019
0.2798841877494445
0.1525008991915388
0.08449022703450212
0.788949807368197
-0.6139479015761556
0.27078813711899313
0.9746716804768867
0.6209992796784893
-0.15771861391803527
1.0214686782179512
0.3304839201318542
0.6840739375106095
-0.517845665885971
-0.20266638336570703
0.5253599503620883
0.18036698553270292
-0.4382347863811449
0.4973048200780959
0.08348812105911577
1.1235778839214978
0.9174021813471285
0.36297760860121797
1.3269767473202272
-7.133134054574403E-4
-0.7715562240467431
2.184926765663415
-0.08011811697153884
0.08707532146295768
0.4933992978780601
0.7930402515319674
0.5310397512806113
0.12540114468201335
-0.3085111972363259
1.537579592530766
-0.605504891345799
-0.32960437901439354
-0.18090556226661159
1.857068453826309
0.5866700876355733
1.1907063281856267
-1.0318022000549383
-1.3833921737927704
0.9632363475931944
0.31985845464676194
0.016248025882799305
-0.2849950303114122
0.3204989472049985
0.6312815942659581
-1.0412142147433723
0.6655061101550405
-0.5108020780276218
1.120055416305976
0.5706340361631548
0.32837751103684604
-0.011545001124231402
-0.36621381715043133
-1.2390520627494765
0.6088472331845257
0.5450334979111597
0.4036814435686277
-1.5987813391250045
0.2979956298211124
0.07836656893618463
0.510790485742046
1.3899829807444815
0.061014668029954186
1.0885289653381856
-0.6162722938459191
0.8175507071095008
0.3513515906772725
0.4660427043706709
0.17921684893564643
0.3940989857444154
-0.7847168369660454
0.964464613545485
0.7208442471526567
0.24430730665706646
-0.49963349374363136
0.5528829753745612
0.4443000249781438
0.5475085378675719
0.04427011646083575
0.8634925605697441
0.6390000770015799
1.0212770519755205
0.539547871703674
1.4549258977678863
0.008640195823948524
-0.11557085101516759
1.0800096693884358
-0.4905220223466642
-1.264980428067421
-0.43080981690437864
-0.10845599877906986
0.47533709251062045
0.21150606650284115
1.101703763795284
0.009296812040658207
-0.5951393377505191
-0.12968376379434676
0.5044845733138494
0.5188213773572412
1.462456436017114
0.43597517484023796
-1.1660352150401012
0.6305737902674008
1.5439735982981966
-0.8416853861333894
0.36132311115498283
0.6303642215368332
0.9080664253969127
1.3544380644667249
-0.24563531441831357
0.2553182375311423
-0.36028834775606733
-0.4597153913122499
-0.4932492474045322
-0.21737862370025235
0.1332527848500544
0.43465271948910555
0.37303867819628495
-1.5051005407056854
-0.4328275586153104
0.18391531494086344
0.570742673759716
1.4781546662573308
-0.4123709165304387
0.43636178717760793
0.18897475266144265
1.1057976700140657
-0.11857187997846814
0.6223600648999547
0.649596687841979
-0.3122002770656643
0.06160097780403473
0.5535910831090483
1.3794173837241432
0.9166621915203985
1.3259208193630654
-0.17019484237938934
0.3702077543033445
0.8120594129356385
-0.5035170451317424
-0.6109191921685997
0.6791882659898802
0.27501148080730065
-0.045324138826340676
0.25549393771199436
-0.24331644411199896
0.6774651265354346
-1.0303672864124116
0.3320425544727422
-0.7901442065479858
0.016931825674125697
-0.547213770547571
-0.4974113616132003
1.0470654640976225
-1.0790172294923321
0.6112032007052093
1.657196276115049
-0.02446219159973627
-0.43046921008547345
0.9232546016923795
0.7796311174164203
1.0707057290754258
0.34718906547369316
-1.9560848073423425
1.2119321203642794
0.8210994286195246
-0.8300856837594404
0.40225584441639994
-0.15015115909339832
-0.2947766699482275
0.86988286332817
1.0202730222398648
0.716418529409507
-1.1199758257177004
-0.4960429958994336
0.6997141955409314
0.09813165820806775
1.9364167779773274
-0.9666067564017609
-0.41205921946980106
1.6844233827933164
1.3613345513312058
-0.27330123135064077
-1.0590581395562155
-0.15555970556122872
0.6479748526571624
-0.7256980954940891
0.428542055718109
-0.18686622670155845
-0.7948215515564985
1.2676565442105292
1.277457466230446
-0.7795899089716908
-0.15506024168185073
0.05663149531830455
0.8709155844663335
-0.6647085267521985
1.3107845546282189
-0.878264774492376
-0.050938657914561605
1.7519072759724827
-1.3520159493685773
1.3879051334405461
1.4545532424160952
-0.13355896141755788
-1.0409019019772627
0.4627037846970919
0.3972939683439468
0.16973665939328916
1.8719961695341434
0.6451506188190328
-0.9387023662490485
1.1835992708375422
0.3844521642537034
0.31378064651647075
0.9651023458134216
-0.8369449102627036
-1.215262103014067
0.37875668020233805
1.3881940718795467
-0.25622745102744937
0.148317877849383
0.9970408422882369
1.8006574902502752
0.23986283860234703
0.7168858763397054
0.2603568809510768
0.21569444644237346
0.8581180853210904
-0.40201685881472327
0.29906947437779047
-0.7377115445625865
-0.2727982341904725
-0.6415946981208004
1.4795872167399309
1.6452029971653235
0.7613587568987141
-0.3043712952631495
1.5773553514688798
1.0172017792904735
0.3766871169963285
22
0.3384500866620962
-0.03907944008259005
0.10012440024526578
0.6002626412629356
1.1263784651704873
0.1564507408973264
1.0027039953036356
-0.851345967495939
-1.4928624276337135
-0.12431937726959008
0.5832884020922853
0.3007344345059694
1.5390770983500026
0.32205477236090574
1.2616759569234537
0.18531584144245705
0.9200621510721385
1.3490016833459966
0.32563993511602296
0.37848123335530864
0.09250362069406703
-0.2952831925244674
0.1062632028580919
1.1652530501045533
1.1664983041722827
1.1618567577195489
-0.828741600221593
-1.570005147837879
-0.6066992169143564
-0.36606960972813873
-0.05005677266857155
-0.9229945961673846
1.3363965835034741
-1.1724281316615366
0.4603398033049877
1.0794280364516673
0.6600201869630364
-1.1802048289950262
0.17112294845863502
0.7618016715683207
-0.5283962025690072
1.368366590668824
-0.4635470056001142
0.12004276495833044
1.5637601803451902
-0.25105378437545356
1.1473722081565922
1.1393534426540968
0.06642471894960267
1.3706715083747019
0.4961380978012496
-0.333908768427144
-0.04218629092999913
1.8651531973303552
1.0337338793835473
1.0450892376439682
1.4092481856325936
0.41018036949902215
-0.16639130332193208
-0.16350774166276455
1.7107116329958698
-1.2475393286942367
0.5517711043698399
1.3944238555241562
0.29551012080162503
1.2939532707613388
0.9440509493869857
0.6736922874077917
0.2852325328147117
2.1806760952745936
1.3526092534309055
-0.2113967049170169
0.6789850201206256
0.6431429171579066
0.33732022811378304
0.6418360098082683
1.0853021779983199
0.37131821871564474
-0.05259530193174949
-0.1390345395799364
1.6099548082369073
0.15117640209438243
0.2103216316067778
1.9686744878293394
0.20365865792973217
0.8074005121409951
-1.330863204735583
0.3349393582329997
1.5138201187397335
0.0912393712933365
0.3521765428430365
0.9982063568689474
0.247229037011536
0.5178817848401707
0.3478872953596344
0.262965232298385
-0.9207993721694757
1.1020060511051153
0.6275442642421784
0.2535977963734737
0.3989104920877049
0.6591983532862532
0.20109729910184632
0.5585991429110577
2.3432049649928293
0.6819643264395031
-0.7675499306243737
0.8708434891801647
0.6577820895134685
0.5689709835375687
0.5302736604150535
-0.7464831047870395
0.007479858163423267
-1.1077943715085434
1.3192227519530968
-0.3295169353116196
-0.25112127827609165
-0.09959714430263927
0.0168161501588276
-0.634423203561967
1.6703872120004188
-0.7685241924451622
1.2951458609637945
2.5666227187549735
0.605725826243941
1.1299201084893473
-0.07072763848544056
-0.20937359565449387
0.598095931286427
-0.34672464924064145
2.403142389518767
0.7107413383134854
1.222698878270219
-0.6197746021552647
1.141220825696091
-0.010895041405819466
-0.5104268324576406
0.45587572842750235
1.1260157489127072
2.3316411241226263
1.5313145937854
0.4314013649488149
0.9639762292053811
0.40459201192557664
-0.31596492849959024
1.5528872552503625
-0.26065880137497277
-1.3014108846963592
0.7243778809993777
0.7062762192869336
-0.2876135638286106
0.6128246010481534
-0.3340464544419355
0.528502726941884
1.1897877186643837
0.11864284923429233
0.7349996451233085
0.9323398881727352
0.30458301563974227
1.809750076551713
-0.34375383204927157
0.7979912260182671
-0.7577848522899946
-0.554293516927344
0.8416899340165543
2.2723593810493345
-1.1189240614348719
1.6155247339185788
0.5492768477679324
-0.01237436814438693
0.42367617011712366
-0.6893894012629559
1.3384325782008268
1.6654792952784614
2.1746454110777753
-0.2766899935021036
0.9071634723549047
1.4876587022458194
-0.4620213078522259
0.1057106613169041
0.17405534916978804
0.4135561824118729
-0.26168749238815975
0.9980524402082271
-0.06661476989238514
-0.28728097755298215
0.310870805060711
-0.5411041662877041
-1.2339574923289796
-0.7375986321953915
2.2977725308431705
1.4994163391838478
1.0231640765044103
1.980885790481444
0.5201165844767678
0.17179860720591497
-0.775334958419938
-0.5497282692607489
0.3222598843463933
0.030687391229795413
1.0816826192352402
-0.8336912908077729
-0.32074168887279936
0.2081297300666922
1.2236988035338485
-0.5547902855403061
0.6515420535445678
-0.2092694954907702
0.2928112720907443
-1.5164420988178098
-0.4918108195379454
0.4880569062814716
-0.7842233856677914
-0.6096926470506328
-0.8331426892923302
1.2937630204019042
0.4333405958516997
-0.06184264547011649
0.9940437485440767
1.0520684446301922
1.52529970150634
-0.4399246082981825
0.8747414268619089
1.6231014409035898
-0.1225299340744037
1.6065478579124641
0.005670067731632273
0.15688719234111106
0.5974365592198807
0.04529774056694558
-0.16040852661195962
-0.3020013877583829
1.069893373455946
1.9667406827300198
1.6686140557048212
1.2845553198705595
0.8633852657989276
-1.075539023417399
-0.16318076482891727
0.3230434894098167
-1.0923579908923873
0.6007024161065457
2.1476550908110044
-0.2367369900656614
0.8055227262944512
0.1660613895669472
2.009586472629644
0.25893421581864895
0.4691606961312094
-0.7337833631518416
-0.20756092465972842
-0.43316272531371663
1.2293180716818592
0.43391285023317766
-0.2563777719264021
-0.4916167182411583
0.11756129410325962
0.6219394502419076
0.4137244133749601
1.0718250735347026
-0.10416601153323707
0.20666827610507776
0.09391983253896172
-0.4803804105292665
0.395124477017854
1.6081868959819126
-1.2541427937732947
0.8682840419016987
-0.09772795908368442
0.12378748688728758
0.8722819410083467
0.7990964639911775
1.2475992522312425
0.15758399026016096
-1.1820726247179298
0.6132479802710411
-0.010596885173921457
-1.9865809276604425
-0.7319279916931181
1.4635123006582005
0.34515514717283285
0.9348314062058842
0.8181430632742166
0.5147441985848489
-0.10717082985635665
0.2666246210941731
1.6722181014900255
0.5887155885277713
1.139634617342782
0.0405389242001427
-1.3790320422819602
1.3823134141058833
0.19720970172826766
0.9093902520578517
0.425430872123229
1.3358181100247015
0.9880830339430904
-0.006036897586815429
0.23111118545533357
0.14903978843957727
0.3500530389407864
0.07882102315898634
1.010251548362047
-0.134869178853563
-0.48801574145210014
-1.2732059811193004
-0.6845711426799513
0.2512706653979397
0.03642370457800999
1.205666728809563
0.8678668908038141
0.23781837218673657
-0.5224046851164422
1.4894339078808652
0.47850931961432136
-0.20425270030299567
0.7390017757110792
-1.0350244424412387
0.9558144648313754
0.29684726002375833
-0.9297764615881873
1.2209394499505641
-1.242394832667502
1.1063738505462557
-0.475858520729511
-0.9561301547595007
-0.37979198603420944
0.6328303573787455
0.19936140698424498
0.12891617621717139
-0.4311453912816845
0.6433358705169169
1.6165047408963031
1.4160943470580274
1.1006606268391927
-0.21709651446642542
1.573278686533995
-2.2032053152910938
-0.02049085029478312
-0.07266841150181445
0.9165706092753348
0.4559890865354148
0.2471391769984229
-0.09551945633016401
0.88162314130946
-0.9407390752404533
1.1181818846385159
0.04937631849354519
0.35590563717737805
1.3266837295268192
-0.3036451381967934
0.9524616122721076
1.5803696319662113
-0.24515164101251843
0.8528546378793709
0.6258980267431485
-0.46797403122558073
1.1279084406012685
0.8603681810943183
0.12164400135531589
1.5202522132521494
1.9528388102118457
-0.6871200102944839
0.3385527937425305
0.7704801818785919
-0.04907156164017058
0.6363425161207235
1.0805391324949627
-1.1435950183273027
-1.122770924039423
1.4709684469598447
0.2686822381832248
0.47945253328305415
0.6121175020426174
1.1043097094215553
1.6800178351432473
-0.3353940322264734
0.32732534933835167
0.5555835708271906
0.37446233387610534
-0.3428287553089453
-0.5656769705754218
0.8481042559672574
-0.5581434811943052
0.4707233604724355
1.257840875524912
0.7618980650467728
1.1321175162522255
1.1251267318597995
0.2798350824823578
0.6558668504751306
0.8284192585731694
0.3037332272844943
1.2132746671333812
0.14163184123266465
-0.4541383974352062
-0.4849327218058513
2.642716322250915
0.5709129109423813
0.5063488921506678
1.027211127327859
0.8338401257414862
1.4022534824716115
-0.24686169144285725
1.015559450378916
-0.15567468317067135
0.08912609627231141
0.6208802486365531
2.139207246013907
1.571750804347746
0.8884149714540608
0.35349272494245293
0.8377080884143914
-0.24822627687943355
0.6768622365718623
0.5477733835409386
0.26508600387670683
1.8630365481121194
2.6351744870058407
0.8355924223427281
1.7235275514579989
-0.8714654131504163
2.11602945811665
0.004852781966554087
0.029537119294544806
0.4040414439239792
-1.9551951690297984
-0.9854515673341153
1.2632050233824097
0.1564516576772169
0.8903097127796403
0.22659022492690925
0.2748196807891876
0.5992759111232777
1.4268588821960828
-0.552058847256873
0.6693999783280633
2.478039396571317
-0.2203045323695178
0.7773060263221336
6
-0.2526548332184059
-0.9008337981941262
0.5880580039214988
0.8727692852523523
-0.4593176358181652
0.3692265787640307
1.0905802837312
0.5258835302566236
0.3405112861873475
1.9318152101640746
-0.877156083319648
0.5958926017732785
1.178030770051861
0.6746295363120651
0.8863765716761286
0.34472885698199773
0.8003331232471269
1.0166741590580892
1.4282938786640809
1.171877403310361
1.9961284132654054
0.4137374673191848
-0.008643958228271725
0.2841989316655635
0.27359246813342747
1.3090469090502022
1.0497352572606573
1.0779561557319215
0.9178863178647751
-0.5332087431597969
0.8739024465288607
-0.004330010452258382
1.3740172713227445
0.934948413527032
0.31094022888534917
-0.7066349379467392
-0.2524384275568951
-0.2658427116945176
0.09642329076563562
-0.15279240452042986
1.3452355309210102
-0.2929471424241606
1.6001179086536412
0.41428621057712567
-0.6121109337763487
-0.13640461225763267
0.6072919071965512
1.0842583241183132
1.4618792714630744
1.2558197683772294
2.5930141681897734
-0.4680809795491367
0.024688905408643432
0.7612297066306531
1.457631069458488
0.7596849143222835
-0.24875406823504903
0.3082192360236742
0.0788679832721669
0.763534655989101
0.5425725871440686
2.19508301587009
0.749117505609912
1.0759715486962111
0.7854251512983045
0.4736677010184816
0.2081169761479246
0.5033050438316391
1.0646462348786068
2.0766937787305224
1.3298162778729825
1.781539291649792
1.6363341933346627
-0.2125946637896049
2.207942393575067
-0.18190380545298007
1.252542759521105
1.4223662738038785
1.404971599128328
-0.3885419086919357
1.4317609073841184
-0.806956831708137
0.23745673569868606
-0.40294072665965835
-0.01517559676189012
0.4538881058190589
0.755326551006126
0.21931382597188678
0.22884579425846951
1.4096565910340464
0.5913397857657304
0.007000000480567807
0.30859255810900227
0.22548021892978481
1.0516830002327087
1.1447283501027585
0.7269077010591452
0.9063517957323489
0.5160085580692573
0.7417165314178839
0.5452016508497755
1.6473228813066507
0.1583896874866093
0.7963675778775375
1.949443806128218
0.44283481541665964
0.308919614158951
-0.49980920369332527
1.1612323477064148
-0.21387487733940283
0.19123881174291868
0.5281188427921252
0.11615901318868249
-0.501870626573957
0.40621701980942687
1.6988553946548952
0.6678552536589563
1.9124303078485247
0.33077110137930765
0.6524282249308201
1.1369756791363066
1.0726649256497256
0.967489656589326
0.4741696866319928
1.2530401062435261
0.8439919690314467
-0.043596232934148674
0.9191445062640253
0.10521249464618264
0.8498154425603802
-0.4690551137824992
1.5725807851176437
-0.723251504841212
-0.08044143903938338
0.46270810402330864
1.0690404183440956
0.4696147461531856
1.3307366044733615
1
-9.87589836685531
-9.257960665538079
-9.893297847376905
-9.540427243799442
-9.78984931530651
-11.658982678373764
1.3033050347494586
