80
4
22
0.9353043398678914
0.5258331602691481
0.3457778506122735
-0.37094518881313054
-0.009554703196736306
0.8065457014678401
-0.08848747116798988
-0.13599066061002635
0.5601560803927887
0.5526729788361076
1.948145740534082
-0.6414842069763639
-0.18089505043652687
0.6398091392303845
0.873782017840115
0.3546158112949923
0.20204864155911445
-0.5068637557312792
-0.49510748401394117
0.9949402683946403
-0.6446204391408934
-0.6610714964582906
1.3161210645353876
0.7926620600522969
0.6794507779744682
0.34767137090681766
-0.5829033929994394
-0.05587997509421776
0.32725380542506644
0.6902314991381753
-0.11910015979586869
0.30689893310870975
0.5403860470022879
0.2226008708084457
-0.02269285830588004
1.287186483061842
0.31763270801504895
0.47093811688566817
0.816396897451245
0.7298806320498108
0.4362407345177937
-0.323138515787655
0.6599004536251054
-0.18302660986001976
0.7585427433622732
0.36586815543633094
-0.06231991023817147
1.5840213751802437
0.39790274798825354
1.817650173513907
1.1219285972257371
1.134956601115544
0.20514953959609442
0.017203403440026025
1.1183423905841492
-0.953699444516142
-0.9441610145809588
-0.6122627612699735
1.0355510238888228
0.24814208389199696
0.9048563189252858
1.4287303503019626
0.5940818317290875
-0.4247622176687558
0.8201203435526312
0.3393583477375855
-0.42922172529389563
1.8520027040787548
0.41950022284875044
0.7210656988766954
1.3638543471852504
1.9204976562380183
0.3682380257569092
-0.7414978230894631
1.0431725100164864
0.23615422381158688
-1.9166218137149045
-0.8067838217363213
0.5717163313092468
0.6477034839920451
-1.3693316668537683
0.21096783098367894
0.49747932183866417
0.27249405459034154
0.37179617450839136
-0.14243633352111945
0.055323684633540676
0.9432831828429162
0.26920755699364934
0.0760015018877127
-1.0185604056046955
1.0416193979160926
0.6035531598588773
0.027145828904700468
1.208349763579103
0.5050431767645264
2.191794922896948
-0.7650514383731706
0.8643548278831613
-0.13606235931685712
0.20562049384623865
-0.7646429885682888
-0.67513656960241
0.4624595187631342
-0.3616085111866243
-0.10755400972723657
0.7513137696168616
0.7463644430034696
1.1402709006484582
-0.5348115491376553
-0.9306121111420603
0.5813983844352055
0.09144363520856774
1.0054016532016474
1.7945501903100876
0.0904051674447967
0.3124715335310327
0.4038288930423636
1.0166882641333972
0.5514060495383702
0.7567369817205596
-0.3547204232039286
-0.6387774885854719
0.9185318190992381
-0.21266471543759158
-0.54750182632632
0.4729934266724135
0.3341678747315087
-0.22600499478447555
0.5647725662634051
0.176723594324809
-0.38457649481975387
-1.0533843189440466
0.7880523991541397
0.11272343637449025
-0.13759974047550305
-0.48171362708801035
0.021863295863751693
1.581928429140557
0.41870761999348055
1.471897313569663
0.2711462282565725
0.585535927994166
0.211071028275326
-1.4094740757624649
-0.5288211355117228
-0.2789192226826333
0.45075677559241967
0.6899718623441826
2.052701061292257
0.6474194542980474
-0.4794961917803284
-0.4127561479816652
1.6236764023728825
0.2522471664848073
0.10641294529991924
0.48999342714012306
0.3582773156032179
1.167151730434001
0.38248601906468377
-0.3085951918340504
0.389575966781652
-0.04417975736584388
-0.5373352702104859
2.044540220848102
1.3949136807170734
-0.5430861512648366
-0.26482492262115886
0.32372482128989055
-0.5381250067368457
0.0064653145737391185
0.9822856552960494
0.9218238088761876
0.6652098928859924
0.49748306256818486
-0.3766653051251074
0.055697393163857384
1.2259966801017153
-0.38715430891573055
0.005848777146492012
-1.3452991969464168
-0.6566900608660031
1.9344498427239414
-0.1942288844876996
-0.1416271060793258
0.8254650023249968
0.2624902416531021
0.5726659518457861
-0.5301113276747587
0.44411983610074535
1.148447329879894
0.6353295840013531
1.8125871207745432
-0.27931540132364435
-0.45828868946242163
0.9438782129449266
-0.44700512927398384
0.5371245980003392
1.3532931624974023
0.8748219518553755
0.8985567368573447
-0.348080380443167
-0.15679150889986004
-0.36042156134591513
-0.04587023918198059
-0.09563474191338706
1.3996329209245328
0.19968650967968293
0.4498314459370027
0.244033439445966
0.3927040820906909
-0.9990968055735304
0.6863158350488978
0.4529541782433444
1.1576876013526796
1.4448645496472394
1.0935248821140577
2.0450236663722645
1.1951053908727949
-0.8893514400302285
-0.07538219870672508
-0.5290918805986535
-0.3354841283681761
-0.46290919397773916
-0.7087478899839906
0.4283862179424387
-1.7792770825107231
0.8277456507166965
0.5628902783325708
0.15238089639795893
-0.02409070450892723
0.4868617716834648
0.2843655727219964
1.31140239746152
-0.23582650154694168
-0.19690326283210274
1.4562609936188482
0.2710916645215277
0.4310743371286567
-0.4943764068542573
1.234956432647837
-0.5195031893935066
0.49466636922307206
0.7246713949022221
0.46183219519388474
0.1776294270516591
0.35110598729880793
-0.5117213743691872
-0.06024633940025528
0.8820631526124156
1.3930529272278052
-0.15247828852317846
-0.12394115141197913
-0.2755409276990888
-0.2206249257187352
0.8212207545478128
-0.306099337308538
0.006175544041225979
-0.6970810161823158
0.9187955958166574
-0.4797361016819037
-0.2941026664539876
-0.010472113317547022
1.9480820010161553
-0.9344043818956886
1.1085330213441313
1.050367682597682
0.472394706895502
-0.3904543334323199
0.8854732431061819
0.9849356003619675
0.6449390720541501
-0.212936007092506
0.3075181331707084
0.9053740282708878
-0.9687856523678761
0.17538174892770336
0.4147937955352527
-0.027413734987816137
-0.31573959511309646
-0.1826690716289654
-0.44461543364910333
-0.12373907933283888
-0.5559099598974496
0.05771303966973199
0.10920395134359892
-0.23445068854085704
0.014200270933130213
-1.4794128675597333
0.613911403591735
-0.47798289349861084
1.0181288410755933
0.8066493639240817
1.569536107318687
0.5685791055769425
0.10729324262379014
0.08723535953885095
0.3881801041990836
-0.1557198571950882
-0.4114358274367263
1.3457202071349512
0.8970420889902841
-0.3170679433611967
0.4520613872870124
0.8821612244190001
-1.4775479616217664
1.328402095343221
0.06388877049238795
0.2213518380959032
-0.4455693474097181
1.0299454599879192
1.4327833286722396
0.16572789123403553
-0.09184735057475926
0.5419508089084256
0.19149146310572038
-1.3783786109389207
0.7268668293344146
1.053926395025579
-0.34462612374605894
1.9658573312278131
-0.04524068292894131
-1.6860757113005997
-0.2262295576120447
1.4707437301240571
0.17436666870051062
-1.1481635160876438
1.4885719887790305
0.3844021589647021
0.38950405483609885
1.9283104839197907
-0.6935462370749372
-0.6551094024754917
0.2907561551882494
0.226474175247596
0.5875132307828428
-1.8062852471964668
0.4043375179385971
0.5112658986771844
0.024974617793042414
0.4508807458464385
-0.4582536783212145
0.2421009217012418
-0.5056136466963079
0.2823820460636717
0.444152202598858
-0.04018190765523858
-0.4288116616616635
0.08904935532834081
1.277587530180375
-0.9050993904355932
0.8819161651363917
0.36111516351104267
0.41674888159694334
-0.6167390956461074
-0.5733558307318167
0.5424572768360438
-0.3190274936498475
-0.16016849632413993
0.8928616531521123
1.0860145028056611
0.5118193726792941
0.5498758042213328
2.1267792864668746
-0.6739823541675364
1.049505697134086
0.660051060188251
-1.5445626041471763
-0.4860317839772234
0.28357686321160286
-1.4823117241480315
-0.15677795631606625
-0.4769839770712809
0.34681059721334084
0.6086608546463204
-0.03565098751042038
1.0826929505985756
1.0179899793139375
-1.4491672842072334
-0.0850492973567697
1.0744432503106602
-0.8101283620380318
-0.22143964852334352
1.0525207265907452
0.15007975197392837
0.9091155322223015
0.4706676198083082
0.4635045724970065
0.042333279811846564
-0.5051521817350066
0.8141648098307472
-0.5560003358734935
-0.3201472350413343
-0.037544455458501824
1.3687202247863348
0.857331645528207
0.3417985930583684
0.8116202671590791
-0.055313263730428094
0.374554985644155
0.44102645890228737
-0.39321866534794425
0.22319611593137081
-0.2753454921907195
-0.37643201882542376
1.3063980355653646
1.4672151727424656
0.44326073597068616
0.11321806625162692
1.2768511646680771
-0.31656621732750106
0.7547748614704757
-0.879825165064996
0.14063609354530543
1.4290258916234981
-0.2726396379077176
0.6697583307687475
0.33758105307544645
0.9540918622446638
0.9629856434816391
-0.4736933421631239
2.344686182896477
0.0017612013402003475
0.29221779256422936
1.1537610720385176
0.5281836592033691
-1.0560082082466722
1.220595316328417
0.051507928024261095
-0.030324612221811896
-0.07323656423730968
0.10345455155839198
0.8195315589531975
1.50150211790755
-0.3251997446792647
-0.3877007033514345
1.5818109196886494
-0.8519532683383295
0.29286542865748
0.5119206033413266
0.17854066682137087
0.536889848726547
-0.8392214458302256
1.9823967674628649
0.4470119879332906
0.9279373584782621
0.6912617221140758
-0.4940578460494819
0.5254818676270844
0.38285528442768735
0.5232445315908153
-0.9797154411573441
0.5303458654494212
0.21734407850755655
0.21539965111528792
1.2360978729840724
0.509727919753314
0.10527556136135105
0.11858862514088325
-0.015468398935442149
-0.2914235286621331
0.21380667038733012
0.9229505942066109
0.40954444977591586
0.11135308515133142
-0.5763359483072669
0.6596768263146057
0.43831179257111463
0.027457092235624987
0.8111454952363649
-0.10596690429049664
0.01017549554502728
1.170041350079299
0.25667820550201276
0.07042742021671891
0.39079000897098326
-0.05319546849176347
-0.18023040099409027
-1.1571945783711035
1.1783007198653064
-0.48961036330588165
1.58842376650945
0.7727761433841546
-0.782366042644548
-1.1969284172714825
-0.9050319038888457
0.54475355700085
2.284178533328497
0.9961807167157123
-0.15252376200145396
1.0528457680688932
-0.11347902050283326
1.4245769676314546
0.4938776232912879
-0.012949384539534835
1.566377866568142
0.21734882623230312
-0.7313063870214709
0.9289309430989414
1.447322197566742
0.04436856105762644
0.2397484867325089
-0.0991666168555762
0.17585103901651805
-0.10778175765809309
-0.021995090022313687
-0.5476048550770698
1.0318161427104844
1.191060074212697
1.2473041750941034
-1.1629519319361177
1.7387402642237009
-0.22507086945617805
0.11510216416107377
0.6957539962335062
-0.624083614010839
0.6417117905921683
-0.03906476673797152
1.2867861132514442
0.6395762964921065
1.9539100250416748
-0.1979447262707391
0.23555821528169782
1.0788015187304207
-0.41815863239353
1.6720768876189336
-0.6322153477725022
0.9339748061626372
-0.08601559673616654
-0.32503119401441855
-0.5508018687536991
-0.49947664862977886
0.234397818384048
-0.5672096736469705
1.0315836506605074
0.700761024018735
0.09084305827456941
0.5495018711324967
0.500308817980842
-0.14217036793228785
1.5868954208515167
-0.20118920277871927
-0.7373751658853905
-0.1836125509276128
-0.08358465477023673
-0.1929437605974741
-0.31194065017424816
-1.0936872521853747
-0.9306904171993745
0.020125858396373944
-0.4589918821005163
1.3345472839222
0.8334655366689127
1.9660543340432541
0.467284784269671
0.977014270069989
0.3348995155386573
-0.5455757892041746
-0.4146674554101799
1.416337211131104
0.9304649504699619
0.8122739592604458
0.7125209794014103
0.27892249753836984
1.311541219872991
-0.5052368606633754
0.19127691480457046
0.4496369588512311
0.592389406532251
0.2501716764922518
-0.3060071682091033
-0.4306858003909194
0.5945992223278137
0.2968946392763733
-0.13961228877196508
-1.2147737127067704
0.05490042974619064
1.9268411634590956
0.4111881009905167
-0.29646315447902327
-0.8293643354346355
0.5037155347054724
0.37862146630618065
0.5354519366077057
-0.5535693905546146
-0.21537416296996928
0.6909759456979246
0.15003683106681587
-0.24745584263277037
-0.9911853599644643
-0.06802140393512317
-0.44342883843676756
-0.7433145498332765
-0.14083194624778406
-0.7733931292394223
-0.23483640601106898
0.26212754395852983
0.8303828729525363
0.745981318996326
1.516048258975038
1.1170781288357443
0.11998301031709167
1.1933754509495285
0.0812634456527652
0.19103466342970132
1.4681387323092718
-0.534744071668398
0.9547329419729425
-0.6568859245096479
-0.677240808884604
0.4419836582856954
0.22939422688852534
0.37866943193584834
-0.6009714769893748
0.7524362966552808
1.4020737196099202
-0.39596833003570847
1.5039195361386242
0.46046103840023445
0.380288514611251
0.4287734227512041
-0.008601426077432653
0.15225325996729933
0.09966253812422134
0.44651521401269423
0.42897818415698835
1.3850276723411106
-0.9965287528118321
1.0213219335031403
1.1765635553731655
0.04509073960843499
0.1330583359163132
0.6314213544325542
-1.199654417785833
0.18923896679594443
1.3170350877376806
0.6039067534480871
-0.03581591342152481
0.10820983232083257
0.28783559706838263
0.030503874554378863
-0.24193064553253532
1.2101884769990772
0.8467767839496474
-0.7476626932645192
0.6296273497838812
-0.6510946925597546
-0.7760494286982031
-0.17263352576923843
0.8202909444179486
0.6996687964887349
0.05563087864940551
-0.04353510674558683
0.09231751209982338
0.24071981669600623
0.5365231903751511
-0.018149207260040885
-0.4324247135455823
0.3153176971573458
-0.10209153002506054
0.498983205828286
-0.45682706115946825
-0.0925690171105277
0.5272371166545929
-0.568008958126051
1.1173636460590046
0.47782480910218206
0.5602317232465581
0.1183648355084937
0.06772845640042445
0.742475440750353
0.08540027293373884
0.08997821875115594
0.8945446139535087
1.0196881779423754
0.32961930909516707
1.0520222496445018
-1.5563441595603316
-0.36935608563041245
-0.32704825500216816
0.2752380202142144
-0.5088108694832902
1.2699445132816987
-0.27214790342231376
0.2698126247974174
-0.20943749399276373
0.9520456872641545
0.4858217214002819
0.5516528181405442
0.6829308703196912
-0.6050219766036383
1.0097525788463875
-0.24697254926014175
-0.3666278522668037
0.6341000471909539
-1.7495137301808448
-0.2495523123876211
1.2269391988525853
0.37848164774764226
1.158532498385546
0.9256154235910383
-2.218300525779719
0.8680072405571335
-0.12497899010822545
-0.8183757754750214
0.4250897237997449
-1.8049740352453554
2.03885887419761
-0.17458801136806928
0.26629043271793706
0.4575242086313809
0.3822224512954102
-0.18290223398977656
-0.6008108189825786
-0.38004349331316534
0.2707083354370716
1.7742945382721056
1.2224175727002682
0.9492002906874145
1.4654303549134486
-0.8537237638218554
-0.20096617828417757
-0.11271083044409635
2.229718554373061
0.8178818914923164
0.7357304802251521
-0.6950413006726966
0.38625040086562173
0.0675162487095745
-1.2073307714728476
0.26972466529779
-0.5621728334067477
-0.6612663966810597
-1.310565171222889
0.36243114837398577
0.3053800726142938
-0.2103578819124921
0.7673244622517501
0.6166882644125007
-0.3412339488728727
0.05427510000354911
-0.5228837552452636
0.1234060989899381
-0.14614838845552827
0.3189335361716945
0.6799016399630826
0.3976973578905585
0.5045164529217192
0.009401912123176509
0.36868426214268873
0.07117395207474436
1.2455110734302357
-1.1240812700674747
0.4963099537898359
0.7070789173730561
-0.42088249346032813
0.8564876246978641
-1.21431749503286
1.487664035792778
0.3435877419207693
1.9384475435829542
-0.8637887777912299
0.9036894786026501
-0.18455181077994476
-0.8292221264559807
1.5379217342263194
1.256210171720499
-0.08484503125505248
0.9539431618244961
0.3973117445419876
-0.25507122044587005
0.43103917584428053
0.02646582150734581
0.5122178571635649
-0.39602094504235946
0.3374830742451303
-0.1868476076334469
-0.2991296299691676
-0.30770511287941027
1.4261255990785562
-0.05798829064637527
0.4492208715507962
-0.7974067116663581
0.3800199182199644
-0.20139620406756925
0.46325432497440744
1.1069297215801985
-0.29906149002989457
1.2352982843976221
1.2307439462353418
1.2242118371009374
0.8379461896224094
-0.06273858407051786
-0.2933869541512751
-0.10283417711488504
1.5500103452437064
-0.5058366487362072
0.2174737906752081
-0.4483129828192209
0.5207025879137203
0.05452182032037425
-0.2902875689036788
-0.06936976678288977
-0.30487004324445155
0.043123432446345596
0.2950371680478277
0.6631702592079569
0.3767834270561877
-1.3882714154484501
0.5491942901071701
-0.014500901649561436
1.2097970232686466
0.8507498567099195
0.7805545304999185
1.6914793582906156
0.801318239552111
0.13473868500798958
0.42812008277374375
0.42529368319963845
0.5293945886937494
0.4098377479334628
0.6568740261412075
-0.16430466349824988
-0.12909540076176196
0.0996511740687213
1.3309800540595402
0.8068127409838272
0.7050181358010733
0.9848889438715602
-0.2510171583130267
0.17827877859096458
-0.04791340970721461
-0.15786951189902432
-0.15830831485936744
-0.5049044969372725
1.1794321535014205
0.7632828311452372
0.6740647449568183
0.4555732243576046
0.4946983844476685
-0.7251067839688919
-0.7786975298436832
0.2120641518141051
-0.1974929069176894
-0.6579342079928984
1.0177496719379073
0.05001046690017384
1.388186204589764
0.2604508090954855
0.6025171459281558
-1.382389310629589
1.1447423445135865
0.836159207798131
0.6776827119954257
3.1556491857181315
1.3311786434246702
0.8596744203703983
0.3537846421624904
0.457794789792052
0.6570412646934439
-0.5278440999038422
0.46977259387932946
0.8884525066767155
0.9572105505316213
0.1514759354256885
1.0879311808179448
-1.016715949127308
0.5753396956009424
-0.8433066888211398
-0.091898362230206
0.19416503085721254
0.42905263100732777
0.2530709783875166
1.1890913071749476
-0.5865710196893736
1.4283467672290528
0.3975016585475204
0.048660347998672485
0.08290256712275185
0.6181981523052436
0.7851178167835262
0.11520231583852637
0.07060898484650344
1.111424094595986
-0.47982710372909426
0.050258304924909125
1.9305227367340105
0.9527611139402534
-1.1155560918786172
-1.2837467857575957
1.8856150905150544
-0.7536820655585625
-0.6395507936117658
-0.754288818758371
0.39713271018068386
-1.2732718046816713
0.3910875317720459
-0.49118382428140206
0.8689125675592202
1.1275814385347838
0.7698019337310509
0.8226784357566546
-0.26937102319099926
0.7261495137256693
-0.30332436973501603
1.092366165915222
0.35617430987318177
0.926648177925008
0.3329329729243161
0.10627102759171186
0.7489350882262287
-0.4258787911891036
0.6748488090970279
1.1037976981478401
0.270132125760745
0.5823691042411161
0.4380265765356385
0.16721285960901164
0.32047016752000296
0.6540200989342627
1.1892958913735598
0.8312612558968668
-0.05944746344586839
0.43980583267098183
0.8411480480574212
-0.6070933583062499
0.14451277388223377
0.5696755288512801
-0.29573709663916
-0.4780182597984678
1.0312223530507676
-0.048985437343656825
0.014562489720673907
-0.11227531304712089
0.41645860561685294
0.9713105130950954
-0.66655807235626
0.9666582617965223
0.3786412259800968
0.4302929219016523
-0.20453151626710114
0.3146601606735657
0.6962130768602729
0.5205547310158258
-0.31348767783770576
0.9517507491062014
0.5807663332966737
0.6594026294198141
0.6148551018898198
-0.6244957866412685
1.4749880441982641
0.14492509347167282
0.3000840660739186
0.8144261973244402
0.1444979314825821
-0.6902188994852074
0.9029903602174925
0.49685465806465917
0.3550292858731125
1.2367189570119077
-0.05669778201517915
0.6116595899195848
-0.61102817456281
-0.3019953099527174
-0.1568382557825173
1.4388609444973866
0.11554329970759944
0.39375633722293024
-0.1694747742243787
1.3664794913022058
0.29735009582417216
-0.6747595970698369
-0.2465238125271998
1.8155595181079303
0.13671994405695903
0.4292605432752152
-0.9688366900622308
0.7453289950797765
1.3179080674561297
0.016094034858510853
-0.1166372365191239
0.4901165812571727
0.9405961223326968
-0.022287836551542796
0.6384641489553806
0.1562293842683329
-1.0615711057045756
-0.13887720354946825
-0.3846845360161196
0.3429864623286258
0.7886413755327832
1.6817882460209281
-0.7426533173332879
0.6013745059880218
-0.4308107339173129
-0.29141146806258683
0.6306891608699272
0.7752018995013095
0.9228814149632427
2.4663327375408666
0.8065979290907405
1.3642613478846863
0.264367534918649
0.8315698501993019
-0.6317357694459266
1.006298875401968
1.3363192778592874
0.4549460170163226
0.4781832331520244
0.74613193922138
-0.3089289882344528
0.062281217778699584
1.5986143569098523
0.23628869633132246
0.9360462541373575
0.6192559834391789
0.508476698290735
0.7266444165388173
-0.9418434230908411
1.0522586334254935
1.3845994788176113
0.37730853086354654
0.05742282364951736
0.20627426407251104
1.212866925708738
0.43131060865379833
0.43680900617104346
0.1811515311856209
0.7938207616116362
0.5913301457496312
1.1467307623361065
0.8816888594987446
1.346253441516977
-0.6795127958657209
0.14318098865654305
-0.2603724699867268
-0.6351370456150683
-0.5927313357468642
1.319764023621154
-1.3300717771500192
1.1866030681535862
0.5207959021889791
-0.5695118753427946
1.5224578573469565
0.015951065839232115
-0.31412485553821345
-0.5022816770556253
1.0845241955292253
0.0064317971922390575
0.850961934074684
0.2448323715871567
-0.3847827181457457
0.1398308211623519
0.34224948420332685
-0.7874500859285527
0.5985495246559229
1.10166748169686
1.1837226325414534
-0.20543695731458678
-0.1521344168947983
-0.03278041447927526
-1.0213788472158698
-0.5642904086430672
0.22764994704232627
-0.1357861014653294
-1.1193263581892066
0.3160713504921683
-1.241584958536953
0.583319246726128
0.8241473521372547
-0.08443007722258603
0.6668483597347085
0.05905287928611391
0.655735216523444
1.1152188615647984
0.9537766875400469
1.2526660636308897
-0.23675417989171085
0.3817556547247996
0.08901814634881516
1.418401926553341
1.6914670038477562
-0.24983572813531016
2.0305183930534123
-0.47872217947954854
-0.7755951420147237
-0.20014979672059896
-0.22742575945927668
-0.6603458821267123
-0.565231187012324
0.2845127704554317
-0.9507764412287634
-0.1629293396949592
1.894501489681855
-0.1035124827408927
0.12235850489309574
-0.9548625101028306
0.3023562406656556
-0.7646344509992927
0.8462292492795124
-0.014277641746245923
0.48797054896477327
1.0277893420993358
0.4932966229373663
0.11804521429619433
-0.05990539321623818
-1.3530250114924038
0.5106411002637208
1.3419647098480099
-0.3318115494360525
-0.24044807883793257
1.2772931394605986
1.135419867982938
0.9586262153750958
-0.5225121551674592
1.1164050938301444
0.022101020799282167
-0.3319125060343896
-0.5690902377135749
0.3967583157940018
0.6976158774642924
-0.39252254845449264
0.7740562366530812
-0.47667950065008863
0.5417299274837655
1.4770452649886225
-0.1738031757753637
0.5320176566978555
0.3515364314780966
0.5800108337049681
0.9572862180712735
-0.627101683760707
0.627976091117204
0.5501305785226138
1.0261365152478028
0.25708897699856564
0.6090397942397421
0.904003364904552
0.343119403316154
-0.06965689985632027
1.3732848122665509
0.4675331538893444
-0.2680186256032291
0.3878859562129422
-0.0539300964143162
0.6708931160965287
1.0933129366311576
-0.23008364739191656
0.2627455395960352
0.9374774717463208
-0.8797159720803993
1.585200658597997
1.0738397232952086
0.3333562513600341
-2.0432706933976577
1.3125334535344315
-0.35421713828207996
0.14167636412740514
-0.15177889037313355
1.4636867781566814
-0.7252718961181405
1.4451497289013484
1.0140584632529375
-1.0908959404441863
-0.22905125464832837
0.2056076062479012
-0.312150006899201
0.10144273794616937
0.21395638734606987
0.3605047144545947
-0.6154661779947715
-0.08432425665854644
-0.23520902163456076
0.6107162823587028
0.6410328463932163
1.5751438453729307
0.2553988909182323
-0.54927723511278
1.4675197965262892
0.40189500593497074
0.667049645631147
-0.1116303024973597
-0.42830422531310763
-0.6722575651522003
0.041457760595905786
1.9974396406845722
-0.24440679030935278
0.015620160126570519
0.042737543218572024
-0.01719527273964251
-0.19632782926763812
0.9006884190252588
0.05512651921238987
0.01691842935820909
-0.03313283310104706
0.38530670312212356
0.03733685554534709
0.7784848923282164
0.9245332793548716
1.5179482967340756
0.20864545852662555
0.5084206946115204
0.36861759609709654
-0.4666180646764092
-0.6500824065105808
1.114379839117857
-0.47716688388034445
-0.7854460538633907
0.22441833263264427
0.48543126451545177
0.5718562265631439
0.26964831011555485
-0.06120044145638326
-0.5336083439928873
0.48562144004509794
-0.42197657163815266
-0.0735491315319008
1.9133009014727853
-0.006143935350112912
-0.5421414097563075
0.0952349906540576
-0.06528343947392981
-0.8462362173590673
-1.2483754552535944
-0.24676490147636906
-0.10873511163376126
1.4493769297630916
-0.005267409312996671
0.4334771248827001
0.5135799995168036
0.9294427638513029
0.537489351816792
-0.6393702384266671
0.9282888012237955
0.9873076736057103
0.7011012811836552
1.2740887540918528
1.2838660975800422
0.41310835174084454
-0.2632670505289285
0.7878003700219056
0.6721425331452542
0.30444253857036074
0.6373984777900246
0.1681743772924924
0.22217732612368557
-0.2078496842376526
1.5101557142626596
-0.24943310381108172
-0.906540346933218
0.1887594647717724
-0.6744091452650565
-0.5024946301644493
1.384234053191614
1.407385885232904
0.24717357147408114
0.03412585683319159
0.3863738732400919
2.421351050050252
0.6217910558880823
-0.42862632391423294
-0.35895137864557414
0.6408772650503307
0.10361680328782671
0.7247925338427477
0.3671614272709289
-0.009170384787400766
-0.6466944813591138
-0.07974069490111149
0.2875636540427847
0.8573272222795856
0.2593323815504581
-0.664470521724859
-0.5334703117292982
0.3376438277181517
0.3225356145316347
0.5276680229167268
-0.3614147589841601
1.0233647437657616
0.4183890371686569
-0.7502167862215405
0.20537671621133854
1.2477140401480684
1.420544741488648
0.8614590931349794
0.03452406314417811
0.5951022748901548
1.0940538355028127
0.8685831453648283
-0.8563803583705559
-1.2293671675777444
1.2146986863510907
0.325434743179483
0.7198104144760846
1.587429983355575
0.41923341223856364
0.5318678255333802
0.10985937783510107
0.5664457344690101
-0.46162945214618467
0.20488035618466638
1.3011266422466115
0.44712210068232694
-0.08800034949668989
-1.4572742581230242
0.6572904628985602
-0.34692286128340655
0.25956885540729746
-0.9054365620062498
-0.15447882297963605
-1.037918893229882
-0.25466717381091847
0.15326267791507459
0.0717835620964517
-0.5737987294769661
-0.06012758866521001
0.6268831839735755
0.15840747853857876
0.24665100231342052
0.3752187552997507
-0.06283439061812746
-0.6567421722690641
1.0291532493297593
-0.2522595529186705
-0.6061183492292994
1.0449355498634592
0.44824254262142005
-0.25905129429118123
-0.5397664776488663
-0.1999249193646554
0.5697529537225713
-0.04702844896981589
-0.5065150386418262
0.7044826621436507
-1.357820938368308
0.08984537162572154
0.8282216733061966
-0.6371844882865222
1.1620254180348126
0.52544836782954
0.30158450672516407
0.7910921246450874
-0.8256470045283082
-0.35175520486213957
0.6272075141796399
0.42876779294258105
0.6049712787035395
1.5646155230195238
0.6406926518938344
0.2480362692168716
-0.01038829306851595
0.9291685316735463
1.3004691672018147
1.1617728964429723
0.7229144662093642
0.04022337147697384
0.4516116380286242
0.46939670356220425
-0.27605625174988435
0.8387554418738016
1.1509257767920413
1.4477472322016167
-0.4039088630296763
-0.6432175754752963
-1.7888079292885795
-0.26729495184680657
1.208637995884492
0.5903906709361434
0.19477123285334366
0.9980052924185987
0.9026363909862912
-0.07227006926626435
-0.10066623517305907
-0.19562606190030957
0.6192641969428092
0.6106360852539441
-0.5055584787409997
1.1976377250469183
-1.4354344377146062
0.025337144104163555
-0.07534149104535764
1.0113860424034788
0.04551350018224773
-0.8276244923451722
1.1730627182665185
-0.15558842098436887
0.2869403245654263
-0.1133397276549814
-1.2435082274042732
-0.32839568221398213
0.6278809152363656
0.25970671596923767
-0.1774267629319781
-0.2918204883425057
1.4667921261235275
0.8125029213552101
-0.19886047576593185
-0.4326534716958664
0.5693844177501008
0.7148614219034839
-0.8863790080137746
0.16511451293668586
-0.4421590913574391
-0.3289995694235692
-0.3237957518026389
-0.7475272900159265
0.28636367356727604
1.5155439457295552
0.22924685882433185
1.783851848559828
-0.17456811378220824
-0.13675075755742522
-0.13210251113907337
0.28885671702704396
0.3599161380731747
0.35640601652300047
1.8033725058279249
-0.10115033352180088
0.1032508529470944
1.082347231316951
-0.9122914804941752
1.01547884127087
-0.7419736082008038
-0.49887001741924036
1.5650890173616352
-0.5606853172995004
1.0991351366335473
-0.5369336896440915
0.7679294923868938
0.27171301094262157
-0.382181631892676
0.22729133995904563
1.2844684941228661
0.5997854746483595
0.21644210019027418
0.4967335779714452
-0.06308371909580222
-0.8116527798759783
0.2792582020061058
1.6121431432910507
0.33890909088824067
0.8210509326171742
0.8467040212555021
-0.14244732095000867
1.370078408318497
0.26587385798517255
1.2650741621291441
0.7402148875472243
0.7033260068015507
1.2781502495036756
1.4050568502173981
-0.2558541076180598
-0.20758719649714547
0.6472367465321774
-1.4097009335588573
-0.18939184365745748
1.146765784280878
1.7512841511799047
-0.16953063651542077
0.14155354875863496
-0.4183259002291272
-0.14022288360481006
0.6061155742954042
0.3941709560810088
0.31200043167372704
0.6737365848333381
0.4220287765900549
0.327185727316402
-0.07719060465230174
1.1250019558222561
1.6299653568022336
0.25454611885752854
1.3906008327602926
0.22671062998502267
0.6032408391775766
1.4467678469544434
-0.09494742739023304
-1.307831846330973
-0.326145149663939
0.4070180031427109
1.1876819440390607
0.004118997787019477
0.5038618940373267
0.9738024734560945
-0.6828424016210211
0.17652829287506827
-0.6438130503648325
0.22783264791901095
0.9763997062014419
1.279452651180131
-0.33240712046735515
-0.4474106746350188
0.8023092728387733
0.22088777597230846
-0.6807838682839665
0.13421432041236167
1.5000592471051069
-0.0951063485432089
-0.5075383038519139
0.6220713611066992
1.2521200886275878
0.9883146664567178
0.40955658267054024
0.2726381449020662
-0.6356248360728112
0.21787491265925862
0.34065987819007504
-0.5934381178292769
-0.5986363464289441
0.8713915843899098
0.3963196027173883
-0.5952450003801073
1.6721960529665612
-0.1704702427310052
1.2618021456791355
2.3429841451644844
0.06717199594965945
-0.6779640995504971
0.3544305390963195
-0.07915479463133696
0.7802182616066513
1.1239330105518333
0.09886301405771458
0.6028638445956983
0.35610832268662357
0.33135033439034955
1.1141611792320925
-0.8600319814763681
0.5006023295315798
0.21202730216228885
1.1530170871600036
-0.24889836182356787
-1.313928932978154
1.2454558072644215
0.44494663987012956
0.33767143391145493
0.5017519215014614
-1.12584083676077
0.49997880481139784
1.3260460699157004
-0.7892167271209565
0.7998281971653127
0.5903488402084857
1.2905327732019853
0.7833790310682525
0.1402433592932919
-0.5904899950772914
0.3770773292064832
-0.04602512954345941
0.8365486216410786
0.9789170129322008
1.3404016997314032
0.8791273086631095
-0.5187293666405072
1.26961106466057
-0.41917478146898135
-1.273888559372794
-0.48991009710033856
-0.6390272153584591
0.9904956253034216
-0.4572174035017231
0.5968602003100321
-0.2708493560583626
0.08930413982645594
-0.9101185136019561
0.6124281431458498
-0.5002662600013915
0.21290172408981559
-0.0679607595740634
-0.013360209612897453
-1.0518371550187677
1.6752278913572736
0.475053168176062
-0.9552099113076431
0.5516750256044924
-0.6617826575302949
-0.5460072911463236
-0.10748292440569557
0.6640279808157009
1.7299636015092092
0.5930911888031125
0.5895232967697905
-0.7668568029425489
-1.4012907529975496
1.1747470748057924
0.37029793063090444
-0.7975881338901376
-0.1388226113937641
-0.14949419470221503
1.0703092262327967
-0.6127445591576854
0.014974740958915309
-1.5639471459324612
0.29844681880911733
0.3123957297763133
0.20628252734447045
-0.3763332975356606
-0.36312922463609426
-0.8497817440672742
0.43961248452244117
-0.7723970448558871
0.4591893124818406
1.4623644258911013
-0.2813063155380108
0.13428162287162373
0.36626978250866
0.6142885534310825
0.97641966628368
0.6679503591071981
1.53231855307433
-0.36135636849426367
-0.2500002822645747
-0.7692118801428859
0.7929863320875314
-0.15164881061762156
0.5843767955285091
-0.2804950337439631
-0.391497436310734
0.7671006260579856
0.48267825007592824
0.28078091769544256
0.10257619731426235
0.43284695647540045
0.7028988603955925
0.6349785839922452
0.046136427052639546
1.8517159117278021
0.48956430938746043
0.778464999580359
-0.3232774624778285
0.4025195057855864
-0.39664457918605023
0.25513813104112554
1.5030878941661745
0.73776701443123
-0.6096477911538244
0.6411672203895666
-0.45345754861049914
-0.033371749540328066
-0.1962639895181389
0.2042974133491319
1.281222040034715
0.9973584842522399
0.30269563146694634
-0.5546027497446758
1.4915032155806638
0.4389597907467101
0.1890639042659657
0.5686049292600138
-0.07970535246958577
-0.29655370685427795
-0.9070256858648489
0.10712549725657144
0.06101013338277492
-0.051714758323361656
0.8201129811137694
-0.6064609396216107
1.700908772064317
0.3329191120954491
-0.09117545359129965
0.8158954725643967
-0.23439583610713188
-0.10922461290797719
0.0928544241887043
-0.7714221688006865
-0.608447933536
-0.3798878801557782
-0.8090716587637021
1.321566070278065
1.8099666419355296
0.7074727035068089
0.4726384480593021
0.20656994289263447
0.4797034151135271
-0.12009233866915726
0.2604565104197391
-0.11749563964108464
-1.5239237396682972
0.1252716829069984
0.5333191562166077
0.2798731134410049
-0.5265382895819567
0.96116492693992
0.40531523748205955
-0.8639746620395993
-0.1036120196405409
-0.17194725228058708
1.0691713333585842
-0.4405303291929706
1.6035219902869235
1.8416336408777838
0.25780108219301495
1.1814295590461654
0.33289250481565213
-1.4474076999855419
0.18753206302305422
-0.04689838067684837
1.449084104511362
0.6163108712015044
-0.15262769368805126
-0.5051874558511151
1.6704799391211906
0.7377897614134785
0.07120461436613516
0.38745228648754254
1.519389948034454
0.23461387084440793
1.1030990365864268
-2.611400249863424
-0.4747512559276125
0.7466119571100419
0.7529948581972428
0.3033958376066446
0.7478421049888156
-0.09483233703315472
0.45410432260829403
-0.7932925171847595
-0.42619132799265713
-1.6429248405554318
0.7785640803297887
0.2120914270489812
0.39223806778707887
0.34247458753392435
0.04945203817676535
-0.7996300312760288
0.3635004972032834
-0.31442182403578667
0.5842251409566275
-0.13532625812192123
1.7226837717452603
0.9168027123189787
0.23711502058358325
1.996261269988123
1.053193712065525
-1.0727037660170802
0.9210351711376926
0.25780770372500994
0.6775952609392067
-0.2987142263365507
1.294114297361161
0.3049282796849964
0.0531609084513178
0.3121633159504613
-0.09983846455673195
0.8968244210828824
-0.6315029531002625
-0.9482136144003179
0.2885466638170616
-0.722442672213734
0.5448129276302047
-0.027107607316001474
1.311812187476645
-1.786277614779368
0.06010614033809755
1.0132836967669827
-0.046295097507164984
-0.06233873525826665
-1.1808051679148657
1.1811089105212216
-0.05576130751731964
0.4255004314425134
1.4834027085438233
-0.08315035759459488
0.25456395031869683
0.5745493798808824
-0.3282598563341215
-0.023075298718635014
-0.9773553502240693
0.7151895582270198
0.203908630478955
0.369402660959341
-0.49998771055422364
0.640656012016186
-0.4441136167230953
-0.34663262273299783
0.47078381591032537
-0.14057480808724165
0.036399766113071386
0.630623817451256
0.20417407189381948
-0.02438076423888405
1.0426593784680134
8
1.6385683023498325
0.16267768073642488
1.7178435369154088
0.2774025487343005
1.3145100588591447
0.5029104883612379
-0.14942358381251838
-0.5356081825911624
-0.22491824587756645
0.10108720561595777
-0.4612174918012999
0.26572371418288326
0.5491339719616974
0.8878157111342457
0.47870131910462405
-0.06589217187871006
0.08601458582451567
-0.8580209694184054
0.7121728968203404
1.6868679948878305
0.26572462910956496
0.0978099170723623
0.35269944212474597
0.33787764541748017
0.10039442621727254
1.8575683960463958
-0.20511051267370878
1.318116746152672
0.7548614730262355
1.092565477285393
0.6969410733519427
-1.4440827243394256
1.5359714249798018
-0.9188404997568946
1.2515227957716
1.2393050520886029
0.27218669118737904
0.21598155523724705
0.08007743071658287
0.3526471685794465
-0.17498119760007788
0.7328787277689062
1.5014151706935799
-0.8570953214106447
1.1098272978313282
0.2959175247257069
0.7436492485612392
-0.11182835908620983
1.2990103616318343
0.052956902493762836
0.9860119519427328
0.707757822415214
-0.37007390765835096
0.8635570365449415
1.1467490689945883
0.19849086202224964
-0.4358641846217833
2.2323598481514497
-0.8100093614329534
0.35256327315786246
-0.07207569200983975
1.4590303049078375
1.0522512121088456
1.4536692702568432
1.6216880897685793
0.6782198262208743
2.021921922566366
-0.04948104271819392
0.5102816798930824
0.7224814370257159
-0.4143844027694335
-0.11932010813533009
-1.2712479701313957
-0.19849741403548712
0.02318380203574731
-1.039229889792609
0.9248925242346323
-0.03156348486635009
1.4779785888966646
1.2350554030970062
0.5105822673461191
1.305528438236742
0.12071417039129495
-0.5820935346395231
1.112277757253607
-0.33931475909870507
0.755482049316571
0.15129230829726603
0.19836038202983858
1.1790623208573092
0.5409767827983126
0.5231375641564261
0.02581083527190347
-1.098724832568217
0.4605628547992332
0.2409742122887517
-0.18779508499465883
1.7795660243827165
1.4757964143548643
0.4550445884716663
-0.1519350939761584
-0.8665625707550633
1.7621305648116203
1.0304568944292596
0.8888431362455382
-0.15304309387043502
0.441343421341709
1.7873060124991962
0.1582881643486175
0.15117898599388574
-1.0865889306954197
-0.034652154855352356
0.14077977795160657
-0.2183399950899435
0.14035617707073628
1.0880473551909695
1.669062277390735
-0.09279401827740921
1.2065850195707786
-0.23143149761648701
1.929483702150559
0.9513245812237539
0.9679858495702957
1.349243549546007
0.29096971766005025
1.462021648642556
-1.150791725445316
0.11302292676230752
-0.659168011543557
0.7785979736150888
0.8937384031207242
-1.2801755417287999
-0.12886957822384656
-1.2868209201185805
0.8988045380411489
1.2039530639487837
0.48977989777182307
1.23163733920638
-0.1139190007851955
0.7234219041027593
-0.17440081102346408
0.13906081465335934
1.429826581676641
0.1105360830492799
-0.034302427907818685
0.026274591772301917
0.6015762758484451
-0.5663300138098529
1.0619135109789646
-0.10912014762624508
0.16105756122008927
0.4551398496858144
-0.49151541277431393
0.8487474914632426
0.04664345245088446
0.778962239753335
1.4728537232499277
-0.6301741876329738
1.0904802791526098
2.190665941811125
-0.12195916509443953
-0.1924208605318265
0.36664456104706644
1.0647093624271802
-0.27473374511924564
0.5496527629001122
-0.42932688241382555
0.5121221332163957
1.1295298974827772
-0.6181460603425619
0.9806380025408011
0.08001106958476832
0.7569198175862253
1.6251089787954025
-0.4013696213247465
0.7383718432382668
0.48478284853981846
0.3459963025986306
1.6184665677584213
0.6899092111869055
0.09240447926804346
0.702870193195613
0.5175718893337404
0.7371600814988513
8
1.1496799013799934
0.2909141893507396
-0.6650631507901201
1.5858444998196952
2.004416764483216
0.821480307112152
1.3019190503550344
1.8449378659382814
-0.0032011791877840368
0.687027794048748
2.3675871549312717
2.052272512116341
1.1569319024686702
0.7048722647758758
0.8127087267703796
1.2013237133686567
0.2500934284917784
0.9999333537537644
2.9339376259452337
0.9711142449500249
1.8345065944137078
-0.4225883589504927
1.0494707785472304
0.22846648389559723
1.3714360159203478
2.0479538824668997
0.9608206492607216
0.7413640478512744
0.5351401133298426
1.173802865049045
2.0372477417627546
0.3911373737913018
1.313436544682553
1.1176442526139572
1.6606293643529646
0.15260760584245192
2.0002791855074653
1.8687371269356126
0.72487312762752
1.1491725826509143
1.4063159668592842
0.2253382478272948
1.6875541026481196
0.7672179118765668
0.5227237181650924
1.6243146894298055
1.4966440122009026
1.2939734066928146
1.3243574529416662
-0.06567862184555737
1.4545320311752712
2.0600464720134255
1.0477604862966705
0.7310811135397374
1.851759402952895
1.604179001740195
1.4211365741465452
1.8440475571087038
2.1864691737403907
1.0817669160274361
0.4125936046210528
-0.526080806524964
0.8869702024672232
1.05582003147448
0.35408400032703535
0.4768117595852682
0.5634826669371333
-0.16403720960285847
-0.7292451516738643
0.25492424283420917
0.3155521451169064
0.17851666824245
1
-7.761747393534818
-8.273877252161226
-8.498168572780207
-7.862614187141476
-7.458113860160814
-5.706989781043316
-7.5381118202215465
-7.5770647186504965
0.9974574487377544
