80
4
16
0.24261645425203687
0.15907603500384188
1.2264137778814028
1.2725835110824364
0.12324839625735497
0.5129844465672362
-0.48280179794636974
1.2030444605223898
-0.2918723185281802
-0.6224519895661187
0.18810694938674838
1.3722183089134958
0.33634575329199456
-1.2182064561674404
1.4499451489359307
1.0406026179329841
-0.699283284215029
0.1468611920603384
-0.10295315334760291
-0.7674031897621532
2.0983641433286673
0.21463458551472542
1.0444131049478427
0.11802828000550235
-0.19422443166047454
0.3227176248920103
0.47191247973739164
0.7605505090054878
1.0219851177633053
-0.8035202356512613
1.7945096883533012
-0.8780484744488409
-0.09415919275630596
0.5100483830864639
0.7688088759689825
-0.1751417341709096
2.030959707149236
-0.3000245066841323
0.5069986359378148
0.30785650805525155
0.9146445623400229
0.6607662052482769
-0.11472125457096868
1.777232195193011
-0.38634569797404905
-0.10377952571983157
0.1362222609679944
0.04924875299295983
-0.7422976389948017
1.1641084986091663
1.024629186988973
0.583222121825281
0.8812519993370835
0.11420817307068355
-0.4029518553879195
-0.2224719853147648
0.5528084983773157
0.23154798186218992
-0.10023553368483917
0.7095449568230435
-0.28924105768184655
0.09047461008319654
0.18265077742288605
0.7772658303005682
1.4322934267328709
1.117325703636868
0.40194390167126925
0.5281499530006187
0.35833332523416106
2.2838883242974717
-0.003842980505528698
1.1218960743587314
0.8313929144316032
2.34950568870914
-0.6897003808557728
1.4398529990199147
1.8420071616862048
-0.43914819805551963
-0.2750428874174202
-1.3842833982732463
0.10738073449404502
0.5174227020051566
-0.12503584603745624
0.1450193414837869
0.2315080458462364
-0.8530384792377314
-0.25014201620519066
0.19057160833865305
-0.30192964060797006
0.3587696728281617
1.7045327449021337
-0.161343109989613
1.8215597094101297
0.6459804070829714
0.49261709473602616
-0.37276532658589356
0.8860195244957911
-1.4767352745594233
-0.2669722824218945
1.4553069580922158
0.2827015311425066
0.43547335030052453
-1.05188684982044
-1.2314287820862106
0.8566741680136967
1.8296563501607652
0.17142472952893154
0.51656126641337
1.125089800509973
-0.5874704639784072
-0.5811989738457987
1.1176142806892824
0.5650788484664397
0.16494695965539918
-0.7269145095752246
-1.4650478599207217
0.6164698312363264
0.012901212953069872
1.4473680190043776
0.004115167266174585
1.2288873185414362
0.8564055777863562
0.06431924506330258
0.9319905594928051
-0.2780725833028877
-0.030391293182365817
-0.35498787312444147
-1.4044429606421642
0.1139480422173102
0.7105700822393642
-0.03923429534209922
-0.45852101368180304
0.21897940404216526
0.1820564929117073
1.5287884875911848
0.7474266670400126
0.7581444324731446
0.19815170631253992
2.109061646155839
-1.8634091666116477
-0.30865128426681887
0.32702628793269756
-0.4234869302820948
0.4231444314755519
-0.5501171026852485
0.31883145608190633
-0.14365862041271976
0.3021488678308435
1.0918577053672731
-0.11987738152661295
1.003947700165707
0.5474636648551631
0.23558721224558943
-1.620325305946535
0.621239451383908
-0.006149453606960462
-0.19665555383672326
-0.50761119406231
0.5729810180580641
-1.5617525965019958
1.078569623098432
0.16024614217369154
0.9010193481055916
-0.06493136518623807
1.5287678009600618
-1.184718772502232
0.7066916725216857
0.9687419707910655
0.6587480465875887
0.2714684384927891
1.6147959197248016
1.9244816634334414
0.860539886461064
0.4047823521522489
0.8122896245552117
-0.40849656026007364
0.6113186988951664
0.36732635456784757
-0.8853738854969506
1.0450038550130234
0.939224344657717
0.20406705371998268
0.43804922493425275
-1.1469508924480716
1.2839099282303463
0.46184665166341277
0.32103092762483604
0.6127510257684715
-0.8391000086663865
0.1693295757779542
-1.56003014851097
-0.7598430938423167
0.13671502344848124
0.4878595845023721
-0.6621825807905118
-0.389511443237034
1.5311985322912407
0.4806392494022677
0.15358781902627197
0.7155414110957635
-0.8173277333952825
2.1361236510620674
-0.2137018662260043
-0.5632668886850953
1.1715964352861257
-0.05482229267070605
0.6563197182615536
1.4688320274511877
1.4564663218004752
1.0567985117641827
-0.4431958045253352
-0.8425656524734615
0.2956152086111609
-1.1294668361649094
0.29514217919370556
0.1722542198774641
-0.001718116961436339
-0.5213913503797207
-0.19878044833268443
1.6315223908507424
0.8703334838102648
1.4337103898136705
0.8260769800473521
0.5135246677773402
-0.3873890725809597
1.149231512232302
-0.10849693486340023
1.4130470570601343
-0.3561774945268461
-0.4557664604770258
0.10468949877613176
0.6291445625100354
0.984991974499154
-1.273946428302345
-0.48603495576543265
-0.8981350260250853
-0.5764395332150863
1.2582234669022139
0.5796497441863655
0.0796606537178694
0.8326464548338895
-0.5696429341268374
-1.3612958034740805
0.26371313079407976
-0.07516931796629134
0.795291295493586
-0.29951213880565775
0.3338498417999741
0.908307680146324
-0.46583297279572045
1.602330081134101
0.9006145307581288
-0.5923685372760266
1.0696260407671423
-0.964734840095112
-0.1798489290033201
-0.6518709866003884
-1.1135180995280314
0.6453569129714417
-0.06988810874573112
-0.15401352358613224
-1.0788744867379458
-0.8372929385995606
0.8837702874980145
1.597026413411713
-0.13180084777528248
0.26975930448365926
-0.28682244076394003
0.07775696459691603
0.24739354079664524
0.678538870108276
0.38693128213246475
1.1046501601093053
0.9033297885725359
1.93712791112893
-0.8067866081210238
0.5605950342258883
-0.123246469533205
0.34759164535996284
-0.8171270421325905
-0.14504545132644014
-0.5265603054258109
1.5827897326107923
1.063542734125767
1.3662409072837045
-0.20660568287935907
-0.10257251742848314
0.10700370067815522
-0.21447987036429797
0.36031959683003334
0.8377656498789109
-0.5349653024564996
-1.6861446587033433
0.45351485469312847
0.7933920587889001
-1.151795478033556
0.6397480098498751
0.13551291140694371
1.2209615760205437
-1.6806712804987003
0.4582905290145244
-0.03297955164501083
0.953908539001764
0.17189195473545543
0.28848100889634376
-0.3570433780807101
-0.047077096948091104
-0.9351461524092215
0.4980645681058667
-0.42420371100398757
0.6412026103407024
1.1406147620392744
0.06913039800258218
0.05232765777871632
0.17463986791443936
-0.5564446125534477
-2.1018332445638164
0.43650447368772083
0.6808419664861913
0.006875089827238209
0.5976142929608331
2.2423334486864435
0.23176983900640508
-0.1733523590229488
-0.11088020332031928
-0.2924741529471428
0.014387699914564234
0.8637738088750218
-0.666129466883787
1.1115948455199005
1.036620106582412
0.9204504259820533
1.395552838199476
1.3126558758613478
2.1100484082420468
0.8396940837815037
0.10153383152057541
-0.10904565317509939
0.23843016814599552
0.22938671945701095
0.09063902116868984
-0.8328512516353191
-0.5214712183893211
0.9630485405000957
0.6883525334892798
-0.49762241860500295
1.7375963911547316
0.10596775998886776
-0.0329965342903092
0.41770333612691835
1.2176196576079232
-0.1671225776697739
-0.00976192108565048
1.2530556707867373
1.5234719540688166
0.40140896507650753
-1.3587669240850586
1.4931389154154595
1.0652081026699955
1.0899558671513188
0.44733413300990066
-0.5034176999157001
-1.0559122750468297
2.003731501064664
1.057104681105451
0.6408075844478048
0.27830129621128086
0.9412395204154703
0.500777333434206
0.10720050280235612
-0.30044095490615697
-0.9613949259606209
1.5580335827613399
-0.5924195063510996
0.1281967912107651
1.9991094030513694
1.2429558007677834
0.5878534293578823
0.34618596089651704
1.2345975057333036
-0.04132740717086824
0.20765220984541816
-0.9168034110870343
-1.3100175504860736
1.7158836540530213
0.7751460791045494
0.15657169913536495
-0.41750529682403736
0.41125276216412254
-0.5496236314129856
1.6900635284463958
-0.1609355291443781
0.5974584790464283
0.5069294305839689
-0.012657808223642118
1.1414615105157355
2.1095170842384325
1.2646654126946015
0.015228192930270494
0.4353800837269362
0.3166683104637682
0.3189373938000427
1.2583467086900753
0.5851920853833241
0.09988347735121318
0.9158997053099709
-1.348336935979653
0.8798128280544523
2.5849789440424944
0.11943515169230642
0.2637218144208334
1.5983846379353372
0.3830988535404958
1.3402025708924414
0.6301475700178468
-2.272121546087435
-1.1512942526382257
0.43760192001167886
1.5597197045731124
0.6783583106005926
-0.24640508372899705
2.3629649846072045
-0.18124031753378667
0.19526111462233445
0.24611024274230997
-0.14395978582862626
1.4510960501770809
1.1037592974654724
-0.3887275677962988
0.5031534420934393
-0.16348468521865855
0.003325150073262631
1.5499057946773167
-0.5988010382918315
-0.7784530575740931
-0.051729031841116366
0.39160984889432915
0.3816364316881201
2.706906658501919
1.1872019125862978
1.4730121653183574
-0.5541853368672698
-0.34219037373198863
-0.1721565922409256
1.0576816847178478
-0.8639103397550306
0.13083309718978456
0.29986062483765347
0.914838064212539
1.069062747469003
-2.379275994221668
0.5402839128994789
-1.201304251240529
0.28572617263465483
0.0034164874072718718
-0.31747636751207564
0.8629915170045417
-0.45155221759536557
-2.1053146997818213
-0.6862842637554643
1.9216420724072751
0.899382792620797
-0.1686928148149902
-2.159564249056778
0.995780362256125
0.6415907209414268
1.0435976170788104
-0.2072366212634137
1.3899112945769523
-0.580683836149144
0.5054076554892709
-2.014252216246052
1.1331997024446956
0.5436817161459394
-0.3785678732532204
0.5933512192396003
0.5801904654572955
-0.661387049029147
0.4025771047054919
-0.5260241575846464
-1.3389112850042395
1.293371465127601
1.8432358404829812
-0.6121483811247534
-0.1401846782589051
0.5253559188196257
1.4360485145111095
-0.10901476309498198
-0.26871899491026285
1.0987143076587256
0.8745009864757884
0.6947432567453725
-1.6158051320063544
1.0511086028915648
1.9680066184063845
-0.7176909147525383
0.8893017784083312
0.8331670953926212
-0.01716606052488485
1.3466414534879672
-1.2438386299253965
1.044568617580972
-0.5870812249902652
0.35051323918935007
1.1394206571987011
-0.0810351250124144
-0.21318558277656613
0.29577289535184453
0.7382809544570482
2.94423133506745
-1.0682443287069476
0.6628530744854486
-0.2264709013558084
-0.7078334220773634
1.7335853059666644
-1.7028996895545052
0.4609709859488382
-0.07413217774909318
0.07271340023156622
1.0959644215323243
0.05470087489914363
0.20238302878811754
0.16631137116239963
0.6463366209421981
0.15051536015200712
0.1577213942148276
0.6231169452496568
-0.9648862450874808
0.9799316166881921
-1.7472377672066097
0.3842321162200675
0.7130023212693384
0.5651006866567331
-0.3521757943754149
0.16988375183545834
-0.22729785503925237
0.2236486069873389
0.037216291480147885
-1.5672052106603216
-0.009442553968503659
1.9138674683176624
0.993638490650613
-1.5868774387708051
0.9452654089086168
1.0560986886549355
-0.19956407606229862
0.9197335422032721
1.3011767662425096
-0.1995579523885056
0.6873857508543919
-0.17041664423910885
2.3411132133378345
0.888445722928472
-1.1823623118378306
-1.1571840288321775
0.2621942272638494
0.9784619379533059
0.7125611169345014
-0.06284114484483343
0.06535865475208442
0.11740093728861607
0.07243190727372964
0.16620735657120514
0.4763831160454669
1.5370358261916095
-0.327200305180945
0.56378685850877
-0.29348521317791154
0.8906743577632065
0.3821858362317661
0.5267032816768347
0.4170379020666117
0.3884295280325535
1.676845177601122
0.32034526722539375
3.2772960899819967
0.6908384725816219
-2.1208983565645605
-0.5973845739088722
0.9534841698481726
-0.8577604258560654
0.2688914149862493
0.6592656225080262
-1.2655922480477726
-1.5164225661621007
-0.5346511328072153
-0.3676416795687906
-0.6952599606654858
0.36057103954670966
0.9650410398727407
-1.057498747467763
0.5268968056175264
-2.7678222975537476
-0.4127144832772325
-0.8038467435259273
1.8226489651875886
0.29011233301205847
0.7600212992509091
0.45597101169411214
-0.2878482665012262
0.4707935095811533
-0.7079414833075369
0.6098584170987329
0.013630468030934258
-0.12650137148900803
-0.19921174953078183
1.6174760861597726
0.645400577747765
2.0032923112311245
1.3218143383450487
0.3406220239588427
1.7120011260582637
0.7837702507418207
0.7473469672572295
0.4390308686658882
1.2404112371191194
0.21945741603218627
0.0647997071371024
-1.5583575593052863
1.1949005293949133
1.1629857951885352
-0.12900407402885636
0.4667247434350707
0.9086988744735073
-0.08783886207616441
-0.7218487691831343
0.47245604638179645
-0.11859768422671292
0.7767875105492363
-1.3552559696003545
0.31726375375107685
0.7619637002549284
-0.7893570160503933
1.1098404593023246
-0.8420028641854076
1.419913627202485
1.224581223443213
0.5007350289151884
0.8899945222718076
-0.9954530691837873
0.1993179246951181
0.8655547167515745
-0.35698502495000256
1.5085107771282291
-0.41491666350029793
1.0141506023757751
-0.060659913656727
1.469116047987142
0.3130887543269899
0.3914156120198322
-0.5554391803544768
-0.6314638328187145
-0.27497319358602484
0.7556202059653676
-0.27675147708094305
1.074617602545008
0.02730877902055867
1.0133234361910395
0.14428390289195442
1.1283836516273542
-0.2511013030337008
-1.2301742999639027
1.6750680856002107
0.4768922697325064
1.3114930133249676
0.20443294437263368
-0.08662981963407079
0.4646083831310036
0.6950721239401737
0.1766840894725237
0.6899254379691355
-0.029321900839904602
0.41852463666558615
-1.896717447284901
2.2375604782902605
1.2921324467347899
-0.0828283467501925
0.2503043021833154
1.6118244571078408
0.5613485960768225
0.25824190129203806
-0.08597218664782807
-0.20378147779411215
0.993522858235193
0.5677306941133765
-0.4427288795430906
0.1034272517960586
-0.6310494386051725
-1.1328617980168596
0.08852205641993426
0.4102058847209412
1.5555505303869974
0.8233416231658909
0.26734903405217286
0.07710749904571829
-0.6246804679002012
0.19825345858894922
1.0566951466296621
-0.811501334381268
-0.4625151903394531
-1.1008401912711756
0.16511628614153734
1.0063795490571616
1.3569505380682723
-1.1835170129408064
-0.2138664058933567
0.25557323026185813
-0.08031886098639887
0.46309375925686846
-0.4369846106858139
0.9181957209113466
1.8570374788613604
0.43931258342755203
-1.544407986312947
1.1466917097222962
0.8681526197414706
0.3560541869453059
1.5035755432517066
-0.835788096240125
-0.7980675442729069
1.9196139465843842
0.07771661442216211
-0.3287991937033262
1.0865353828361497
0.49103275812814057
0.7364893392548412
0.0770816688343367
-1.3288630504336219
-0.2904769618192913
0.07825081690454137
1.018522080025919
0.44627348946938805
0.2824754872527416
1.2155323263095483
1.621469392490642
-0.2575043068124901
0.6724148686472118
0.7344492002020248
0.1142377091318779
-0.0780120759700308
-0.37701839751970234
0.8802506570161193
0.7036155578379997
-1.2798559606194742
-1.041077394021202
1.5422145328041954
1.7311196356587235
-0.33838971638210863
1.030053734142636
0.5584164203839083
0.7044900644226114
0.5697770839555818
0.352057504885348
0.15441142108419814
-0.3603107427230128
0.16656155543746412
1.3122728739477398
0.16612221653359366
0.957651877621225
0.5365579055666567
-1.5245068979632888
0.7517870885923608
0.243302189622113
-0.6467702845950303
-0.36589992407163974
0.6369738110068593
0.35602857274232047
-0.3583187046555358
1.2586346373670443
-0.4842102611218729
1.101705804728369
0.19153319758102488
-0.45409489349825904
-0.4140457110995704
0.14639362509428316
0.43209132654831267
-1.9459045507990675
1.4855032546843348
0.5244780580212628
0.4849459859691826
-1.5606924290711734
-0.4414511847783397
0.6477093944109756
0.16191957103891122
0.22314148735398961
-0.38752011070508885
1.7027398162221496
-0.24527011880217467
1.689906815306322
-1.3067736685587832
0.18139824470880558
0.5542480083786561
0.20595599725820624
-0.1369087095801056
0.5862511164695868
0.37354907626774475
0.2095443483756953
-0.019523985778208124
1.8109362465584486
-0.10566820637034943
0.479601944550061
-0.6877876151313848
-0.18584169708713655
0.40490194923702416
1.2105297279165832
-0.05802795460544671
0.31161656418171746
0.13065361414930932
1.1282186734509834
0.9348660531934241
0.5814172385816523
1.2850926777889975
0.5104781875327169
0.38710208954924424
-0.12384471375480102
-0.502946017014858
-1.1164383837202922
-0.05783245790452256
-1.6414871756619023
0.9510032416465111
1.5015695640005058
-1.372670317806375
-0.0324127666064841
-0.3412936924924609
-0.8145231229000488
-0.465629154687391
-0.43664274681283205
-0.18923156169354743
-0.07769537442162494
0.6847806283833943
0.4898670294304321
0.878830059202494
0.2541792160048661
1.5261733892901608
0.6336142229448698
0.1383582790650167
0.373907232207577
0.36803429373819413
-0.009161065774044144
-1.1695925712348705
-0.11124282545079674
0.06662605123798453
-0.11868144850579108
1.1087859895410033
-1.5059270057080227
-1.012455096826093
-1.6106295444463843
1.0420682248450395
2.3391609057053637
0.37712090158878553
-0.43860064969756957
0.7480979267403548
0.1303911057417985
-0.8540955870100576
0.19761683514714595
0.579928662027256
-0.27576800482896674
0.28710494398438674
0.6578758347342608
0.37342325286042033
-0.723360489818284
0.10532340727639677
0.5035634342178469
-0.8165823312561233
-0.6044662083058147
0.8163867196073298
1.8513575544127063
0.8500649219710309
0.39590196439987535
0.6041554628727466
0.6774358467623021
-2.1209972041655147
-1.0320501840660743
-0.4430051182027091
-0.1302335354620489
0.40480780719208453
-0.8339590723743919
-0.7215183140785743
-0.22002320237262224
0.9932183563702032
0.8560649534385412
-0.554803224652493
0.8377120437937915
-0.5696555054238335
0.7955943478011145
-0.5456026114056739
-0.10917871331361091
0.6040733286869684
-0.23427033934704702
1.1629481362830754
0.12670352082656225
-0.6241397133965921
-0.07497089138747132
1.579134458360099
0.6962626042490717
1.2041703212095383
-0.7646096693047723
-2.0688533970628877
0.49559441336515453
0.2054279549761755
0.24213878113960763
0.868658831355314
-0.34840379057996124
-0.3877485497806518
2.2646220308736655
1.2423943510117235
0.9638027093189698
-1.5919779552025088
1.6323832557105002
-0.09092202597462595
0.44838208671692165
0.32765693195329315
0.705381091233081
0.14300200694190604
0.5038527574808456
-0.23663163947141352
-0.46192218952801145
0.2244994109583493
-0.4481711774154261
0.5945688802705954
0.9298775265841233
0.1661876518581093
0.48233718618042476
-1.5919177435699061
-0.23120563778000316
-0.3231173491274574
0.013280455366941168
-0.05482230036616384
0.48302601881390006
-1.0518123860893673
1.2237678602223192
0.32422664231747134
-0.37724691588594395
-0.9963563525172263
-0.43580449305606794
0.3797356549818548
0.22286367579529184
-1.3212091183162795
0.1619331655793294
0.6144873975245153
1.5456535171535082
-1.8036846141409497
-0.9609200854362122
0.8853130421272304
1.6579460396823278
-0.28969196136467057
0.5951858548353257
1.3358394871951134
-0.00702494376710628
0.33953516476587786
-0.5375243258348369
-0.48847796819557954
0.23959839443040665
-1.0428896084238417
1.8039204117894794
1.237234980347531
1.2021230219916192
-0.07433482979784195
0.3707648288612637
0.041908577413732384
1.2687665310000167
0.4340510659158126
1.0714250792385145
0.83324276936857
1.3505216423498791
0.26501105122688556
0.44092811225919926
-0.9538381682984466
0.0670804665865821
-0.09600792397478197
0.6979791002742936
1.6708280482532565
-0.7593807337533712
-0.615539306772947
-0.10588755018419874
1.3922517681549191
-0.5532874450206251
-0.05630021450952853
1.5015468973077084
2.1339473500280004
-0.33037854507934133
-0.2983914609583404
-0.27660363432047724
0.5819163860522621
0.8219361643034241
-1.3314563758054816
-0.2215252548859497
0.5580569846580029
-0.19034777644260703
-0.9469380257113902
0.8696947844922143
-1.3164958863963923
-0.34685488780925405
-0.3748438339354172
1.6116703140949424
-0.23185743015774063
2.374116223685202
-0.06756322280473442
1.758813385137597
1.2090228542904686
0.24289384582583012
0.9730587001327995
-0.24263104389551632
-0.09267999656520248
-0.6100998183579417
1.3241371437552374
2.1554192418929508
-0.46493778757565574
0.211915466040838
0.3505406197688786
0.46000342871892214
0.7400196603170592
0.23743537566756495
0.3232646930872731
0.8061804117078465
-1.2083493348190033
1.2141179568649538
1.5335353695223104
0.34140576257817223
-0.12380522606708272
-0.2928058514512294
-0.18582084836717092
-0.11330959365490922
-0.4700955786574179
0.45635379235682494
-0.11730148043309654
0.5142164811441134
0.4436589382621294
0.3384474939214803
0.12391243244983402
1.7545574916906148
0.15232941441692333
-0.07276208412888986
0.17987744171145656
-0.6707527281943002
1.473445123559622
1.0168048763240034
0.5040753730970762
-0.4839379899152937
-0.7811249086732278
0.49216201806207827
-0.04950289578048225
0.8371115661876698
0.849244006872136
-0.8062867448774531
0.07369433634674022
0.12531094068991774
-0.01953554410529001
0.9377319677389397
0.5997137828251994
-0.03772035975554945
1.2359223266677097
0.5989899629159279
1.7071982589521029
0.3135528849095006
1.2245036485960608
1.3339768711109519
1.3846816784498739
1.7132819340219068
0.8971200617933768
0.9919649806851311
-0.5434505169571098
-0.1823064923303363
0.9409314867378734
0.8936173656934674
1.8212329687047595
-0.3323730070681838
1.1671285626003571
0.3070042036624959
1.7771083992790142
-0.32834503583238
0.40942936587624634
1.3906677516964776
0.7755033114339926
2.038474532916485
-2.2021352675562644
1.2899152546425243
0.5542975766064988
-0.34807938814594636
-0.7724127382073935
-0.38476442475721023
0.05736311422835509
0.49165280206668893
1.7853222349392022
0.8790631545973874
2.204587320132207
-0.6573838005160944
1.6011487510633287
0.42950579990694293
0.11285891564443314
-0.1337963092603767
0.7761346768949142
-0.7449682774370416
-0.7662161792666538
-1.0194087522079536
0.5960279957066005
1.0762894995117975
1.0602370049217087
-0.9020105325867391
-0.312661057771162
-0.5766921704436241
0.2957297897949094
1.1528365124911177
0.3231946179615213
-1.0665962664663264
-1.6662206394725958
1.5121897927437726
0.15495546301574772
-1.5473494013622189
-0.6451867700305671
0.5937714986635149
0.30483376127607964
0.10438176760594778
2.21345348345347
-1.1058034659339122
1.254150877375219
2.1350816629982017
-0.7327143680667738
0.46827408184803365
0.13668531460070102
1.293505416075371
-0.6447024373382765
-0.14869004925644674
0.4203194538584417
-0.43578031691559527
-0.27807101072357554
0.11902007995125408
-0.8679866992215663
-0.373838662998762
0.31179179718367067
-0.14973749136959613
-0.23168400470560846
0.9072977762024048
0.7530393471130272
0.3556009622206677
-0.77275320465837
0.019165745566860445
1.2065870920122164
0.23413885764484388
0.7951232412588234
-0.6359862987124856
0.5009711601132528
-1.511116073042211
-0.6030737678545905
0.7690122404290288
-0.5572156406955616
0.8723965488680646
-1.3739363454307045
1.0092520902751916
0.03907133144754525
0.1200566534910642
0.08387640726815958
-0.18802518633539073
1.507825189731463
1.4734531931979808
-0.6954908157898771
-0.6862337207997246
1.54499821329853
-0.5657461222312785
0.4207645561115093
1.1006806168687218
0.10316438789109374
0.0894489634633741
-0.761192645104059
-0.538149314457846
0.5565127406444965
1.926865374245851
0.3394538113782215
0.19745658464634588
0.30413055403665895
0.4411829425615693
-0.3999936733951984
-0.8342813091356762
1.0501471215248395
0.5015631895888172
0.026466856099990332
0.7974022901707455
0.43487655929469043
0.04531360000298071
-0.3063046703558785
-0.4400029973306648
0.6275774634401665
0.37735866464123413
0.04595105079324957
-0.07683324512751541
1.8455050233047763
-0.7402504723022885
1.0119075316705564
0.6543961159683351
-0.13983513644061707
-0.7591409921912725
0.7435685869419718
1.2397326515128304
-1.1444055974359428
0.11762458252592027
1.0559907818537295
-0.09736189498904779
0.6930844562395116
-0.3821304553216763
1.259490085099616
1.2286741646945534
0.07381920184458042
0.5635943221032571
0.017958136376073963
1.0629581041855727
0.1369577808958226
0.41215231852421813
0.7701235616831427
-1.1731804499958312
0.7046470510207243
1.4615694078810681
0.7790631019881544
0.602880723802246
0.6919360103712945
-0.02174096808211956
0.9536814283440115
0.36718583644665875
0.29275524354571186
0.46396000673395277
0.9786095216233555
0.9223125943662791
-0.18523835627287125
0.1156552757626508
-0.5527128832159867
-0.4168130167993622
0.4076887242060366
0.07879588474424616
0.4859114750868665
-0.7355936914174597
-0.8557700124354265
-0.41270880703327206
-1.0799684803662364
0.4393344411197879
-0.23853738322701434
0.7156519618452054
-0.3122057575265332
0.0010581881677551863
0.3382834042063465
1.7048198732916
0.18754134328471894
-0.46399863926927126
0.09581269064174953
-0.16161308284013368
-1.0623083885818048
-0.17538270939137884
-1.2546761840235179
0.17686115943438008
-0.6985413658751319
0.4824328779664485
-0.04067860769049865
-0.42598927591979097
0.188355782618817
1.5639167330772064
-0.23881492473366278
0.48651170050938725
0.688800894319279
1.681700261439111
0.3809659940595821
0.9954192156195636
2.107227216914699
0.38647323907597403
1.810930333086053
0.5610579388983822
0.8863066549497711
-0.8308932080778416
0.4887430026285693
0.6075843376465766
0.5108099789016929
-0.44606924773721524
0.3649708560591559
0.2785284091994617
-0.2540632676862688
-0.215519147244236
0.5928883359752664
0.7783116543433848
0.31862210419221226
-0.28845670269506685
-0.2947916464994013
2.0539657181571203
1.0348357670048882
1.1556549847359736
1.1858922826232299
0.28010981196774803
-0.012213164399810142
1.0143937227880409
0.6210746106460012
1.8758631323350423
-0.91730723570176
0.2527988754120399
-1.1308080975006802
0.12392085963335209
-0.5599297478240308
-1.761520385406812
2.336744626889005
0.9040642626488682
2.2253424498474024
12
-0.42883970644894853
1.634917465348899
0.7648480245559203
1.0932212385057407
0.4956761212223003
2.274327440632075
0.6662857724605741
0.8020014181013277
-0.756530307099683
-1.1896052248778541
1.3921203748335766
0.09018403106918316
-0.8207205788353
0.33812112810689815
0.1664804154541071
1.0616068634215041
0.541869644515238
-0.27334499188230643
1.5780641287278816
-0.30118313049487677
1.0945208744778598
-0.21241511516118539
0.13180867406590935
1.5210876753105746
0.659483832803308
-1.1280696843316522
-0.3183000376841628
1.2088132879933724
-0.8094992295459275
0.8171969634713607
1.258086941581062
-0.21899696232377566
1.1161740832272764
-0.46616207746510485
1.3881991227418637
-0.34178847006381197
0.8373909537345305
0.6965178190412924
-1.210882901292725
0.6720494151383185
-0.3765518083059184
0.03471217971209506
-0.4915750196466977
0.13622216452242508
-0.7007065977098446
0.5620468662218244
1.0130632528180732
-0.9374702675770945
1.1074486262096972
0.21145054084189363
1.0758170488132388
0.42359712954557105
1.7818614167083586
-0.05537277005259042
-0.7555309619600519
-0.09922367321711864
0.644096246985101
0.2594061377771978
0.4646745706877764
0.8824724485726156
1.2151740010182794
1.1818901880518702
-0.9152863755603239
1.0194186191438508
0.8984759038732599
-0.21740344000794176
0.1980159109337672
1.5534384843808389
0.5198022950400703
-0.3980502572945914
-0.5634316963980163
1.2720061265120772
1.1713271826881793
0.6309582334353598
-0.1697044220672829
0.11937655443537147
0.44398430313256104
1.1071513499151244
0.12707978739552447
0.9833223534757511
-0.9596645437736553
0.6882102048488525
0.6618153970432087
0.16259241312015366
0.3566891591544222
0.40288882185906105
-0.35566224392197354
0.7707707275936623
1.5128778143359294
-0.7124929020031371
0.8323699160817434
0.6093230049759858
0.14029973595241146
-0.17029686236432537
0.597763451263559
0.5373799915037157
1.3698671384115544
1.662061745772291
-0.8812603710372385
0.791518080577961
2.528649965721749
1.3403130825411793
-1.1453326465933535
-0.07492615764415003
1.0605867788387409
-0.7528597982756801
-0.7966216862799662
0.9144132219250636
0.8828119985220889
1.235774946255228
-0.4390197983167666
0.07043061849410301
0.017628949668190882
0.865678486177161
0.6003737866444404
1.293064799598923
0.8590099146276524
0.29149803143640873
0.5451604161445749
-1.5956572807150748
-0.8040046628280046
1.576073140723451
0.8794285115628329
0.2691973587196367
0.868201443540766
0.8917773262539788
0.1597792255489522
1.8949025387840222
0.15078384819087742
-0.12706243937139383
0.9455420280517314
0.24286685357248033
0.8602034046540838
0.6426678883200388
0.23443415117759867
-0.4797503893523207
0.5718775573885657
-0.09651148130367421
2.662794869674789
1.2766613153119062
0.7369243640972618
-0.6258943269153451
0.8290354591247281
0.8238893410131986
0.8159268567408354
0.5728971797919339
-0.40355274543070446
-0.07032084691443403
0.9703907670642752
0.7159172034484376
2.1438918173916752
0.8390459637252061
0.9149413045888213
0.7877464120149112
0.7227387171451769
0.012635170036495114
0.5111433623311441
0.34883310273683715
0.14824264707082693
0.8258529645926234
1.2158558536304795
0.49900244385514264
-0.8239772588604909
0.48491363604274823
-1.1937814205933415
1.403570695043327
0.1928717337461099
-0.5256205635347063
1.295049873196465
-0.6660547630104644
0.14467795926284358
0.13679643000193287
-0.10637594266647546
1.1151010957565213
-0.9278643674917788
0.5689633215978224
0.5531587740318431
0.012611415058976172
-0.5294765295641793
1.0460757547914301
0.574541162340752
0.25286893403912825
1.2082415171137733
-1.2583414473921075
-0.3722713544192908
-0.4785727793785855
0.3849965905799311
-0.6821212607114231
-0.5323875600035086
-0.2347275120007446
1.5474589672800634
1.4301590048244404
1.178292274050574
0.3515845454748636
1.3450193073796128
-0.521727460013315
0.40004182283051304
-0.6915467569073368
0.40256870197118405
2.8989137261332245
0.9255564934238911
0.8170134375417544
1.1237582710129295
-0.7311322246801297
5
1.7863868238858485
0.4351607597152979
1.8468786417522163
1.478407581600356
1.2048218586775445
0.45221184664975955
0.44757244065327684
1.3554220978115226
3.4368104133525965
0.8108871784544256
0.4988377107636277
-0.7569131512271757
0.8269108562935013
1.1504380465183224
1.2156491635742672
2.9032829580015433
0.9930385667405441
1.804588887600234
0.25097176470340266
2.7924215928049185
0.1176643109901143
0.8722814559715308
1.4795234136145134
0.36354844691464816
-0.06146303176758014
0.9271225064676659
0.35443061043081475
2.100425506091868
0.4328065397471341
0.6106321960819604
0.9142838905798701
0.9314299698413061
1.3268761330610626
2.3921616482387678
0.7661598198344381
1.1675484176468347
2.294670177008434
1.4053714530451167
0.5698542125289319
1.7433360286456487
0.8404426004600419
-0.9826301252835593
0.8778197213796239
1.8423931692708113
1.1519497489739876
0.4853660692641737
1.1680292020417251
0.5845340114332143
1.1467306884394162
-0.5679517328529539
-0.28436613117636617
2.1831833765733046
0.924560328655194
0.07839118581033794
2.6864935329284347
0.793465385460423
1.671522987278474
2.273908613854453
-0.00108786894582431
1.6725083601086788
0.42966956797770656
-1.4631471599449501
0.3648697323770159
0.02328104588227571
0.900129463949228
1
-12.097939388148115
-11.28121838121228
-12.41864075912832
-11.81108864979872
-12.250720655037954
1.2558266298221858
