80
3
25
-0.05068857400283954
0.023550995775169066
-0.14329998584057868
-2.1623961984635893
0.8901009117945264
-0.08630925637955973
-0.7314032405043218
-1.5039631149124508
0.47583293608203325
-0.01924753872667013
0.2776849234959526
1.492204412390036
-0.19248679016159348
-1.2790116890236802
0.3115468817132304
0.6518085605457421
-0.8013053352037405
0.5882110997095708
0.8223077139561347
-0.1422703445030962
-0.30853680724462546
1.1978485090569657
-0.9081285515565632
1.4013231290213821
0.30444366885764856
-0.3943658900985559
-0.9679660156868582
-0.6214080513782012
0.4400784170811845
0.24308197692739933
-1.7482485557737475
-0.6188191184694632
1.224985890962517
0.3264393463744681
-0.8420151962192532
-1.9125762591692708
-0.08749446690805847
0.6697759219139553
-0.5116209981521188
-0.6000116206349754
0.3836316345220868
-1.253320145326144
0.6395023809932358
-1.2760844383623589
-0.81518718103625
2.3371965005511943
-0.7457549497606938
-0.09296051134432061
-0.6708515548968876
0.6481351534246762
-1.1875920445390988
0.6921410197976107
-0.6175927063938867
-0.07087717429348338
0.15087134126661206
-0.6175541205579873
-0.5739254949154534
-0.46428701776143744
2.9689758483667954
-1.3917838526525317
0.338398716070951
2.1844178171016266
-1.3558835922489971
0.9269263448224498
-0.21963676423519918
-0.3114319592684417
2.589707448309855
0.015124291865330776
1.02002786646246
0.706651896222307
0.7155292136455832
0.784871773732883
0.680559877771312
0.854665205127322
-0.09645324191734475
0.2557016177867178
0.6855189229920247
-2.2404404711525876
-0.051020641312743024
1.8856840850452317
0.34520796706522583
0.09368697357347522
-1.5190732415100225
1.4062163201909068
-1.008746821719163
0.053773859461221
1.746667422244144
2.23247883522272
-0.011249737881889495
-0.3037663160232599
0.8058717143615095
-0.6592462690471541
0.5664042896428932
-0.3582093083017177
-0.4699035407333872
-2.2330240732460584
1.450274100432144
-1.0509866909724392
-1.4169887930845377
-0.010380419361630724
-0.49105699947247966
0.7749646731654116
-1.6458705481640663
0.9553791784696363
0.1974360466727854
0.17561523284967687
1.08596336832156
-1.1344950727402445
2.161363108594811
-0.03953059029067923
-0.9922915829785605
0.7781114898557685
-0.46047324531297423
0.7808270332870328
-0.738581206627917
0.8190695112068741
2.2663772902899377
0.03644027720598998
0.7872655173966914
1.2875308497716489
0.8258511089955595
1.1890506181096665
-0.6246978612104043
1.5120494744948163
-0.2777157646654037
0.30514037888885304
0.9833229998190034
-0.1609754500452464
-0.23411541938980668
-1.5269991833414158
-0.7032743872370816
-1.5654803098006271
0.025934990909698207
-1.0443046035596952
-0.511908254842772
-0.540202963808755
-0.41870114340559544
1.2331009045007464
0.38513704220279993
0.6362581071608684
0.3097421315492717
0.6579472707594619
0.4514398542139699
-0.18762317791898847
1.5892139560755443
0.8179157033495714
0.2915709938914411
0.07026390219790808
1.0115563527636684
1.4895966034635633
0.624633014749072
1.6928492584249337
0.22260269847194672
-1.002395431942379
0.9556636595200683
-0.4930030370962263
2.009654515652662
-0.8685063421083694
0.3137616926879319
-0.7402235426529905
-0.5704035498018201
-0.6436581166612055
1.0392511288703628
1.2948930444426738
0.4802074461811275
0.8528252025705161
1.2349653448405813
0.4937302745756575
-1.0711833852025496
-1.9584176962389108
0.48937116810852854
-1.408311430751269
-0.42425877660071487
0.6446680366019352
0.8011104213115197
1.364390563733472
0.767231258288457
-1.640775004477638
-0.5041457086813276
0.4957596947283731
1.3850485428514008
-0.9153580592282519
-1.352895691552561
-0.38578902986733765
-0.36754618688233276
1.282131742057089
-0.5778997037175907
0.6403664469232876
2.010062440003226
0.0829305303193503
-0.7665861367410722
0.6864591484746916
2.354169549177302
-0.24408431920717216
-0.18082206742106474
1.7062599202603768
-0.07494329047058929
0.3789778918654792
0.5138017114958556
0.12501984363274105
-0.781716123990151
-0.22026016417335648
1.1094498493930065
1.494083760475907
0.20053582375204201
1.929805579797678
0.4556741914117661
1.8166402320566362
-1.844424203565397
-0.3449589443527627
0.3383608262050936
0.5181653810045164
0.31583220003936874
0.39316193045160425
-1.3871050363475723
2.2915880224245773
-0.8032766703515893
1.8618998578856092
-1.2874795479140573
1.4280597010383123
0.3133052194923688
1.0395911592029592
0.04715702789132387
-0.31654103398689404
0.5634650409452917
-0.04044637060176914
0.44479554011671874
0.4000418179343431
1.0929173464425315
0.39901646765485166
1.2944073885242608
1.0678122815717266
-0.26522960825168046
0.9633008524937611
0.8437966004872804
-0.9283890906016704
1.738207850277518
0.4397143534243152
1.2552100798018804
-2.114927957662869
0.5120203626608554
-0.03845280824899478
0.7489148802832836
-0.44534426006600314
-0.4749583431890709
1.7747472171431493
2.436041978734961
0.358165547985793
-0.08847094611058641
0.9965114925163483
1.3165037605060972
1.280967704167844
-0.5169917911754458
-1.2493481773253288
0.9178445880453531
0.4689505811027847
0.6926764491776599
1.0625292935879813
1.3062262268797524
-0.6808545179735782
-0.3565058216240432
-0.36413172125405147
0.849729539506397
1.2005158385851256
-1.028672552355142
-0.7321454241758403
-0.003120461344461617
-1.4652499897608575
-0.9642280009076492
0.08126491914822968
0.23991090176002716
0.6461557592105998
0.6618999450978074
0.18855465810340302
1.2458699128484017
1.9033702719398677
-0.5548959767714043
0.9534503297696881
-0.33465707449435467
0.20282193039004393
-1.0064397559510296
2.2074466065208402
0.79503262604692
0.7189653222524413
-1.8050303413857416
-0.54002768783551
1.4200308711418448
0.4695459812590848
-0.1707737667889411
0.04675626184066368
0.043588625879639194
-0.050542326147311224
-0.04885450558882936
0.8498976011774783
-0.7458699497152875
0.6789882037740704
0.17375291933620135
-0.3403545876916913
-1.1446774406366824
0.48762197413438657
-0.1337634826136907
-0.41047385789889174
0.6165824127424615
1.0248792871217514
-0.24133018548733243
-2.1053708392782853
0.008365804687540595
0.05903548982482252
-0.7390781561507719
-0.8560676545664502
0.5513982854768034
0.042609771225324125
0.7012695680741534
-0.31007083391795104
1.4216668354984368
-0.22005580521186033
0.1432557379427126
-0.3295982333409098
0.7010762626818487
0.929463705488713
-2.0530910758982697
-0.152668744875079
0.5691556125944666
0.6961665709366761
-0.3343545988998018
1.5299757872611026
-1.2688307772777827
1.3295974684266723
-0.3612004022018338
-1.2099454671298329
0.6896830332428635
1.0257579790256894
0.2182499171580282
-1.3869089274627324
0.7819977117172906
0.23978669842370215
0.8279929774998444
0.27388901011280903
-0.17409160405825744
0.6654612061346336
2.158625535327038
0.335334141647073
-0.5923318402779496
0.4735447320466755
1.3871102269759485
0.5243598790546122
-0.04318056204472472
1.3900136969951629
-0.9175822689672063
0.20731441743782336
-0.45350355498040185
-0.584804130249745
1.2143512705666832
0.047186388626061754
0.47946108266219006
-1.0245936394057993
0.5961752853633621
2.88970007274103
0.9211736437270284
1.6261617918936477
-0.7964048983527717
-1.9843522520882413
-0.7982597199031246
-1.5206215756889176
0.10866813031826202
0.1249817390675115
-0.06590856902763184
-0.43017561389949666
-0.7783504167602565
1.7733102677037687
1.0542529148686275
-0.07200905428399136
0.3819477116951288
1.721599908070108
1.2062620284874448
-0.657269372696937
0.6038541991290828
0.058293606054426884
0.8167759190029222
-0.10205087153828865
1.030930512709625
1.9842414976218619
-0.40774326737591665
-1.7629321929049968
-0.48435027812730874
1.6769388413741637
1.6463425932731923
0.20125146460023102
0.800078551700795
-1.591797093464517
-0.7520133808610467
-0.5600628728888116
-0.9618111693025738
0.4158582607383354
-1.185309765793597
-0.03622071762739742
0.19577846312213626
1.8578318711693662
1.2065794646219448
-0.5441522750203496
0.256716312811335
-0.09209462997226009
1.2736316341825193
-0.6201578178012749
-2.1372104608146927
0.660954881189836
0.8897266034483797
-1.6578711177480123
0.520864504406056
1.6610382928093443
0.49008672282036103
-0.6768775389930919
0.23333398061439448
0.12399033306124509
1.9922379736601479
0.3634341245980527
0.3847584028570865
-1.2352522046435315
1.092361159546281
-1.026022707180911
-1.716298079629926
2.1107704889698633
1.1957589682703318
-0.8565610894953222
-1.7382178158652333
1.3654106212731234
1.7994323288823872
0.38508106859131264
-0.324489223828044
1.453692741705963
-0.08037833209230881
1.2986051074052294
-0.4094063303495576
0.3956630473192062
0.3640391502529259
0.7646476802741148
0.9017399938806553
-0.18567278729064385
0.6941522459013729
0.5504088670183556
1.3222650424629356
-0.34791440150155317
-0.25973582849606736
-0.899915352056785
-0.3637455682977532
0.8619594905643015
0.6460802567444729
0.8245889493234796
0.5664916269970678
-0.587093921621974
0.7154001569964868
0.3422390217408733
-2.175437672979528
0.7901495449946088
0.45169820297897284
1.9495848725517742
-0.028244712231412908
-1.0815056946243533
-0.5639621466862008
-2.6383941054760474
-0.47483199565256384
0.11822421091566541
0.7185456567141977
-1.283968386054474
1.829811519607998
-0.9988582478724933
-0.727059465996095
0.38138095004935313
0.877494460171608
-0.0906110209889491
1.1449488118034588
1.3935896015130047
-0.5948968503853492
3.118856435451307
0.6099607322712812
1.4915651496014126
0.29667964322543344
1.3735183331668634
0.4000222806913359
0.8280300944508743
-0.029954727939845802
0.018580197567050732
2.201630920028294
-0.841531981483621
-0.053892524423852686
-1.3820513737010343
0.22344046148871685
0.5579569209281621
0.8250674242856568
-0.6828835826786643
0.19672779104492696
1.7792651118049028
-0.05181699170897408
0.060968160441904375
-1.0526244826337454
0.24907046238706765
2.0423285021238504
0.7296790644967627
0.7436093806767863
-1.0823620159621576
-0.22805668042710714
0.8625742715635021
-0.17301338805705604
0.1088163087391218
1.257534332457357
-0.05259694897648396
2.245844910225604
-0.20103012173356033
0.6255599913215922
-0.4790085159222483
-0.3262622957075336
-0.36678771400940313
1.6395431604147828
0.5824298892886107
1.3356969766438553
-0.6722209489779524
-1.499059538749913
1.9742176955723674
0.04492252568796889
0.24783314324119762
-0.14801919429886007
0.2860566257365905
0.8466533101128652
-0.5906971448239187
-0.13995293875165998
0.08380510690702597
0.24085402597297945
1.3383606253775144
-0.4382789645116167
-0.6744544788049709
0.8827748979764325
-0.02820066754035496
-0.3957172486307148
-0.16199886389178378
1.161744723461376
-0.15394450988927183
1.3421869841318055
-0.7255784932245142
1.206409754496685
0.4685478943127283
0.35017142795004813
-0.5965125958128845
-0.19782849719476034
1.817465390375895
1.4037301541803258
-0.8254990117887158
0.19659749092707485
-1.3530568770720257
0.6119557946641622
0.04167119384335769
1.1118320318131778
0.47647276073431755
0.8254454003965624
0.6924843764070632
0.4223798533350803
-0.4278864231064741
-0.7388996458547007
-0.07012493949961411
-1.2450349343820635
0.7456205053158679
0.268083789783128
-0.07200708096581489
1.916102053301616
-0.6088550283291958
1.1471052484388056
2.782105941389418
0.11672477232702919
0.18308634016737954
0.05454867802073657
1.2503349660066017
2.287275261251069
0.45207848355624736
0.7041424211545723
0.06623331087480046
0.07475747183475756
1.618908174978298
0.470150841622369
0.7171420713330148
0.7161617439458221
0.7146490935854184
0.15332454179257393
-0.08250284593284804
0.22692171535372863
0.8925635344419537
-0.9604945512283327
0.13470551837907452
0.05993087716189517
1.0716207886375988
0.2815534348321026
0.8890772186664488
0.03786893869796205
0.9424527948400813
-0.910832479372737
1.7991501253027493
-0.3060298535550796
-1.0719864634389353
1.610513913506387
-0.7368644849231832
0.665536159525645
-1.1195342536321387
0.1753080227143928
0.3021104881293408
1.1206414144179664
-0.15892193581420566
0.39168779181277946
-0.8229894969271543
0.3395418938312821
-0.1701924206030532
0.5026193706518159
0.28212355041652576
1.560243097892451
-1.4667448558235783
0.15492537839689474
-0.10305617411115402
0.6966006935772628
-0.3743865560042674
0.09526515691579886
0.35474143857955664
1.5169523172053374
-0.7138402638899557
-0.7741401104887149
0.41046072128709443
-1.0844452622070835
-0.49621536317368936
2.2614520037447488
-0.03971162081162106
0.5665654066689803
0.6662339757236796
0.168875261958981
2.6503251388968985
2.3962809508325713
-0.23890426900387912
-0.5180564530336219
-0.16197654031331102
0.27884120436485643
1.2506134613839788
0.34175378031485665
1.8550914448387525
-1.3295521142562154
-0.23633238169544662
0.1975709222629114
-0.022345401153788653
0.12301862346776023
1.037733892483059
0.5869031650050591
1.3637220232967389
0.20561342169839417
0.01372453487234284
0.28400034362178744
0.9630629146965735
-0.9855441903720236
1.193459670689776
0.17764161206971193
-0.8664754795024058
-0.7989691895774969
-0.16458070587584417
0.05450227026189213
3.319174766550063
-1.5936540923055946
-0.2558535232112664
-0.14760628891388788
0.8052748620272331
-2.255636167657591
1.999436913620604
-6.051952168342617E-4
-1.3516305128357562
-0.1461462011814437
0.39176684792703154
0.5793181941942595
-1.3401143989294628
-0.8358807938230896
-0.6946900054693773
-0.14303752481551504
-1.7246642088492805
-0.6659372222205894
-0.5233599225166743
1.2203347880290596
0.18639583851823557
-0.4954157852130085
0.26177212584567466
0.4627432405631489
0.29419490795805064
0.47054661447388774
-0.08341097628302031
-0.0380861949942226
-0.10198743017503986
-0.5805869760502692
-1.612700383224026
1.093959001085481
-0.9602251501380126
0.14737813559898053
-0.23733236581583617
0.012936803257777357
1.1098553181123034
1.7913550740418223
1.7820529282617692
0.07880277889192877
0.9692736074744361
0.07914374952897844
-0.9022609993646553
-0.13741813000353964
-0.9193105482925484
1.7712188537251088
1.2311292831184246
-0.3426060387582376
-0.12298122897790173
0.7438015192424157
-1.1946656665533517
0.9100661612652284
0.022696817616671475
-0.2130011756589033
1.332925071773552
1.0746740767838323
-0.32553673744886474
2.2260674567292265
0.7806953967185807
0.8435009486366047
1.181079832001596
-0.2387604034723303
0.5627276864961315
0.7821408945850967
0.9383086876532415
-0.9985745375027977
0.7365705686349455
0.8471976125601312
0.8123006911154089
0.7297112883198912
1.495764292807879
0.5763688048493955
-0.20074619145462863
0.9303230145887912
-0.8281853060990717
-0.5689129963704541
0.7991241955670705
1.0872430447543504
0.24810733722579612
0.535331677859759
0.07895942059951631
2.497405119184782
-0.5365541944808837
-0.5075430303242979
-1.1398144252318525
1.3433304728685749
-0.5131132091305024
0.033327586816574516
0.8458459988971402
0.7836290468229086
-0.2625119368441396
-0.20889817513549158
1.2937576419019718
-1.0433371640553157
0.7923928682928384
1.1408655411203066
1.7612844688330522
1.201433407132705
1.55199323083667
-0.49147832022755295
2.538159245540077
0.052037192407575525
0.14281253927666307
0.2742730193305423
0.5388477814824894
-0.5861648618197574
0.47205603493913273
0.2353184757787834
-0.37037837283823033
2.653634599292253
-1.664606025918049
1.8565634455907651
-0.7035067133194419
0.6136424847829982
-0.3094826943422659
0.3285908424708407
-0.25180628193834664
0.8787398800055353
-1.2055474286974526
-1.0073573290807196
-0.6285843300234949
-0.6687027861866233
-0.6350479800339645
-0.7605856306602818
-0.4437600138685314
-0.07155468213798735
0.24580460859017392
0.6005335158456241
-0.4660688876883486
0.7099367687881786
0.2814863209570187
-1.728765438609496
-0.8005757538302148
-0.9909815635449066
0.4219219461825045
1.8454980144326094
1.807894011063536
0.4848804349120291
0.5654338652112367
0.8028826690300875
0.6935763339797509
-0.5240829503642974
0.7073954337698954
-0.8072148069628584
-0.11522349333815904
-0.7918850202038916
0.8865211387359914
0.9799942958929565
0.35853013508021875
1.4732911465068774
0.026002754841373203
2.0477415009164384
-1.0920550303792167
-1.6898851702142594
0.17865309431789303
0.9406854087167561
1.3268950350619573
0.08181974048879403
1.5373838436121996
0.5126973936104992
2.0398571802017176
1.3904724277136595
0.27202463432379054
2.1803148523451648
-1.4589817281874622
2.611766756449505
-1.1304670188930965
1.1312317750368346
1.0363898050748344
-1.3481213726434913
0.7942319052789998
1.226160093822621
-0.2181891124604293
-2.006191981790628
-1.6734413707143505
-1.131341811181549
-0.6920044290741114
-0.11712658487429552
-0.4696567049078311
1.3760904975668729
0.7732502545058475
0.23192155196779207
-0.05089639997674898
0.5724187514078639
0.7739941895826192
-1.6712684392782906
0.5449157309807412
0.7926427851353282
-1.1356889968906991
0.27714842924618377
1.9190108030996136
1.509893757105532
-0.5269656933402326
0.8801390598627578
-0.02990641589457388
0.8220705522541931
0.15880450576054206
1.498995571810461
-0.16889880705523377
1.6058484265417723
1.6557482720506809
1.2566088845212424
-0.1447869288427133
0.07213740008522
-1.7984351107056928
1.9921351660698656
-0.2141033908051538
0.5290080753230714
0.0386913324726538
-0.27748037491466954
0.41355324194947896
0.805959315696966
-0.5525200535520349
-1.357009568701735
-0.11259226251758614
1.751031003088139
1.0361783743581445
-0.15869886316876425
-1.0253037119779922
0.8208847421638684
-1.342292537927192
0.31284532714168345
-1.1217711306239624
-0.03962898381598875
1.8038924700571204
-0.5083680668219449
0.3105592634545351
0.09267375771190046
-0.6758696241386205
0.5809888690110059
1.4136961909226853
0.788813401867725
-0.5125579838320361
0.511138583755462
-1.4164355393504235
0.24711268919062662
-1.2222993489150338
0.9696177322661278
0.3078739324647412
1.0283498118668737
1.327995748432571
-1.0024289501588302
1.279698405145264
1.0977515610284296
1.2576997230702056
-1.3489348028391606
-1.4885741756095492
0.13333418794216284
-0.26991545721535887
-0.21240566783476925
-1.2232131685813248
0.468555858485621
1.2308765044614072
-1.8878435297776461
2.586649525887149
-1.1512760275208247
0.09032513205385496
-1.5536283640558242
0.16771349769196445
-2.475416714065126
-0.34956365750285473
1.8907356764117913
-1.953460026624978
1.4103097846252879
-1.2766268818755528
-0.6287760405351943
0.30885259012312494
-1.354483879949059
0.5162087709377412
0.9511966135078608
1.3126247322578426
1.227786319551588
-0.07519259892049213
-0.08977822452041662
0.6514900895908462
0.6853312066468696
0.6725157562659337
-0.21699232415615935
0.22388574222209362
2.333762293564518
0.6128861356815352
-0.4147803103564966
-0.7963250017867026
1.0854400242136588
0.40861622680112153
0.859523023063963
-0.25044944013999587
-0.2585545176191487
-1.8650434065330088
-0.19012503002945919
-0.161479271067047
-0.33616282471750836
-0.2878950426268303
-0.6667624571981544
1.3232248567196394
0.7672229375699955
-1.246148064519515
-2.1633726511992992
0.7069773865196602
2.5111880866756
-0.6911519267234004
-0.34052038861617695
0.45403085857385517
0.0954362728998791
1.2792708918809326
0.1087503478288409
-0.42343470145764445
-1.0105703845213574
-1.8125269902463752
-0.13713957308081826
0.2994630607323039
0.18369229549237834
0.37018508690375007
1.7058401617792307
-0.7333629071845161
1.4264599291130704
0.08000370045502829
0.4838722395732831
-1.055723716919133
1.6218438667963018
2.888458527811914
1.0119900244207063
-0.3173570933156889
0.15829590049307904
0.9244233156480923
-2.651555274816981
1.5740886600746282
2.0540671840196136
1.229817804793823
0.9825230758312414
0.29160439681210326
0.843202527941465
-2.456254105346447
-0.9806870957411233
0.25408302798033827
-0.608323654805621
0.4654842313225951
0.3254759598374727
-1.2212904440191945
0.6054401146917379
-0.17972586871112198
0.6729684475153219
1.043036947858445
-0.26500126970703863
0.7743123256369634
-0.9946165042876038
1.5652748020885294
1.298737328279146
-1.7647272307191872
0.6379398557976655
1.6777972541724724
1.3385334325214597
0.527263642565343
2.008583813340805
-0.23631059079224356
0.27446246697759996
-0.39352675985364505
-0.0666432372016193
0.18977541562187214
-1.1354537905130717
0.426743128395489
-0.4387122649441238
1.828835250875682
-1.0645093427033985
-1.60513943938448
0.7701591003314688
-0.18129512350289498
0.995159603289811
1.3195883233980088
0.5065859141599866
1.5321078576117266
-0.052305378996560445
0.6444347918201149
-0.5444173651278218
-1.3334899410061178
0.2773006739595787
0.5340449209732763
0.8409362071198753
-0.6150152032092292
1.1434198736832555
0.8889063208395388
0.21941773835003073
0.9273388011736391
1.3737885479472942
0.9079664471729618
0.015698508514344428
-1.5104273025148645
0.4894351746645158
0.38842648187944984
0.47657862384387917
1.1390460055347718
0.33314693337232454
1.9837864458450731
0.40867786658692623
-0.5108842348834015
-0.1839906810993926
-0.20575936250799146
-0.2133190414064315
0.5250153614851499
0.33450984442625903
0.2975051491421595
-0.7015464141893544
-0.8519162839463673
0.832628614705045
0.4665714553157806
1.9680371337145663
0.023445833991138074
-0.3866398355797037
1.8331073173282089
-0.1405790553545581
1.8492641716386882
1.032949130457843
0.49899101226618875
1.0886560519143367
0.5923487117979547
1.157658887223081
0.1548252523298519
-1.6332750580045063
0.9273565465325857
0.16565048526617776
0.7173330608119545
1.5802724195824203
2.339121548178357
-0.1833458118455012
1.4299919839324424
0.4825169981628857
0.8350874388071373
-0.2878014575432286
-0.5900612607782993
0.1356593757950261
0.8266741671631239
0.6756033096265129
-0.8738840602936069
1.6379981183466896
-0.2561652922592549
1.1625476436397741
1.424781773339938
-0.4855421119600428
1.4081683642862544
-0.31886318997976903
-0.286029313412251
1.3424320997108177
-0.13793236777172277
0.7506981218142492
1.835645825435818
1.6267111418601712
-2.2416362275277
0.9311106907909837
-0.39925052447862563
-0.1847950606351798
0.5864080872754727
-2.7789060932664387
-1.4084233720993873
0.9885240264503323
-0.15677104696157182
-0.746782647732979
-0.1488919041104279
-0.498789298001385
0.8021037037449077
0.26538507464970135
0.5501847790742117
1.2932343355634892
0.6968657556847088
-0.14066457401323587
2.0260371763074687
0.46515445034537234
-0.028289724662512894
-0.1515944034534388
1.5600367620680948
-1.0173962312974278
0.24568611505916946
-0.437359063931455
1.6712481507860752
0.1318852545318788
-0.9254713085988341
-0.24562849156098526
1.0283440465577263
-0.46833988982806246
0.09226285235938479
-0.46496366968954955
-0.08739612143792234
0.9882606892587554
-0.23773602290811566
0.33304267289303996
1.2677303947021978
-1.0896946475341633
1.2107992318647007
-0.49321493016719126
-0.2741964486897117
-0.2865623280654912
-0.6913545757165378
0.5054789322447083
-0.2961554017044245
0.4647133372566829
1.4924816564534786
0.44476250326944605
1.0594526942127356
1.1615647355250174
0.06123696413632359
0.7188650418090607
0.987367773547715
1.5473180025121276
-1.3253676038469875
1.3885696734980648
-0.5024505778305552
0.41481592705039083
0.4783356100615719
1.116093801136077
1.8350002462479373
0.3051297593973442
2.3564391265257374
-0.0452724567208742
-0.0651604929564516
-0.06601874590675574
-0.6118170239009089
1.7310670230468708
-0.1791834779062275
0.8207683829588214
-0.412851150969564
-1.7020697314231474
0.16516371586444253
1.7667750841147156
-1.5629149456321498
-0.23729415415990662
1.7359084570600103
0.6334645991013532
0.5169060035236365
0.32360581608980127
-0.2709375400980254
0.16732797176139022
0.32108983070747743
-0.2751367667508367
-0.44279326026158317
-1.3166819111254646
-0.33351494571470547
0.3712386349105278
0.5675643081992977
1.6648890108374126
0.5284409464081107
-0.20794810048450998
0.07368598588911228
0.44051390972205634
0.45828320580684784
1.3151336458839453
0.7806727124494123
1.673818693392767
-1.168647095656684
-0.07549173373434834
0.4435238177085375
0.6913582835170844
0.4723361012730123
-0.41976827622502716
-0.2042096538500886
1.674765176376808
0.1771050720260433
2.9425851311934035
0.21127373865264507
-0.13346414933661743
0.46661415815765434
1.4823171081646729
0.2036468746840659
0.721416646098581
-0.8106048502320751
0.3509912035549866
1.0570614916352836
-0.04585929228284613
0.6221428503616047
0.16700672254451826
-0.6645268753820215
0.8036337363126317
-0.6226452651865141
-1.3592272393044933
-0.6611171489797719
2.0834633843165062
-1.4600195441983044
-0.015566742425651127
0.46433347046774864
-1.3072248638230972
0.22524566112310215
-0.3186323984851404
-0.6128767177180214
-0.056714122556662
1.4397122904745752
0.46919066088184
-0.9583781503315072
-0.6295753407150831
1.0621153633260458
0.813573975894538
1.125259800567855
0.05424296495480745
-0.8571235229582942
-0.24702479891538395
-0.006028823746368931
0.3798001365066762
1.365949682111623
1.681624253042118
-0.32002730490194314
-0.2588062722033054
0.12173236419798605
-0.10221737437475714
1.0899378113214178
0.7554556111330497
-1.1315011779713218
0.5175569989309237
-0.05779280594314714
0.7601802145559117
-0.06929786013411289
-1.192286480146944
0.8830055445593796
0.014135200916597018
-0.5999776225398149
0.12087141989247464
1.9153712349765066
1.334208587267095
0.7118977666927007
0.33446692400908196
0.8547180887608012
2.2751423591370066
1.059930125744043
0.12452664520949386
0.4295778076342723
2.7577397251077542
-0.025611138283859688
-1.7445368831258867
-0.44193184344277103
-1.92217360552351
0.09910520164140396
0.6092371524578254
-0.7962057120653862
2.13713676282648
0.8395108861749689
-0.7624096164409386
0.14076840054955153
-0.16614641714547332
1.29366846936878
-1.2068822272137703
-0.6924043571224312
-0.2764026470589246
0.896898000408562
0.40735768863173455
1.0967035722031242
0.5570260050486934
-0.40220384508022167
0.7516360621081449
0.9409870429045605
0.678120143802998
-0.26544285780532106
0.09840111703154204
-0.21712697896712077
-1.870784176095418
0.2854279023697834
1.5576935111590424
0.1059365134278353
1.7622027133859592
1.4544584966487277
0.7418939657300245
0.5669171278180534
1.3942205651856205
1.6391722080299433
-1.4515245253096865
0.12419550643721734
-0.18853418059821841
-0.8250373497528727
-0.9274577447204411
-0.2182429637906298
-1.9765545783493375
2.0947677805677034
-0.01633763960694082
2.8255639074314005
0.7836673835706697
-0.38100541152381867
-1.0102760260225794
1.3540778440107688
0.5684674005562804
-1.092658152961802
2.7982539309582934
1.7524452006773934
-0.706344329671811
-0.44323061447494855
-0.673087611869991
-0.020070018697087064
-0.5374169171986876
0.2412321562146721
0.2739662042519679
0.8413845343328397
1.354069661887332
1.3488603695152295
0.8072488135225686
0.6456238704178682
-0.004611092700446631
1.0800904435167664
0.46737327191429634
0.8264524724935491
0.23411573468922753
0.7323194104921089
-0.10695065174869726
-1.0386801588073002
1.5288618384575448
0.1620715308683903
-1.6789548345189784
-0.7771437948210183
1.0973727643092115
0.4311585348071893
-0.7122685374505539
0.8109230898579419
-0.05765263263207781
-0.36069223947735846
-0.7974220524256855
-0.7422687445529551
-1.1262122806186163
0.5297571018681076
0.7756493697377199
-1.1574251695917144
2.083423810110881
1.496104633607066
1.139892749631066
-0.10952239725214444
0.3367664013557413
-0.43461858731808395
1.1633661354019256
0.7511253579197342
0.624162258035302
-1.0016175140124461
-0.15228114790224925
-0.42444422491803036
-1.4821824323611947
0.7631831745997261
1.0355458792082155
-0.6196520280960526
-0.927778042585223
0.09317843408107232
2.052539434244667
-0.9452641147114232
-0.6230128376437888
-3.636660717712197
1.3862218219759987
-0.43344464477199035
1.6918185856571846
1.1874154586366903
0.5254799851208976
-0.5623964261092854
1.2384083840444402
1.1499265725785537
0.2473520864563392
2.0819739305270626
-0.11201093240034195
0.33685100301811527
-0.16741984590482464
-0.29657927988051025
-0.6812893878886729
1.4018350615367028
0.5509822408953851
0.6741096615672454
1.1484318142504013
1.4200797873975664
0.4006340488284365
2.0031405683750774
-0.38735571452946066
0.8978681217141454
0.07887792577478131
0.3803015081974672
2.5641104561692076
-0.8132635767588567
1.303239616847036
-0.5075275287969052
-0.05034965444172217
1.0239976897000491
2.1178862330676704
-0.0920689987729931
0.5008177862642939
-2.8389885742908194
-0.11073859698968287
1.8363134705935558
0.46289069996549387
0.4110499701882969
0.45342915072298406
-0.4009566528846304
-1.0283686407008492
-0.44868404193357625
0.974847746288065
0.33684131714311877
0.7840164684885874
-0.09045166579727275
-1.0030367049789
0.6182542708392508
-0.22611652500171714
0.22583629449252118
0.16910864553755375
1.6752173639903372
1.4797788269064855
1.0532560253401266
0.7454304151547464
-0.06597088254672813
0.3262607966004875
-1.539132279557092
0.9021463540116267
-0.3051524986992575
0.5986772427489844
-0.666743086924995
-1.2067965926067092
-0.6175684281005178
-0.04896415243701595
-1.458800665484423
1.7648188378725445
1.664705672229791
-1.589129617193601
2.884754486751235
-1.2904248456455598
-0.10060093538082311
0.12090725915105696
0.39692156533356676
0.5209235537932486
0.6261911897990563
0.33767651595976894
0.6101017102728089
-1.2181876239394487
-1.664554240301649
0.6133747003322888
-0.43996984453676913
2.490165684965501
1.2131143876623576
0.5815156386137654
0.44087325947320133
1.5486751333679871
0.15797419779438562
-1.095977288045607
0.31666023529194937
1.4058063742908111
-0.502337462625983
-0.4951971678789897
0.9531563492411391
1.042583349330175
-0.6013885087860567
2.0801193920032097
-0.1472014935947522
-0.5756630318211019
-0.3854515729486925
1.2648261140425932
1.1362407055194572
0.7333896530299973
1.404821976659579
0.08254431626111829
0.9408382943427518
0.15885021778813935
0.13291871684977094
1.7776590625059239
0.05739927666249356
-0.9781524937867416
0.561196804645945
1.8274599038792463
0.07468554237407879
-0.4098843947034561
0.3271562943820153
0.33462852901101714
-0.9998899050306898
-0.035556937292730545
0.02903928780356472
-0.8466910130046889
1.4080106729340571
-0.1968190031903294
-0.6779896006446497
-0.8283614572757766
0.523296251207816
1.8158329490185001
0.9467606853612353
-0.9932343510283629
0.5954887943488816
1.2567833887637325
0.527713211560521
-0.12462325580425102
1.0845415348305498
-1.0200597192478291
0.4186871678082842
-0.2946321897752924
1.1716526618986183
1.6585642194940613
0.9246023585052201
0.1845174528314822
0.2702649917175424
0.3938358555877943
-0.17550642145575493
1.0646653947650009
0.6235141993580667
0.8236822348204152
0.26291642008515304
-0.7767522189196262
-0.9064995655864956
0.22900485846366986
-0.4341438865091793
0.4024860842066753
-0.4845244363386631
0.3029936097371227
1.0188336697160845
0.014774637836342482
1.7402094924680787
0.4886134736103878
-0.39220142577687817
-1.0926156014284942
1.107613566192758
0.0790568009005344
0.14208959602467813
-0.010108557849984039
0.5731294931781169
-1.2972746025556539
0.4366651303989191
0.8559440177848666
-0.5216955456071144
-1.0935906908777906
-0.19544835163182708
0.8530810045311263
0.0854540229786372
1.4095525346156697
0.12783644566434965
2.2340006421590117
-0.7598011237722697
1.2187448825145473
0.461557812532028
-0.07288021418382438
-1.547274156139524
2.03990493833622
0.8850783448215156
0.30847452227931876
0.7102016191373037
0.6575718803085239
1.8434531130157408
-0.08670243394250837
-0.3232126509025641
-1.1590366380730637
2.3427375125385335
-0.6856668269764464
0.021774121552240382
1.6485355655155496
0.4670194640818937
-0.14768194036012822
0.7056385270547003
-0.5653539444853911
-0.15997830855564374
1.221889628130834
-0.841389486370532
0.014223121999471136
0.6585822641913207
-0.782090903309962
0.7310785889408185
0.07902671850368907
1.5240259604939121
0.3540575906349592
0.8989178469803222
1.6027214979363829
-0.019852558709367224
-1.1649287119656289
1.2432789469970864
0.024068325774322226
0.2077397851830389
0.8667453287133734
0.5367403896391568
-0.9444725671234512
0.41925788143829545
-1.1705429600309338
-0.865463013577073
1.937212890102451
0.1367342055501645
-0.9993050136890096
-0.30411141354105803
0.33936185138615144
0.3043702671610789
0.9782515433180372
-0.7196463213315525
0.5120982200688428
-0.9190049036145522
0.1196553825176422
-1.7739825070881559
-0.3754255619194576
0.0341395090559335
0.08863962905004327
0.14377043988483318
1.1515264280113535
-1.0454464255204297
-0.5183709908566251
0.30602961789890587
-1.2090137807038803
1.3468673900967167
-0.7052064886260908
-0.9402474776499314
0.44658725323396453
1.6350072369599482
-0.45732994145253897
1.3530853358978834
0.28606462986294473
0.6251425122011302
0.45199185457007524
0.5435725245568541
2.0693288604851907
0.2764207256041324
1.1643387132454068
0.4927732891090471
-1.5465405361989326
0.05896468091124959
-0.3328810479160967
0.29287405091841834
1.8541326008789327
0.21580954520356782
1.1416732307457151
-0.5463929471440333
0.8349318103738074
2.21843739365699
-0.577346871905372
0.708967314155671
0.9739610727762584
1.4373075161088802
0.31397342835065123
0.5250259665366064
-0.7898412342050303
1.0079576414633953
0.29702267466292814
0.34127132309391545
-0.18665014821306522
0.19589059094253117
2.0770901528592187
0.7930854124907883
0.47232192261977657
1.1324943761030084
1.0114476026809194
-0.21062492319607395
-0.38991500426096914
-0.3412706812907196
2.8066879210929727
2.9366756714587985
-0.41186719300043034
1.8491270863690932
1.5122180059807888
1.547131984391428
0.938299616697486
-0.29428692263825157
1.3987927233528243
0.15949441601059436
0.07472653081646789
0.026537997341543423
-0.5486328901280018
-0.5231075423176746
1.0867053352199978
-0.2524242976450394
-0.7573990091257871
0.28617907445701407
0.4252805710025236
-0.32437093825213215
-0.258458539009215
-1.413101722482433
-0.849294257009491
-1.278988624275928
-0.8310672761963662
0.23309744529089663
-0.7673092970820884
-0.3842447072965231
-0.33455720535474853
0.8487869083160886
1.26628690576721
-0.7223941573959209
1.2080174940564554
0.41484843363240237
-1.6733010751136865
0.4700658950080508
-0.28818589525609317
-0.8033348876061428
0.7361434869088501
-0.3722164674801571
-0.9059842147797611
1.3864399692913563
-0.1328042272997609
0.9548325064353144
1.1695635847450543
0.7724021303835082
1.0392397648232978
-0.0738902700031727
0.9968244199224237
-0.012528866844580818
-0.08102900364255064
1.3689896173102114
-0.22041115242503911
0.2429196218613954
1.277511702355547
-0.8446181210153315
0.22255413242317942
-0.05918933997057456
0.7103810786638355
-0.7522701861243173
-0.4272115652145485
-0.4366682309574114
1.9448987009572631
1.5386926822258784
1.507160888368221
-0.39059068900445015
-1.2612707302337123
-0.18135664684630737
-0.4701367926856155
-1.004669148281397
0.5325598832285351
0.31186871403531463
-0.9866642035321143
0.8454713684050019
-0.3090338872928327
0.9730662702782652
0.3906889172477467
0.07589104635654906
1.400850575761381
-0.4668598570368382
0.2057571634247753
0.07311956729848237
-0.07027329090247272
1.1053423813061458
-1.3759760008610211
-0.4259532696105734
-1.0326314783675872
-0.9408326113454036
0.13902823636714984
-0.16452159083655954
-0.7386596020180535
0.6656305109582857
0.460145416838603
-0.5826468900145296
1.5129266546202316
0.09885518004301742
-0.17582223855729784
-0.4628449862708974
-1.46897354548336
1.4376591387649273
-2.1745045453848455
0.7025575715772937
-0.5667322947270278
1.8999369138667044
-0.5660637293445203
0.9953421683705113
1.8291718168927698
-0.13016004908589057
-1.3208418917333236
0.2973459675766236
0.6355853493101018
-1.1948627057858927
-0.36301160698980356
0.2974765831036656
1.7234430516131471
-0.31561455923447923
0.837215437605637
0.35280860692906296
0.4248799297441471
0.9622337177728415
-0.41675788093980054
-0.20696708511368983
1.291902109847461
2.5913374437788232
-0.3816278456387735
1.3138003844261295
-0.13462897104142826
0.6770515245676213
-0.23961178866958227
1.7939928300227848
-0.5170304597850585
-0.5710939142338841
-1.8280785833449014
1.5663529096699242
-0.5496500132639157
0.18935258574316827
-0.16842171367778114
1.3442254180166484
1.4268081770646905
-1.0477057609079665
0.38796485625266125
2.4085372924910797
-0.4176323473822308
1.9394444750875794
-0.40713329903938705
-1.4952195834394237
0.23521327152287663
0.03662686195057818
-0.11544124119356775
2.846031398216088
-0.16542003815327946
0.7922020529587317
1.0333211023840279
-1.2301385758951775
0.9636774948027932
-0.9623499011988502
0.28711077062221124
0.4619722648163534
0.28797153039995854
0.13125970526248706
0.7290820080419106
1.1091521204339996
-0.6284497679456044
-0.4219632569672625
0.0664494447730996
-0.23584697665430823
0.8454221623576446
0.8018184453301167
-0.3424410306715597
0.0270655914121879
1.2801232445807478
0.3014131623718574
-0.7065427947649165
-1.1611143840268194
1.1871965188371587
-0.0722402925671006
-0.731186924284509
0.29268611836608577
3.156050609711936
-0.14539353450338682
-2.892193115331296
0.5942201127005539
0.6837836824622701
1.1073203154823286
-0.45045564062073246
-0.05239512507327703
1.064438202211769
-0.8252426680114614
-1.0444000326072511
0.5729375654245258
0.9205498640145643
0.15307242988192288
2.0028081314464887
-0.014277499048554859
-0.5434204092558191
0.14549955929649602
0.15827572039878707
1.0910781075754983
1.0297194243690813
-1.0264720708600832
2.127343283859218
0.4871190632436244
-0.0905320100751048
-0.3043509373490965
-1.625928542253811
-1.8568033494431304
0.8227673076129415
-1.6952552957336715
-0.6346225785728553
1.3463497627679832
2.451513789590741
1.4826454745336577
1.0220214798007778
0.9040921938657501
-0.6812153219657215
0.4730593882577595
1.0386332445923825
0.9103316905773432
-1.7201562031362343
1.128321696701583
-1.335573740896388
-0.5293333618897078
2.2192305594144175
-0.6908318656834458
0.4511126452925376
1.1293076684435643
-0.5297550677751423
0.1847247042544959
-0.5257919319146366
-1.2567708450917623
-1.076785588957937
-0.9427936549044755
0.507443999590095
0.8814901853557388
-0.6664619866784635
1.129123160046586
-0.3463837164412409
0.22237186390512417
0.3131224052550461
-0.3974135791865282
-0.5429908307774519
0.4310453982666451
-1.8456235835218122
-0.04875462753976723
-0.24766491897759363
0.7826477095565219
1.8743917696019958
-0.41896158308798304
-0.5733173949326551
-0.23790989294595213
-1.1736868773421754
-0.30366815267473884
0.10257996166062414
-1.4326188013575853
-1.097947103900301
-0.43252200378552913
0.07857572063613225
0.7576882422589319
-0.6071174174942339
0.6737645911112743
-2.343698439171082
1.5626288883514692
-0.23711831129305225
0.712322250295731
0.6962265968706189
-0.6848956326186529
1.0374140654929365
-0.8179491818478719
-2.2063538678195567
-0.7161915409032681
0.3727464980969963
0.7008932160412057
-0.3642549421297656
0.22035348878572578
2.9406921954057714
-0.9892698463495194
0.007253730210292333
-0.9434076577706594
-0.05811213335892238
0.34645587785840476
0.22591011730273142
-0.42150733091051346
-0.4627921921990803
0.288121519590801
0.6178323664110952
0.3893313590226293
-0.09104728732694724
0.29847068819866907
0.501991936844112
-0.6174018639755382
2.3924374490706533
-0.2958322703631854
-1.675643423889012
0.2515177918019386
0.9294242050733487
-0.2101942317587483
-0.10281494169895315
-0.14730970849842512
1.5841576711851852
-0.07800495337494713
-0.3283550403979676
-1.1520356597501968
0.5086469420761145
1.020908937262882
-0.2522725015598047
0.27115768869748463
-0.27499384952395917
1.6035030604732619
0.2566708978947584
-0.9041081742860739
2.0561839969548634
-0.5616481741274615
1.8147306076000476
0.5073135272292417
-0.3889533862709603
1.4258208470053055
-0.36159010693572396
-0.233050585779825
-0.707635471820005
1.5602756348416265
1.0906037585301998
1.4584493903185716
1.0195229571247697
2.6740023084560156
-0.09912338756130813
0.23440610318884653
-1.799683857803922
0.47077106245631645
0.4687127304030566
0.810710326805211
-0.5539718939424366
0.3647378993634032
0.9119150303772567
0.8694671403421014
-0.33755373168926917
1.3316300816279572
1.5449885638038154
-0.38744834775637926
0.47527611759296523
0.3855756770610278
1.3734433147364318
0.9425965091996402
0.051616245704095745
5
-0.884006856559628
2.2922282799628686
1.0798064088346506
0.28184096190463925
0.9803010573582477
0.8339545611033726
-1.2114008324828969
-0.7521466474726779
1.8598561199453607
-0.4649577390119048
-0.7366339152721387
1.9678287326995343
2.1238581868999664
-0.2206460421222151
1.439386998721873
1.2574575863742945
-0.32738387882734105
0.749815759216364
1.9535696697717215
-1.0253207718166868
0.20681831008704665
1.1133893845760012
2.206657189519762
1.898350827094129
1.5730887741031876
0.7013410791656346
1.9386368910972105
0.6970022558137985
-0.9193214331277607
-0.8487186636506467
-0.9932498917902263
1.635086663936477
2.254898639705574
1.8437699281126616
-0.22697746646917988
0.3385365926727523
1.418926875472955
1.3143072210254416
-1.984864380977065
-0.625895597436201
-0.8049540208530923
-0.6027555872553984
1.3751751973799569
0.7792655635724631
-0.3937318527321249
-2.035130424465726
0.6995323538877982
1.2584328238800224
1.8023686126431824
1.6941236026053104
1.2864582867071896
1.7187648563369635
0.9298110464884293
0.024258466154947225
1.2032887171233528
0.18887681043613755
-0.26272658248048375
0.3677217046705992
2.3228038936069506
-0.3564917995826712
-0.4204158709826052
0.9922555449798353
1.0786541159821958
-1.1488357456327551
-0.6417475605715227
-0.8604714019296421
-0.05989837688218706
0.28948818784919383
1.4014827151362383
-0.2537750708300473
1.3743151276772683
1.5036154629263554
0.7554444815949433
-0.6604414083666584
0.5349190497679619
1.0680556136010102
0.4383348739884093
0.2964813656323835
0.9726604406957753
0.19685635582905972
-0.8386361967372085
-0.712099618165742
0.6361465720885013
1.7390204233976352
-1.8114743890084615
-1.1867025144566512
1.4709647060436892
3.0245537299421503
0.3849939160313059
1.283818569958887
0.603211357049416
0.02543898944272316
1.797677427288089
3.356517320629098
-0.8393732726705756
-0.4202118972174962
-0.24091426404510788
0.7219446239709257
0.538321629919429
1.730335915908403
0.002858930171466385
1.5648323163353213
0.0010561102898987472
-0.19503301199931988
2.2548083936181267
0.07331921392374867
1.5227325846952162
-0.0014563359345870757
0.34437053860784234
-0.16241169152576646
-2.1744246101891505
2.246386692191955
1.3106321292583214
0.09606013752077264
0.8132908361921888
-0.6919246984051947
0.011837182695290268
1.2913623592636407
3.458548729765726
1.704488419691979
-1.3251167509590513
1.9233093246445137
-0.48875313387211267
1.7035524367944508
3.1986308144323914
0.3919561954319085
0.4767711240199096
1.3885356693937683
1.2106289327065773
1.2062527802889804
1
-11.27681374059563
-11.296043969339962
-6.0859917749493535
-12.420892565704658
-10.431967549149451
0.02610874822154298
80
4
25
-0.3151385965455762
-0.2758058700585858
1.0156161009796014
1.5240641839896725
-0.05054354221020312
0.4219018895935138
1.3264453452141172
0.8061314333229721
0.5086470770942416
0.44586673480193206
0.31674645274871577
1.0642825556150342
-0.018101475530278587
0.288802420501615
0.1716127494429009
0.0362639754581338
-0.7332843576333986
-0.1690653966550207
-0.15145109601870882
1.1787186691891056
0.16537144336847487
0.7755567665417278
0.024628305023466485
-0.3533198504118683
-0.2692178271247873
1.098898091060943
0.44224760203428126
-0.9456621910128437
-0.29995530525385555
0.5817491070693896
0.2946069111479598
-1.4125146935393782
0.4828627154100428
-0.7226802166741442
-0.04526205057526739
0.005834647990426845
0.9787812712420443
0.6690102529019798
0.22660428331466298
1.2407146329432237
0.531012312124207
1.0385727972860244
0.010332938986357837
-1.9634246189190248
-0.4103795717186749
-0.48899420641250324
-1.144602824661328
0.6508626055729974
0.57635933401857
1.3189142036559665
1.2222655162985392
0.7031133658336248
0.3221396017124766
0.4900905953722803
0.599652234325273
0.00905440772728756
0.5594200372863628
0.56315513129038
-0.5832474436752385
0.5675944582815956
-1.6201802137300665
-0.8024131227281145
-0.7085117504985633
-0.411714333664849
1.7690607807464802
0.32339527995907796
0.4165384379557631
0.20087435325594583
-1.2958260631493108
0.8050443443795308
1.5297213671606276
0.5499083375335261
0.7430445508960811
1.1777804575279596
0.7787020308090656
1.729051279566714
0.6547607175810637
1.1990783709848827
0.4906743364190394
-0.4088452793647744
-1.004360057354219
-0.564061675290305
0.6366459390897592
0.12279725115029387
-0.3786593903939163
0.6633248068793818
-0.21754565728013475
0.011563222101267416
0.6086430585572411
0.24395365649439896
0.2479516639058363
-1.0291436789739465
0.7373949885850476
-0.17721602957002933
-0.12606822571303197
1.2627781266661744
1.2222722613451389
-0.899471046501347
1.6026951529092732
-0.6710489427150301
0.797409239327019
0.9362874353716614
-0.20842028415265568
-1.281665561871702
1.687283767579552
-0.5998698678917238
0.8379389825988343
0.1054397418487091
-0.21240801630549472
0.36094082284511136
-1.1585301273337438
0.20539223731795692
0.23988922157192477
0.8652806992965574
0.8768059336847104
0.3107178421106611
0.09951002540870513
-0.44247344473436256
1.4332148022438662
0.7797377390629736
-0.8335307234799495
0.8101014282962832
0.4350470375534237
-0.12225210396648509
0.2966799617024274
-1.0411760611884042
-0.49785739545952684
0.8376543346646895
0.575976951819225
0.8338409690824873
-1.0404628924267991
-0.5353363979110729
-0.3762953582294149
-1.9226444821322777
1.3925297290568421
-1.6023326804480154
0.38593015646206735
-0.44482871095793686
0.19194479913641851
0.1090922028339752
-0.15679831851672657
-0.6625495491678552
0.3518955711345988
1.4049137272515988
-0.7663833698464696
-0.41872279987193217
0.21083368749369705
0.3544909837340589
-0.16324492133979096
-0.4234308068519132
-0.39379441447297325
1.005401816893758
1.3579900404587517
0.20142404113667164
0.4943509355002186
-0.640381807481539
1.1077606051575082
-1.4953739023300037
-0.3233277980577005
0.2753684690852515
1.9136229571699028
-1.275412205423034
0.7162714082481779
-0.03357578260779418
0.1340447245072751
-0.054949952528287944
-0.8660797375849183
-0.10950278552533492
-0.06861572679024956
0.22975536428699878
0.2803946444333957
0.2635541458840228
-0.8895948409207666
1.8380931883132652
1.4083648215094122
-0.7105213839172033
0.9355093207682492
0.17037203646882448
-0.5782975981260868
0.8456480523480068
-1.7169306253787113
0.7183484419418436
1.7338271797009661
-0.8550810570888498
0.7333309373180078
1.0859401484981306
0.18973289764366671
0.38970871554956155
0.8705991507986905
0.08528085970379819
-0.36930660937661497
1.0764648345011059
0.6653962815561755
0.718405496346366
1.66152838708241
-0.15261847381675447
0.5867307781711907
-1.049703999728665
1.504063903951627
-0.45029469163250324
1.7807361436278974
2.2081183312074426
1.3160770448935433
-0.5037265881838283
-1.9456047266177794
-1.150526746510333
-0.21498804963360577
0.8474806820462586
0.33393722846419804
0.6990883500755896
1.0236681655882882
0.513751434122269
0.7373784493481166
0.6347861358306593
0.39568299149187175
0.5451910797741886
-2.412737615673337
1.5783985934477742
-0.5803848836003471
1.0982227685390649
-0.8743634456643504
0.4193365167251021
1.3004299219109645
-0.35517035416862963
-0.8082396757431677
1.031987722694195
0.5627233075631498
0.34382044767172787
0.42252706750709
1.1291471238595996
-0.12147070679982283
0.7826929556228905
0.8398265354754156
-1.0102754788742854
0.7386604152901058
0.4977536521819019
0.3596106459789145
1.0755182631016038
-0.10201337139457567
0.6042862594927536
1.2078489350400003
-0.8537937464262539
0.6120766069700301
-0.018687227947082864
1.2413759563983344
1.2421613412553107
0.7573734375752719
0.7030101938805702
0.11826129703880307
-0.4477464806123258
0.17532738776531778
-0.26417869297881763
0.3004434626322984
0.707886180569798
-0.09607196513493572
0.5934658906073125
0.9111581573695076
1.052328444777316
1.0237775585097448
-0.979546855202381
-0.06154466681236215
-0.08474038170522634
-0.22954436598277259
1.2430775074996112
0.23327470377043696
-0.339251302999475
1.0512808194389855
0.6666201788873631
0.1602331992891342
0.5586316162691871
-0.04116365876261234
-0.16787664671890348
-1.0288218269761042
0.6603519755338862
-0.30370065626554055
-0.4124141844498187
0.054709070300035606
0.9957966061129954
1.6354008654233763
-0.06167294468328137
-1.3277813612891747
0.05761092284856746
0.07886169818658345
-0.8289418633528749
0.5193842054739303
-0.5362991379576214
1.687376551685564
-0.9841023782177687
1.4064275158689519
-0.42752673712370565
0.8404487075376547
1.4384910574730638
0.18866064156487253
-0.15290605783269834
-0.25553875343880045
0.48308091723626373
1.1333463273178792
-0.18033083900781352
-0.8173014626632849
0.4987722702909853
-0.09389854202630055
0.5150383566408174
0.489238156876479
0.6962457572232698
1.220904671524358
0.25663812558848886
0.033013499600759166
0.0143365198297983
0.9255814815456933
0.13641251759075845
0.4119098067533871
-0.15441645038574112
-0.34062535729037496
0.8129490992174806
-0.05993034382708272
0.3304611908836902
0.806634574899489
0.796874646585441
0.6869445079044668
1.3888921985714187
-0.32470252868837585
-0.12510319240068044
0.7865309357011332
-0.5949591177230035
0.7677082098748557
-0.07421707216536219
-0.2594812311213864
-0.6507437769864169
0.48868247476673504
0.3308533443033604
1.5342967626417447
-0.14263958341801744
0.5740986165771073
0.8586461344080029
1.6957042949773053
-0.01810203974677964
-0.1963675695869893
0.4220773096446237
-0.19535961264865262
-0.1366548524805907
0.15831075723820043
0.21808812190308938
-0.3312590091602256
0.28534394786624456
0.6296729839928806
-0.8885638214954193
0.7649710608047456
0.6836850141736166
0.8765219811889049
0.5171780156889181
0.1732516545759481
0.4006076189711607
-1.7139421594844884
0.3298695888658334
-0.22362608924092625
-0.21732020373941566
0.17418879916310537
0.8280007410785599
1.4729800175696457
0.6446342221792091
-0.20075359262096923
-0.2976059214264897
0.24369740070970242
0.3542899049727865
-1.3149383320585866
0.6517368824901605
-0.29904667991051576
0.5418280492892908
0.6333149321326105
0.04668379053099766
0.008771941224216885
-0.1683951442394555
-1.1116013404606166
0.29586316925518175
-0.7350487027185874
-0.09179033161666143
-1.00764076844952
0.5782764154386086
1.0701501365268578
-0.5589336554004948
1.58262125369241
-0.4392803103414794
1.2584944238207039
-0.4772978794896202
-0.06014863909596592
-0.20323816065653852
0.3729798939077213
1.054283321898263
-0.30727735241792864
-0.4221142665891404
-1.1721971780503693
-1.156178621202658
-1.0146301742806438
1.3887898799376024
0.550040776870979
1.6202433645617589
-0.21188790013577327
-0.41398386967325024
0.23438395942418294
-0.32358161111636286
1.0930288926561789
0.5223925251247532
0.6393110041233983
0.6990780796826425
-0.09298510253795475
0.7765398971466893
0.9534257692210758
0.08472899147288658
-1.384362195832818
0.8491972860947546
-1.1732877575820186
0.43147529040270105
1.4386811385671106
-0.09384560718084695
1.3273767376601429
0.6152408341594797
0.3031220319576398
0.17902165585144492
0.5575686052252441
-0.4206202228225907
-0.326856195482911
0.1984498737553475
0.99779771818419
0.9365445691606769
0.3556477925533291
0.34213944332235274
1.700103817998081
-1.4075329618347188
-1.232006456733116
0.5985083893765908
-0.31417490349201677
0.7556623613428695
-1.6933546021687635
0.5687682496622836
0.17136480585970953
0.16399655826246834
-0.27034295867315555
0.05341708963483606
0.1645092711385415
-0.4870810529373232
1.7443912972300435
-1.84705517561169
-0.007189407521355738
0.14453675841693484
-0.6009898583358381
0.914833397436545
1.5944990232295586
-0.045482800961819204
0.06839267388109939
-1.152449744138829
1.446727350411112
0.2988714760479524
0.510932570963494
-0.5792437642150817
-0.4115097493297688
-0.4947819327520997
0.6598130711420587
0.3698796979853643
1.26035817695445
0.7508970495861437
0.90988909628359
-0.04724166450220243
1.049716680103198
0.39324890258605866
-0.7460356379561407
-0.425172794507668
-0.33324588921433224
-0.6637201238989879
0.6345745588857605
0.06627760335197957
0.3647981277562523
0.4937872798073837
0.5632205512174759
0.7207700361358034
-1.333192737335745
0.5128998800970219
0.4321153671953017
-1.0898876068245358
1.9309766951914846
0.020891622352901696
-0.6292383791094173
-1.161361696150104
1.3281127157879624
0.6844633869914812
-0.8437634053511864
1.42312523689059
0.5125872676935425
0.8122663219724079
0.5689139750298502
-0.37951423624008357
0.7089923580537165
1.3368557199277327
0.6550656810528984
-0.5605055719343475
0.0027913040924703115
0.18552496966595203
-1.3224121616124633
1.6137880081241724
0.9767793531557033
-0.8490433277055001
0.43862630143284326
0.743364902542364
0.7649683044860478
0.024678455709657786
-0.005531362640131665
0.13140281859206648
-0.4955970951870978
-0.941109029856698
-0.6387804771271709
0.5256880062067288
-0.9098639374585105
-0.73637071261439
0.42605149537593845
1.0229997700805216
1.336965469800733
1.179613868207248
0.901980053241512
1.383905233902517
1.675358046271844
0.015740738423408604
0.2779329628824625
0.09296286388243556
0.2583379279050348
0.4596633231112516
-0.3818918762917331
0.25739126125346784
0.6929610471726708
0.0455025303112001
-0.7812973900074406
-0.2732025540874449
-0.6252695163630642
-0.008179703741049415
1.1373600427500175
0.5445162762211575
0.039088127046882984
0.858652944449364
0.37239608052131895
-1.2726041401706927
0.8838545151081417
0.7974535842295984
1.6644099369350438
-0.34086001567844343
0.06222136695751329
0.20623036722068516
0.8226431128183053
0.6488740219505346
-0.5483262955991911
-1.7680121271606084
-0.15266510838735406
-0.30805663637254976
0.08578846838880207
-0.7869956638325537
-0.7990442075207963
0.2854617556980421
-0.09691418143607644
-0.5135484130419131
0.825707364480696
0.5492660419765271
0.3340445765246734
0.05919029466510585
-0.8493734636008831
0.2689424609242511
-1.0224260279518926
0.25863706370966144
1.830670367577562
0.7669918900455734
-0.4025706857114174
-0.6597432071954566
-0.9806935272648131
-0.18530365851813868
2.13598588793079
1.110048534836562
0.36638690820236136
0.38252624756758113
2.6361198658689795
0.38771177710269156
0.4685487546721162
-0.6646266888939237
-0.3503440764240087
0.07202194576797698
-0.44198338983742613
0.5951003667977237
1.0361399430937381
-1.5652532805991042
1.4421354437891
0.25135613109272115
1.660976912627001
0.6862782408040642
-0.20381976667744192
-1.9070893951392855
0.6537848710398247
-0.674088862084703
-0.2231437723559463
-0.40916489720473603
-0.4198691034544936
1.3682219913822702
0.5682421002316104
-0.24627975193342483
0.9841908069557354
0.6136654877253214
0.6621418503022296
1.0303463244795446
-0.5693033224071657
-0.8552505881198789
-0.7447182819569703
0.035349556770973255
-0.7180207636205425
0.7241174982068314
0.0461046830903428
1.1709100435422677
-0.06953441002062685
0.4192246821434066
-1.0601043475601821
-0.7017540221072963
-0.3431990100091744
-0.06674750646961992
0.5392313023567235
-1.0718416637247101
1.3507221571871046
-0.9439718962557379
0.954412051871729
0.36450331742642933
-0.9270589459850287
0.7480724567920994
2.30688078539888
0.38216959387371036
-0.06938803853238887
0.3327387853863388
-0.02431402965649364
-0.5506934209319919
0.7346267076239887
0.52831310290231
0.5965963248782291
0.9218784857815865
1.395554164055907
0.6846958938428175
-0.507185558323921
-0.48442754164345075
0.1093732258625595
1.5537092928193115
0.34085172939085584
0.33208531577296957
-0.599499227719537
-0.7130708880589677
-0.3627985972690411
0.48002856779283837
0.512948060293992
0.47124133525272205
0.9182148312113971
-0.6483298916871943
0.27409631443755583
-1.5372016894154812
1.134549309038002
1.9533183120982258
0.9847388031499381
1.0323945640947179
1.071747388911841
-0.16456051796433624
0.5826270500255342
-0.5482568890685203
-1.7123530783514942
1.7138643447058806
-1.2773038786666506
1.1823909927368605
-1.1069409369315846
0.8881713690440535
1.4606263700948088
1.0353856905299599
0.7727477472120698
-0.4263168481999421
-0.513572067481652
0.8049590818548789
-0.5402925081909471
1.00921119491008
0.689848776101489
-1.158114006220047
0.057770474904476836
-0.9323605801328975
-0.2273141971859624
0.2696986080173206
1.7777814517741493
-0.05595253291200545
-0.3055238400449985
0.4342258748446186
0.8373221096770938
1.2100501187906754
0.8879497694184028
-0.6867843166805881
0.7153112184892814
0.13797728516251456
0.1390581446561076
-0.03612433832300771
0.24881239193142782
-0.7070389601710187
-0.28873164446502897
1.7691457128260841
-0.09776669086492158
-0.13454182699338244
0.5831385523644655
0.18712618662764363
2.3749750779686396
-0.011155714311208468
0.021499082220142487
0.21401200856859542
-0.02930949741709819
0.6673111768990331
1.0525969139638336
0.49936682359795787
-0.6006000782408433
-1.4637613288016815
0.26499376288526777
-0.4314740038869226
0.2154635269309717
0.5870221457130167
0.42598815407559704
-1.0780950729850887
-0.25719905902972173
0.763292336371119
-1.2592600028901701
1.1177876545787766
2.1014288756025485
-0.16896544173230227
-0.24530016172310942
-0.8651654563985774
0.08633568071665196
0.6239969191357997
-0.1408758409298545
1.3062358135177579
0.28902803990303316
1.2721316874629962
-0.18963015578669046
1.9079994680701426
-0.2598049030239499
1.7399484730983097
1.1880434257039554
-0.011457449421363838
-0.49383295917709263
1.5690385254522574
0.5659628506425118
-0.15361413923749445
-0.10479160705471811
0.925831320692921
0.527737756559986
0.10513756700094382
0.1224750502263944
0.8850887168913679
2.533639072036007
0.3599619465399475
-0.4855213594161309
-0.43227447085841475
0.489705552184961
-1.0475037895157933
1.747290140218507
0.14243725831778695
0.37577026911253164
1.6540189691855125
-0.08797292461992999
0.6508837552506421
-0.7455227412999006
0.7622972051614734
0.6172722428658037
0.22651203776481768
1.2491564511918825
0.6718905227042924
1.2919724177925234
1.3829371951807945
0.3459467932786007
-0.3483058171398546
-1.188558360011563
1.258279240146841
0.9023811433140737
0.4091529531013947
0.9121549666683295
0.2996506561313312
-1.4881580142379334
0.30936897657077245
-0.031577450252509236
-1.3557381731465827
0.04759598377058046
0.2413631772039747
0.22627104788708421
0.5763445580172818
0.5435018732401163
-1.741130333762416
0.8404512095747176
0.5307115626739746
1.053623914292492
-0.03619971752003504
-0.026642008294347284
0.7409115013520583
-1.5014180897435043
0.47920613321541206
-0.12313062840417471
0.08905446564880502
0.500019112008494
0.6704940708902867
-0.2213059924610476
0.014938402451439639
1.3863832834532936
0.8122849984898142
-0.06920566078409726
1.5282105730011117
0.22052063459886143
-0.20516031203497423
-1.8822822603123033
0.02158977029994118
0.15999855143974395
0.5373484843726946
-0.002871730699532252
0.5319090154846754
-0.3232561788854082
-0.031725723408834706
0.8240198017853232
0.8721956900079616
-0.11824719419818772
-0.13127019020593292
-0.0033474207663415686
1.232720015763624
-0.5004259422814501
0.03153219843189112
0.9674780778260185
1.7901321977787321
-1.240300488772083
1.213190393232059
-1.3800486339321465
1.9822180608752646
-0.10211463633638014
-0.26474537610257287
0.8393906732329093
-0.5403710915217348
0.5079589345091603
0.24302904492951471
-1.117723027719596
0.21478597561999987
1.2613014515098766
0.5084396720141406
1.4206441729287407
-0.060485054327483696
1.3601482402154523
0.6695036721149286
-0.19187593122247465
-1.1386866201918118
0.7000630893676268
1.3423273781538474
-0.4717667448340281
-0.34329788886298196
1.8784301128365213
0.871972648104889
1.277181934406254
-1.0749546651461295
-0.420328663502492
0.18012660045298232
-1.3661465098396786
-0.7391967161462615
-0.4043027779223719
0.13566560712467624
0.9791385862270426
0.23133307399218767
0.8048862254687593
0.8118920554141736
-0.6589551414053878
0.9306173736201871
-1.1754077402125789
0.11678380903700772
1.3121836187539473
-0.14436043599885776
0.4237645552727776
0.009984746367765248
1.2027655684206258
-0.22214401841244155
-0.42260623955865856
0.7512356853762677
-0.86784548429349
-1.2831396038461744
-0.6057780395279614
0.5634758973807331
-0.8543138456122443
0.6065215768825993
1.123543540857255
0.6722076279704042
-0.46346801557760076
1.0463564478190517
-0.14662776209210812
0.0587956516796063
0.9712595884439378
0.9868097730718082
0.37415875947720334
0.46427797491438516
0.8051081042056034
0.14246741083420486
0.582040206610132
1.5610936374907798
1.974796975327447
1.0518443279391252
0.4153921842091352
0.2780312145181721
0.43404545183593923
0.7881018702227517
-0.013995304111390695
0.01268520974519928
1.4929161109289553
-1.1691384843104908
0.12951693213122284
0.6120717177643019
-0.0904532032705828
0.7853550603524398
0.9569161985427066
-0.7788710175695672
0.41578387604061007
1.4137695761505
1.4937820334103276
-0.1783797788240671
0.18946877755108765
-0.15541239177357288
0.17634798655841163
0.6695521486539685
0.09242319316652517
0.48385876069640354
1.119980418988975
0.2711807177035332
1.3367301586903437
-0.08746734241582496
0.02678000611156938
-0.11447481745188488
1.552778742485417
1.6804276042274637
-0.49551414626279117
0.8447253568126274
-0.402368503547944
0.5082407224702986
-0.36290666587944753
0.23950403513517024
0.5336985390171967
0.1195937639130595
2.096159258511409
-0.06399260670965187
-0.40894699632335596
0.11612141149168499
-0.6612510367370205
0.4481019046374738
0.5808157095786385
0.5579997209036476
1.596429133249676
2.343771557694168
-0.8722897163518017
0.843846449822074
1.6973565757594824
-0.640261723404969
1.0109469104172404
0.1369086642124657
1.213641181288238
-0.0893349037546921
-0.8975138616811831
0.17288137583516439
-0.574696530517648
-1.5237312606073725
0.6295458102573861
-1.3085502949293575
0.5231527823172568
0.6441111766193506
1.3526032468229325
0.754977131036033
0.16594972198520744
0.8458686751521153
-0.5103410073074336
0.13156615529980545
-0.7466671115463024
0.6180489035651747
0.367219635499904
0.7657563433853877
-0.21915790791479872
0.2416138640660308
-0.004035701180734344
0.4665578757451737
0.47384020308560354
1.2088182226896798
0.7567220173077944
-0.39663731014934095
1.6334112771858795
-1.1666523067674117
1.3660437377584282
0.6579502822384806
0.9098574777862172
0.26123278855909676
-1.5309929174715498
0.37174493836559963
-0.14679336782168448
-0.6922342189357346
-1.2412135105688755
0.9091772412037812
-0.2792805002365812
-0.09782913100122331
0.9477753449444178
1.5731884966571061
-0.3585061311657743
0.045091679108204455
-0.7867687956733578
0.9933367573087315
0.6171218116739666
-0.34702683803526274
-0.24521775165998438
1.7168693950496627
0.7300244754228787
-2.3675453150833468
1.804141774525999
-0.55341332338208
-0.06344167480374087
-0.4400984389396027
0.34124074706928603
0.18617733163868158
-0.563004422279417
-0.2456364641270842
1.3226809453152137
-0.6154246241038309
0.7617920051825341
1.8823277307584516
1.0508360297337815
1.2619163759182432
0.5199240687469622
0.9377418087615655
1.1118739973410698
-0.14749082372980007
0.9844878817282966
0.5302500398784392
0.47917290069005586
-0.10095624884628547
0.7618086028953541
1.7228513739626317
1.2479742514353085
0.10257996233693477
1.2724504909942271
1.5945519398345083
-0.2415440152242084
-0.7545806493622834
-0.0630066349651473
-0.6060214396022281
-0.06507237209877548
1.6344769904591558
-0.22423705138139555
-1.4046135225551173
0.2632039803053599
-0.8863688939592981
0.31607749542807545
0.5056194150743775
0.49200752787222946
0.8970723324386346
-0.8112836221283725
0.2188036532976892
0.05649859846327978
0.5879829660539151
-0.036720403528303976
0.7070619703935725
-1.052164237745507
0.38753790009973954
-0.37571091549349295
0.6267106167900105
0.016488712263326613
-0.5696226577679944
0.28383651393266646
-0.6780341670726185
1.8049684568516065
0.2271106865930006
0.4241944140729927
0.31591980763497746
1.1111791121172732
2.3351233446946518
-0.4014298801638372
-0.5270261340489764
-0.3347416236215417
0.9073765473639318
0.09897422825849812
1.2606170846918001
0.5348034059468886
1.4952596365954902
0.8869984750698202
-0.41256062565781376
0.24028709135178483
-0.5941414307516164
0.8262152004260434
-1.0522816216086526
0.6448908352531814
-0.3853488981876862
0.5638347835367095
-0.04173825478239753
1.3644427416737597
0.6974694116023451
0.09909648918501414
0.5615872529806248
-0.7393564272149888
2.0504796103039187
0.912581311870434
0.44344772736654736
0.5065403819319116
1.459593380530624
0.4680897683341828
-0.2835235713752436
-0.42428777487319536
-0.01091244231740773
1.171351317905765
-0.31495468654873493
0.7973734126579656
-0.5064302914432143
-0.14717137722869153
0.848626327357178
-0.9437339688175692
0.6067756579249042
0.5027855460861568
1.7074732062527413
0.005739501033777543
1.0226468337620789
-0.12665440744245562
0.20640681761932847
0.7830164553630649
-0.859367364447907
-0.5612889038706875
0.8056268566243565
-0.20577967904157698
-0.27004131327917236
0.48094164647237025
-0.535971822883841
0.8303060562816652
-0.6867318127510145
0.4579487468473414
0.2044424318020996
0.8766385572103901
-0.4097271367548265
0.5969925399747525
-1.4588672845481674
-0.46278741160565634
0.7940804294283009
0.29525883910533457
0.32231140769183475
0.6490910153037741
0.023155747975232472
1.2920320191380052
1.0879513718888703
0.9216667849426857
-0.4213077162976408
-0.647678945454827
0.4588399610371417
-0.2786647220084604
0.5004593472351704
-0.19640124476397147
-0.7712315069722782
-0.361847763523813
0.3305626989321906
-1.4454357442724035
-0.7013813295034975
-0.11162852008820653
-1.118295536499103
0.11068007448957462
-1.6583461779336326
-1.1692294187392045
0.10040520241191903
-0.23715873445320582
-0.3428052472471384
1.5256694451763668
-1.4307329329115626
-0.0038024080073478955
0.6786686361103063
0.07741452000367331
-0.20704257552809074
0.6669135641172866
1.8570099827174438
1.4754960014112422
0.9706429240611888
0.4567435575758743
0.4108392370619274
0.9734402277016948
-0.8567009243041079
-0.43424325144629694
0.2742903606849118
1.3741441874479077
0.12189672094055272
-0.45917255198477147
0.19378607749469062
1.4744207758299102
0.5488659193103175
0.010477904768566231
1.0790302641465415
1.3645318796648935
-0.8317106169211211
-0.6008302070180371
1.1550181424240855
1.0909265314366763
1.5038544226270965
1.0122373754246008
0.6242185835484731
-0.8324877602329719
-1.975995841565421
0.7795568610063056
0.3440586040800344
-0.5804793618792111
0.4046727368287348
-0.4328632785584103
0.5329702857074156
0.7439568657741914
-1.2515871974490687
0.035241472287379796
1.0660766268869162
-0.3322481741694751
-0.47844767566079044
0.6958787372055215
-0.502129732486293
0.5972092843404592
0.22987738612472233
-0.3745509706408556
1.3748590712606803
0.5748657774129585
-0.04415595924427421
1.408603447835735
-0.4598821885896691
-0.8398851917306791
1.1096650488493836
1.1625320717076015
1.3475859243593633
-0.6360253275997515
0.3023957392375904
0.6865681866863677
0.6309608973913217
0.6126089030770714
-1.2376437835239165
-0.4917737692073979
1.2564689620065537
0.27831635906588564
0.7476469248524644
0.36920888158263515
-0.35332589906591083
0.6459012643807662
0.6059099092449494
1.6077901322953698
-0.5467920960809798
1.267967753681402
0.30960503442574694
-0.8975221028839008
-1.5096618320242168
0.8663503350300533
-0.8055066830764829
0.32352267802719914
0.43430697779093663
-0.25205992168628805
-0.03895597771917867
-0.5625989062025493
0.34845837571663824
-0.594963314268837
-0.9152866350728944
0.2680967098052799
-0.08916609428166195
0.566098921773679
-0.5639463059441814
-0.5342955667131901
1.036694546918784
0.585635480098423
1.7368517113956605
-0.7226872032168403
0.8330670943467025
0.4663966746520646
-0.871685305821954
0.9313393841846827
1.64641351647126
-0.517726415485887
1.9190311202414063
0.24184088148333865
-2.3552884037823927
-0.24234293017705816
-0.9673771813291738
-0.40297839493712967
0.6770326747077208
-0.23599158334910667
0.42601391525171367
0.1514916462053689
0.4246054813662706
-0.2984567210831874
0.9831344262485541
0.42109325035167655
-0.6504801943542731
0.08963897486493462
-0.45717474747432246
-0.7169711112305663
0.4586477912624798
-0.6974445012660991
-0.14585337999483894
0.8371276521616957
1.5277443672501683
0.7086319989407438
-0.46247810280782936
0.6874060496057997
0.61684755365087
0.2862207042954456
0.25533273090239966
-0.5567221858743294
-0.2514765042620038
0.6107695501344002
0.47448426256198456
1.4102519322465246
0.07280707560234609
1.0955304749973562
0.7505180167846379
1.495817427092147
0.30450704691265906
1.7036011685744028
-0.5208508916976037
-0.6150677720244361
-0.23898938506993728
0.6815334702386279
-0.9918521316861554
-0.8044421831083016
0.3676971113562755
0.538617086446845
0.7684273700797013
1.7494209117336326
0.8458783493316051
-0.39647330463832203
-0.18494793756981703
0.6406625169914832
0.8676181718447878
1.6677724366872904
0.19439293350863707
1.014549842993486
-0.3765175753057857
0.29252549713887016
1.7766041030274797
0.8367944499277074
0.9056169568885255
-0.17268854318566682
0.7742904376429746
-0.7229264745355792
-0.41616111071351397
0.9879510219805241
1.4227591471522276
0.20270666380917077
0.7841775778868765
-0.41460912392269583
-1.1516247163367244
0.744148246565425
1.3128725526736669
0.412983077865901
0.5944971331653207
0.28596782494845613
0.5627528640310309
-1.1206515544748146
0.6802595925447003
-0.5285499305348248
0.14463180169260983
-0.9046667681432141
0.9244637668070372
-0.1438135677944396
1.333501786745415
-0.18818767026606886
-0.4206309603921196
0.6163866094376791
0.8263088866280944
0.23298394447052231
0.8216988250672033
-0.24293979975044705
0.9996082453468125
0.10116687183547372
1.4108618891000972
0.6171007084952244
-0.25689946719061524
-0.39763578527752463
-0.5397064706728694
0.5470037909581374
0.9214026283689953
0.2413196452394807
0.23289138190033168
0.6817272304726647
0.5092867664789266
-0.05352047150696326
0.4410356068460443
-0.9178804288488691
0.8695440518127341
-0.965038653060794
1.6009878871352425
-0.28216654006541936
-0.4932685566536211
0.6380395594804666
0.6883874361883097
-0.1381705950797788
0.11629822424269956
1.1810539559549356
0.7697259600200814
-0.08737585055461249
1.2195932165146266
0.4590055441983055
1.2677755265031694
0.5407087033041743
0.8067583858476999
-0.7007562637720198
-0.548491033178173
-0.030180385082655765
1.0272079718935956
0.9828094976003385
-0.4185655243684182
0.6861870600765054
-0.04650308524191273
-0.24434011508983408
0.6144036862134414
1.2577562481455165
-0.43084909377514446
0.5993681007089109
1.0946007001621065
1.0112591033352933
-0.3225934748890622
1.0161938218436186
1.9707059441522357
0.19779916273042014
0.15919724933252605
-0.0487639804174051
1.3021501343545083
1.0257723357280426
-1.3788518980933655
0.18397808101710705
-0.644360584103284
-0.5179574247127388
-0.5436737907131058
0.3497717611638048
-0.28487056418656814
-0.7081412555370857
-1.0464544105150242
-0.3733827079534307
-0.4298772561491746
-0.22950809729816712
0.8816204055100184
-1.382857270094501
-3.150611266686124E-4
-0.05049518689923892
-0.4027374510634262
0.9792886656056844
-0.2166877884753005
-0.44332752221587274
0.6890518488865865
0.31927351919178226
1.0541332343746466
-0.27121009919797195
0.04091596344583087
1.1399670599531184
0.2478052403156563
-0.6376382609108568
-0.18842178051207994
-0.6783879059079381
1.4899257842887161
1.4678101676243738
-0.1618962566454236
1.23622542102607
-1.0968557993028285
1.239567309451637
0.20550117650636374
0.4886043183878028
0.2592817957154333
-2.031285342583806
0.8856104366599704
1.8680615095385742
0.5041092585911678
0.15680991444691927
-1.3328070070940212
-0.24906222034957307
2.0800268553194408
0.09849439973484013
1.193906906028708
0.5633065745684933
2.1099399492595863
-1.4436435295487569
0.08353949979139584
-0.8619791390725422
1.7337291110645625
0.7517939541212577
1.2957481781610616
0.15250082486240532
0.1619310554738952
-0.37924818765697654
-0.9916403000431269
0.5134716523307548
-1.0492755051988292
0.9940983651521319
1.6219374186416493
-0.32618463222371397
-0.30238415954625175
0.9199258026993724
-0.33099985808208526
-1.3127658302859706
0.869503306843175
-0.2838796816997401
0.45208479296198734
0.5137759464427589
0.43755944393965246
0.32046396000936606
-0.4169826297643621
0.7076294559661378
0.9086073887290664
-0.3375392500876199
0.16990578457602068
-1.2049199709750475
1.364511654096206
0.46466971773126264
-0.30237023405125796
-1.007837704939186
-1.3341740052469924
1.1942650741386684
1.2240483722553317
-0.31722019472227597
1.0850649090004558
0.6426421335116033
0.6473648612201032
1.4492206422896496
-1.1020167473244276
0.37638098018903937
0.536409636929392
0.9375389071684317
0.6733256574991165
0.5189772596680957
-0.19058463329338607
0.8029251638156246
-0.6927351676580015
-1.2486789072402844
-0.04667706592774199
0.3871044241426513
-0.23143833181274157
-0.2580402388834153
1.8099116748276458
-0.2369548507080777
-0.5476474527053969
-0.4546810719115331
1.059185562446303
0.9521332296287077
1.587510106145189
0.5017616281592502
0.6718394819974564
0.31140859512917335
-0.7348296099272201
1.1987557470128498
1.464556831209529
0.6879120916040463
0.49414744827904283
-0.6012071523777095
0.5265999048908104
0.9202660360394963
0.29177015313385146
-0.2732956352151745
-0.3671474533233896
0.10016687612391457
-0.2960175252951198
-0.38925265533613285
0.43660122038695953
1.519782019220345
0.41571376104817825
0.2264035831538943
-0.72781270627217
1.1404422204374696
-0.9746857846989544
0.05790178470560757
-0.7819721645200222
0.8826524126413976
-0.8939580145819779
1.0609418836904818
0.6040775151084056
0.6812026915658468
0.2020201294251942
1.5492852961059234
0.8711949310215606
0.7538496020180335
1.291828820580539
0.19598085514683716
-0.04890884682034121
1.5836509407996033
-1.3500283459962124
0.8748646515478904
0.2877572359990565
-0.06345035442725573
1.421854730031298
-0.3280593016569237
0.19721292546991492
0.25393979457388477
-1.8905083050745213
-0.9991598458533354
0.5025415684560705
-0.04906770646040276
0.7744130097706418
1.243181472075267
0.17366316206802737
-1.060049034212232
-1.6395055023045633
0.148842890490931
1.3858188157583724
0.014399712060888623
0.20374405472815582
-0.47371084313553646
-0.08890794342837983
1.5999377957100887
0.28036257552847016
0.10174058721195042
-1.009565147299741
-0.4100659583108699
-0.46596921071987585
0.4171358041244819
0.6709066130784875
-0.37489042695123836
-0.21625560741166772
0.7220706329058817
0.6498092371420361
0.8348296250917405
0.29290333987985645
0.47620617902018914
0.29588775284444097
2.355427380345394
1.0332000260475578
0.5536165558843391
1.3328853490676222
1.439000230044762
1.575849995522197
-0.45521913174566014
-1.3453664052099665
0.785217597009683
0.09196336682338627
-0.24754223923618734
-0.7378090614146816
0.4463670922406601
0.5216303901184501
0.6083706474821857
0.6562340354761762
-0.5289366686453292
-0.8056357431037053
-0.8252050253401579
1.2796408240375905
0.7845766513136996
0.8275924482567886
-0.9015255018277932
0.5633317606470759
1.5070869705087493
-0.06152995509232336
2.185990946927166
0.4607014289736225
0.28742523090282146
0.47536490221177685
-0.9813949754511471
-1.111633079825899
0.5087886688415273
0.29228763572402844
-0.9611244955611019
0.6329108623769745
0.5187542229745493
-0.6507340335754744
0.5769295046989029
-0.9224669608730922
-1.120435909155175
1.5797412365146641
0.009853898761213963
0.6208294028068384
-0.12126200284967044
0.02877430197903365
-0.07598047204456229
-0.494749311765406
0.6627545815125853
0.906334723516467
-1.1100041324663266
-0.2558903759316773
-0.6443069373095043
0.29250557755240186
0.4725515253267961
-0.49161675110923686
0.6858804293249303
0.7496200836469691
-0.17010338576811765
0.9515007983164222
0.7777637146931176
-0.3298442426222136
-0.33559864001997086
0.34240440500380037
-0.4288256625830067
-0.09217365055739071
1.5898205692319516
-0.7752556467410846
-0.36808934156403184
-0.5473108584981143
0.2830877864688959
-0.73663699855941
0.5752504000580854
1.7789419111781775
-0.4235567540315424
-0.9137655235035398
0.19065113284771065
0.16152523765573354
0.25287289440564703
1.4225552073148278
0.29643056481639346
-1.5919321121738481
2.074304783138558
-0.0667421598877499
1.1806423053788824
0.4069841209675097
1.6725572902905288
-0.8181824795015489
1.1059881089431371
0.8412076696360459
0.2700121433252979
1.0080227617448592
1.006077765132431
1.428361079594014
-0.7749463670630125
-0.5871180786665772
-0.34166553415715134
0.12923854456094702
0.08082916038956756
-0.7238020656370561
-0.23563204734723944
-1.0132500117184016
-0.9270248554281594
1.0247206461389367
1.0762430342112959
1.298703720690972
0.4929559616265031
-1.119112402284855
1.254761710058454
-0.2583902692513792
-0.26553472882952545
0.7538611140254305
-0.5368751806212275
-1.1002014043701318
0.9777649720124575
0.05382667561736095
0.5854649799037398
-0.5961599608240674
-0.48934266858467945
-1.0190050546423728
0.39128928357871107
0.24892085319518462
0.6477418975559478
-0.3438844619194864
0.8788756017820462
-1.0002628406927532
-0.769444365400039
-0.6117347482420489
0.4327010947649061
-0.49229098287659134
-0.22570745695773983
0.2508842222773346
0.999395378234912
-0.12607101960885445
0.46123412307594225
0.8152197754260568
0.42425784405613554
0.10596276898254486
-1.013917883323859
-0.07556913392304876
0.3452953197216408
1.6082871963489527
0.31663465434389465
1.0713425907984266
-1.1325140301084393
-0.7938335160307977
1.216441282574844
0.3456362282868056
0.28666107171537014
-1.162500755321871
-1.572009261063362
0.8817986416013324
-0.9100046644804363
1.6586227693014164
1.470930739366379
0.30811858664490005
1.1318439421348476
0.9274864214527031
-0.2350960946428047
1.6210697786020256
2.8272020571371237
1.250705108899224
0.32021439258953593
1.1608678414678857
0.7178233540718678
0.7088122499150968
0.946149189761441
0.038916975062971225
0.9018171355548197
-0.221609056874887
0.4442500214531004
0.5126822111899969
0.393097080809673
0.35831363933353194
1.9537498655300267
-0.6190379069388332
-0.5624157498138824
0.8130994851542261
0.4858460551461745
1.768548923091497
-0.4439644189344376
-0.4144696242239686
-0.15766412013830186
0.007447414058076401
1.6007128410190348
0.3628892928568344
-0.8874863958861283
0.2805375537102043
-1.0944211107393986
0.44761325769325877
1.0687368969509203
0.5091474075559826
-0.37193391503140777
1.3336197105705676
0.09767592159492933
0.6247266128761783
0.10870508239511015
-0.5081983833110818
-0.20082061249724975
1.4198393465222374
-0.4035050540754392
-0.19027496776377503
-0.458874694424804
-0.039712821064284136
-0.510298298165052
-0.1836875537020591
0.08019016488431437
-0.2640394880581255
-0.24258683259163588
-0.9261776540619556
-0.3142745234246295
-0.6966209567578797
-0.36818750222105395
-0.4734061994245185
1.0489600455102197
0.8177587997604752
-0.32349849627551464
1.0512502992057355
0.20218105831115232
-0.1695538651508896
1.495401062335387
-0.8107235722581706
0.4671575135108845
-0.002514666712201634
0.8072007875809795
-0.15320187475470737
-1.257990735618271
0.12105654725379093
0.4637734747332029
0.8357466394557165
-0.15372005187107068
1.135997095932604
-0.5675828152216995
-0.3910548100418004
-0.060523443997768996
-0.21574363984779302
1.3107358280950363
1.0254792112133904
0.4999561192780726
0.782245311238264
0.6554542977484676
-0.09173067285577907
0.9932937950542386
1.0354812066114147
0.4758865751023174
0.019524650999645267
0.7959775067889155
0.8514985380896724
0.3164898845497984
1.4117621454410876
1.3858713406001437
1.006616590633372
0.1404979685178208
1.0231021506588531
0.06838108019510274
0.907352323409946
-1.198785297179821
0.1580437088405998
0.12109158187125435
0.5802634625792191
2.0137291058295252
0.7152665391776438
-0.16244625904508328
-0.3125101586099468
-0.23660102224667293
-1.6667232274008605
0.6831958583783878
-0.2970470403599025
-0.9156219747077001
0.16685688902231863
0.5599185654013877
-0.09144071972153177
-0.6488780917314956
-0.1119806206609389
0.7322439224756548
-0.7869907870513875
1.3649804258795282
-1.6583388418064373
-0.4626779140126687
0.8691174740227066
0.617262625099441
1.6120412298630113
0.7391132651986276
0.10721093760481093
0.43222962096024675
1.9152662244261005
-0.781846801699868
1.186568834300528
-0.7383605751556555
-0.0214256693432224
1.3302546005889462
-0.04434245088755831
-1.248253809911566
-0.1819719014231702
1.6966734298411474
-0.30564075710200583
1.2812347547801604
-0.4710076317126034
-0.1328486900436784
0.22771133320678053
0.6518959302941414
1.4605177724988079
0.561839134980751
-1.1559262727581985
0.47807010935836897
1.0760013576470406
1.3739571847491157
0.1970153112109198
1.7696976508645328
-0.7846490890855201
1.7749725757220762
0.0416705231699553
0.999882692175885
-0.07533595431941524
1.2007068155491374
0.6027571769734152
0.049559277306099006
0.5984992577940614
1.0965888108763393
0.3455438472427877
0.5837529599698731
0.7695438545727443
1.5828776536701799
-0.0877923618790184
0.5508175750558315
0.5149318376080612
0.31682064709054447
0.991463246837033
0.4740104889979779
0.6106025629115558
1.4640220092270977
-0.16672668246178088
1.11443366678598
1.2379092353350316
0.6649847564197486
1.0722185242019533
0.8334845040385449
-0.3897342903772758
0.48171183292239694
0.5940868830649342
-0.16816757112546832
0.7615605706996508
-1.3024867734932046
1.5427416213313971
-0.8846265389133738
-0.2853814560656165
0.4123497410889071
-0.2966421547503529
0.7152376229595286
-0.2592039499237525
0.22508598962686613
-0.8246152784395225
0.727022936818558
0.29897054997547656
-1.3987803647715358
0.1381027632678069
-0.8229518426372484
-1.4085619501205475
0.0050985431213444
-0.14512247168175374
1.0110594566621987
0.9343285909290193
-0.5269429716729263
-0.3715853322917977
0.6968788566363869
0.5102380269586676
0.1720443797330735
0.8966942892681964
-0.4133937886008025
0.46622876922226947
0.7861172565338438
0.9150106653880135
-0.15958491035443764
0.5779359464307386
-0.11422020570816908
-0.7065115271413989
0.37550837703257167
-0.6335600206077773
0.1558070540134132
-0.9287454684592327
0.15054734824699273
0.6138613279212989
0.4693613668524742
0.23150479235120233
0.3051145457124998
-2.0349756965470958
1.8206180500074145
-0.025860822500953982
0.10198834893598313
0.4509381319894578
-0.6280659376746904
0.3898669570163251
0.8674174884295213
-0.06301317872092857
0.5581551549697793
1.159099250533932
-0.799423593642263
-0.3684985218803133
0.5755689029575595
1.183662207275676
-0.3336650357982643
-0.23435612670072908
1.0738894697612964
1.5444352073997332
-0.40093721438023217
-0.511909748952657
1.474948348751608
1.4911119147028444
0.850727799659392
0.6568213968488098
0.037231431130949406
0.8540784196555327
1.2876160741689278
0.0044781803167986385
1.0990530207680853
-0.4406801765738926
0.0956892929309808
-0.6334078729477823
0.5266638877651909
0.09049636809134033
0.5759990131137123
8
1.2476550766442065
1.138147142842869
0.8616069934296943
-0.10979148922629754
0.36688162718728545
-0.8399955076642415
0.3677897607135621
0.08119110561693786
-0.34862874726287957
1.2636865347974418
0.4779597273881672
1.5634483910214512
0.7731433903796815
0.35202361820834127
1.1558475100731334
-1.0357061779354324
0.8403055993779807
1.2927667218731442
-0.028490963981923304
-0.8509778216694989
0.7770782789078474
1.171336597128424
0.49326122026105185
0.23121166746371768
0.5894831401915279
1.2961952772261762
-0.5057426481467935
1.0674009829206017
0.2835959411029956
0.8919994304317792
-0.31882345389298217
-2.0920437766429476
1.0767561712466174
0.315986755066949
1.5126191789497445
-0.2400067240549092
-0.16371066579289253
0.2492468513010986
-0.03971852221555834
-0.49194300243719297
0.19878233442640963
2.04029116008974
0.9104899532746666
0.634992990443829
1.3746751595846418
-0.1139992124860652
-1.053970197809321
0.1665606181506914
-0.1645464410903245
-0.5172909833603602
1.3192317071653108
0.6012504952550576
-0.5224227557481762
1.3454371042727211
1.4205963097130907
0.3684715814667515
-0.4415890441030872
0.4396795972979341
0.2001088872661121
1.2942486085384903
0.7115179670612463
0.20587478393976752
1.4572760557124613
0.009648585722764577
0.09462460204475408
-0.016542823037568228
0.5135280182174012
0.30838652864271887
-0.13924216126812508
0.36392474639107586
-0.9478203632765604
0.2789381375760405
0.35813860861893043
-0.208843578979197
1.231508196022121
-1.202525333300463
0.8640065260032966
-0.06559418730337688
-0.06274802275125026
-0.04519220961770709
0.6398043755612286
0.16497930400856833
-0.2744428209144389
0.6819900261957288
0.6550819263370713
0.10730209883310354
0.27875159090170093
0.39997901802967417
0.286872503392666
0.23764588989038607
0.21780611514138057
-0.8278552499712986
-1.029904382759403
1.4037507146159824
0.580118533813051
0.5456957278658306
-0.8706769447223849
0.7617335373058284
0.4989456812270298
0.4548571762526116
1.2618090567767355
-0.42322750832879785
0.9994664897350268
0.6340066733777209
0.20933055038148507
-0.3677798743944059
-0.466375759086747
1.748278652825223
-0.603849730725351
-0.7688511225640768
0.48554725043919067
1.084723233182939
1.2572658648990334
0.519580761167893
-1.155127320907993
1.0614383059641124
-0.9314511468033817
-0.7977031468556498
0.17444028952168808
1.395041095568194
1.383518018065263
0.5841127129866487
0.7775879333923384
0.5568444338134186
-0.6670157202726211
2.099530611172392
-0.08677592692702889
0.6604444723527252
1.5161161004694308
2.2026635927374927
-0.23402601298290546
0.6316294003854321
-0.3819405086062968
0.18282618919955093
-0.017251141665058107
0.5145563803526796
0.648400097019557
0.1762813224875561
0.5868059811291133
-1.4200686742064401
-0.5751889760263685
0.6632609751084372
1.4483195933405264
-0.06992847681253063
-0.6848287915247192
0.18465079927439496
0.5078230120566306
0.5537180743477844
0.7001930395528756
0.8953478839541541
0.2851362141019843
0.7555814611744687
1.81416836430291
1.3845955232290312
-0.42272114753635226
0.4479419737716899
0.2694195181143537
0.24783466881381558
0.5047944917521358
0.6819392819061088
1.389311160226155
0.6862914600364964
1.3249849686041562
0.8159904473729428
-1.320779275964245
1.3009752415759652
1.131058767226023
0.5436234522056487
0.3780248014543872
0.24046786482571952
0.6289689469587141
1.0360000275409695
-0.3697406885048432
-0.4989585773794107
0.25092294895660844
0.4606457212035304
0.9732481280175175
-0.33410625258523685
0.30601894196518864
-1.0246266946964329
1.0077216963667317
2.0280093874458403
0.02167226735064913
0.5133508763714927
2.077183351136821
0.14309528859140735
0.0652914652244979
1.0949324309193325
-0.18614464246270326
-0.27666717837112076
0.8816296756145293
-0.05557642185127732
-0.04686278694259088
-0.44640996579746683
-0.4504905492707855
0.6778709854344642
0.172223205986711
0.15960249683900943
0.5195124838145233
0.7809340199418005
1.1136798999950122
-0.09614191509355613
1.9509577335514217
1.254404558522176
-1.0045347668340718
-0.36195013690861255
0.030397713299142832
2.0191727103716732
6
0.7085351602069158
1.5907817942595508
2.1222455354940055
1.5182898152923208
0.3182115173231764
1.777716986367441
1.558306772570725
1.1046904611986268
1.6641174025377825
0.8444693723686391
1.2256206492319286
-0.612678625285774
1.5668814156564639
1.511244990874703
1.7736892659199022
2.519634664997277
1.4439069445793593
0.7331894450264055
0.13412765510782923
1.5286576411068609
0.9999453403109889
0.6402139264266155
1.4684010932679956
1.4150325984635699
2.2758945308738534
0.5243172453285122
0.19486496693372482
0.3144243397812483
1.1560948757657514
2.742914815958103
0.959842407536321
1.1575881748443506
0.40859909395784294
1.0548257010111577
0.30313954224023687
0.6843783968221983
1.9035207196172406
1.5025708235130744
1.5254042654533748
1.3933397674568462
1.3725415328054678
1.1303847821953286
1.3746134976325086
0.7118713523197227
1.6048619110090445
0.8834712256164771
1.7673505378337946
1.0283928144923444
0.3269470651003946
0.05366543774689683
-0.24968807227648343
1.776986035422967
-0.5269648208062127
0.9317130121686767
1
-9.725742640722908
-10.913456950840187
-9.613978262513385
-8.941925584196548
-9.66481746115735
-11.1956714574702
0.2863311851368649
