80
4
9
-0.20427805688754513
-0.07163203738885793
-0.023758259022283117
-1.1168995250921963
-2.2497574926908452
-1.0914662019911385
-0.4632709519876403
-0.8404407404937048
0.7256582919464778
1.8513711215602373
1.5558158687219135
0.6051471322861026
-0.1349229587497847
0.8419016790667277
-0.0640873260927671
1.0034736470640773
0.19555904372190258
0.8249146906606512
-1.793125805374645
-1.0884278332883799
0.8679959322603295
1.2441735621429404
0.6224116647665295
1.3276839340502407
0.9005934769523873
1.2899748643185953
-0.4496452884555196
0.7191852127130806
0.6018236783634587
-0.07496248948388785
-0.7730801289980838
1.4051276429450172
0.17637071134676363
1.322600118783226
-1.2759071877946226
1.5066901722171337
0.9718233025580992
-0.3512760429124141
0.018613957529082945
0.9230328031325716
-0.6233117234833655
0.043648130151954505
1.1144388592523296
-1.1815164168814671
-1.5238123327259112
0.032637577438330345
0.04240611251677774
-0.07410587192381704
0.5188791846533375
1.1565940026584427
0.37561318681588424
1.278743866124953
1.5711232135163036
-0.39238145928048423
-1.8259445769208695
1.466214094174203
1.2270949725380729
-0.5639151590087619
-0.23885066620305534
1.2328552524445873
-0.7037119285025002
-0.770226871949654
-1.0887804538825665
-0.7509405306012213
-0.6138317870898116
0.5370416192093805
0.8161309752702904
-0.996052329643738
0.19937949862873006
0.8837533191837964
-0.14667272875452342
-1.3772492204141433
-1.3297042227978912
0.4580297078413101
-1.2777504329239326
0.7859944169472091
0.19271876651606334
0.4310283313073715
0.3820388897467562
0.22968250088912545
-0.22372378853060487
0.9950679126019513
0.26335984772682647
2.1638623678089823
-1.958126613906125
0.37372571444761826
-0.7393129889544473
-0.7790006732496262
0.8096313695303103
-0.7977829856904423
0.7687419754018802
1.201959132811155
-0.5092026529746548
-1.2034047815512128
-1.254179715334876
0.3190119875435896
-0.7280181666761324
-0.5979512386314204
-2.090559152086467
0.3883176625726704
-0.764842284707992
1.0738445750189543
-1.475979264632394
2.0342058383557746
0.7883083166619651
3.038596826331178
0.4197321378372475
-1.5077727039325317
-0.7328179726300361
1.003647996567886
-1.79247369898904
1.3670771157856667
-0.9091232519996311
0.7133416370332648
1.2885780194264098
-0.3579371956067527
-0.3992990305435568
0.10427818869442033
-1.2597108720943613
-0.8262274808700942
0.0444827365207711
1.9535972229413976
-0.8522347129059435
1.6261754120170622
0.2916657740615096
1.3390103736850192
0.7974758513269795
-0.6263871093714121
-1.424333413537949
-1.4700779585311536
0.6113345491475095
-0.487341791264294
0.377778011318762
0.8625242611145992
0.6321934885664308
0.1610205824284509
-1.7416581927088544
-0.1310215763815552
0.7753695114617053
0.9491945802363023
0.9695418074488334
0.8878269052285901
-1.73000830758512
1.305445862491716
2.372044086586727
0.35568594920238483
-1.276688370722082
-0.5696334100534222
0.11358637427354389
1.5378004836860966
1.174120618813086
-9.129485529693268E-4
-1.2404293689579673
0.6378542875165336
-0.9098019315745344
-0.7995082698209985
0.8079820725505442
1.5793322142318944
-2.1186983192779065
-1.9223023422737828
0.5272843051332152
-0.07307473498776976
1.2725410339548837
1.6334560858741112
1.7679541604755775
-1.2174071734508893
-1.3959159290370717
0.7150459191052211
1.4058950301433903
-1.1345800168660514
1.675021888121119
0.33543244803963523
-0.4674826342021137
-1.5122005578981004
1.3790376541981035
-0.004872589577921742
0.965302980521324
2.1819283297336796
1.9714446896318034
1.2677461477448349
0.2184277810601875
1.3827996227323391
0.16455908086743937
0.024986392976959565
0.26920841444853416
0.2993685646731085
0.7414818817572945
0.19761191975948558
-0.9128554453094113
0.2270735195336099
1.0931700682851873
0.8192175060507458
-0.047566618008396344
0.4961091899911617
0.33720396153335774
-1.6424877541652017
0.42270723492633566
-2.103467408723913
0.7049354093015644
-0.34557350328309033
0.5393654400039101
0.7173383485664407
0.321217728127269
-1.2629041686750186
-0.3519135780222041
1.326171191182653
-0.9935725114339006
-0.9815012241743992
-2.20302912598057
-0.5805143700914521
1.7932571070629075
0.1651396032780759
0.7790951984095884
1.569646677642521
0.10061254785308582
-0.8028863387361171
-0.022289499558600788
1.7483144688499725
-0.6513772785471021
0.6401846323703073
-1.1303694340160346
-0.1646475914595566
0.8930474467560525
-1.5087515773316884
0.7605807069876822
0.319752025676974
0.5502297342187401
-0.18190164691811228
-0.8893437115185839
0.8515442020001758
-1.885241295285672
0.3784545452930731
3.145177728583784
-0.2674906076646774
-1.3218940234194831
-0.349544167826315
-0.2503478868102742
1.7105844495180857
0.3113580057132104
0.14345731938389117
2.794441509018527
-0.005023071017215136
0.8044242535551878
1.199986249537465
3.5386724341097597
0.4671648563822653
2.228745815403046
0.5933809401128715
3.2927800486112098
0.2955475922511274
0.9902969083402287
-1.0299093442811664
-0.7305550010936276
1.9455158813447342
-1.0627674084161673
1.7178034253264265
0.6409961824931701
-1.137564468224141
0.3870340774850817
-0.026920477934213274
0.1711292878047837
-0.44958303428637747
-1.1937496706876034
0.9992791138998555
0.6011633831718006
1.496754200534978
3.8161312096263496
0.6526262361752968
1.1845547141648354
-0.415693938061265
-0.2071510087306163
1.6436492171864159
1.4894516344635815
0.6473962365756836
1.121131208370015
-0.9850698029899795
0.624555125506489
1.8736561278517652
-1.280864216651154
-2.0773911790254136
0.9990838635214315
0.12130536363304349
0.0402359708459
0.14414867464894543
0.5114598588918602
0.2787514702622837
0.5204327182594441
-1.7203664942945525
-0.12437032513248192
0.5796624800436025
0.38795348854311834
-0.3721519180421036
-1.1438848914454982
1.216687647266705
0.8924594618060708
0.01048096081420128
0.2663882257849946
-0.14112024072621837
4.172662535995342
1.1598231514923465
-0.6663867189684082
-0.5879646512111298
-0.04874031552257389
-0.7107261102899898
-0.6054417053284274
0.8498422291424402
0.5708745623885743
0.9414243661181292
-0.17661941459242714
0.3788253510169708
0.46460516560172394
0.13668467003550328
-1.4073866101398103
-0.265580701508758
-0.0724008044842914
0.19441652270052395
-0.7368022946405441
-1.5270452617504855
3.068442158167818
-1.3758966569327646
1.85816347316635
-0.6426895572024991
1.0473472011820004
1.9335921472908466
-0.448918012920649
1.0061023802702629
-1.5667172883431795
1.3673794631844045
-0.24007950251871213
1.1061872071335415
-0.5111244133966537
-0.12505288527119107
1.3037021066509453
-0.022460335824147262
2.920337337707133
0.5323155448378404
0.33826745056108753
-1.0370260391325008
-0.15407029938141092
-0.8893433864807893
0.5091790970037924
1.9215734098596287
1.3038190606067293
-0.09392493095153957
1.9245822608188636
2.018553256558018
0.6969797506807625
2.2351952634053216
-1.2446773240926803
0.9291327217111544
0.29509790503407973
0.5114180704692605
-0.1446887802278138
0.7273115909233314
-0.15533038857102216
0.6095777850427597
-0.2710478972381334
0.6259035797147494
0.454201023424269
1.0613708867905767
0.9388082064910258
-0.27668923857481614
1.0647341283120544
-0.3905125807623774
-1.5915097843392267
0.1677664376788507
0.17939915701748438
0.002793443603032547
0.10563298827744706
0.801159247037282
0.5559863124671167
1.6138185811056647
0.44000561076855477
1.0297549020384449
2.1517554914485624
-0.7085430109119444
-0.4939449168762889
-0.10605639499544134
-1.9234812240321437
-0.3951501363396385
-1.1885795973081517
0.3706346388144006
-0.6481752332204717
-0.1902004600905195
1.6995504934529049
-1.4479133919145675
0.1314168240726322
-0.5711670060016094
0.7329947935527135
-0.5252210023363858
-1.3547619629126697
0.022704322006420828
1.7014895003268509
0.04283241552289713
1.0237644154235037
-0.5135623374491944
-0.761834481089672
-0.2525310532371162
2.35554401487368
0.7830121315706294
-0.30625026899200025
-0.04292793050962905
-2.0771059745560665
-1.652718959872746
-1.8485586368343963
-0.6516723246838744
-1.368962313766794
0.5879271420758045
-0.016904327263150692
0.11555520724195337
-0.21362059532731786
-1.1185242194233884
1.3662031722914636
-1.2533252931471046
0.10125274120912464
0.20504643329677374
-0.05874211916749451
-0.7563634718392813
-1.1216298833336662
0.9676137086354815
1.4527421885428171
-0.35737178635348255
-0.5197381332026435
3.3841607730830483
-0.536816538994105
1.8333370869651682
-1.8665284009693157
1.2569002169576826
1.4597335674148917
1.008236435004683
1.6065780437278556
-0.2529738855340919
-0.3571988405367145
0.3432163713895809
-1.2877397212071588
2.690628305469228
-0.9156527931805695
3.2283086079532293
-0.5224748830003331
1.1918921813008365
2.6023646514346876
2.138907057616147
-0.4000104031075137
0.1599827966895006
3.090309767480855
2.2121101317843586
-1.8411034458965474
0.8575706224793719
-0.37991403671907414
0.47728030380572994
1.4077326746925531
0.7187673454602078
0.338464672378206
-0.027393332189536893
0.5633195467893504
0.013750889499957245
0.2515432274695246
1.5398404538765207
-0.9321787395298968
0.6677412974948232
1.7795578520151192
-0.07078868741371402
0.2739858007085235
0.018978610937988062
0.05853827525365427
-0.8990779934324307
1.3443737203518862
0.18040341443015803
-0.815083564216321
-0.21520644406576028
1.2768343567678258
0.5318981397864027
-0.14441688961035376
-1.64166269896497
0.3553592613751054
0.25749157646475274
1.3713513671716628
0.8488287723182996
-0.11242158735454236
0.6653373854172535
-0.6640924234516818
0.3297884236513475
0.9413668007294538
-0.015093498114702609
-0.6785479304219604
1.2605326066032174
-1.1254781768015587
0.27518082447961667
1.5490078097040736
-0.7282845916848231
-1.5162077583415638
1.0661072578605586
-0.6392152632007634
1.0987762786814688
-0.06985171866389443
1.8291159458304536
0.70005062071109
1.602307544670113
0.9104193023490113
0.1165294913067983
0.6628510923719078
1.1963828039562352
-1.5595606131741233
0.9397628477733515
0.09755972303292057
1.7278712947819255
-0.45359675116714504
0.7470082594762761
0.5054136352192584
-1.2587746076656265
-0.8034021407178479
-0.9162155918557205
0.3200144826177056
-0.5350511325299853
0.19421390481622802
0.055160267587854014
1.028723698821684
-0.15035977279523122
0.18964072704002413
0.7347085869891861
1.3914006621263242
-1.1630267366806557
0.030807480915963754
-0.4425774847001209
-0.29639720739970976
-1.0945301076096872
-1.3015361880709964
2.742958561195986
1.0226381306985108
-0.466912548951476
-0.041309143376071174
-0.7064074353948715
-0.2878404736945135
1.8446844497753938
0.05759211472356829
-1.6563523349461313
-0.6414528968864701
1.128779172630084
0.39198116392998095
2.517347882039014
-0.4181718513353377
-0.00279599536949611
-0.27093798192550334
1.0209394436893982
0.37703529023679655
-1.4988895372236033
0.6053113272362406
0.667755263711878
1.046448557529832
-0.6645307040135844
-0.18628583724483933
0.08689303528774367
1.1915203046298708
0.3608182433763345
-1.8798134197824659
-0.07851349171767866
1.874867216130458
0.2347464225346788
1.3896945633454345
0.517060542042362
0.5110734574140802
-0.2649004706325093
1.3050054458685132
-0.9069113586267459
-0.6270834497094135
-0.6226964214240516
-0.0022643781267658973
-0.2647334318519709
1.7964965848158596
1.638781014215408
0.7225649233171983
-0.5621538439346218
0.6876678548102697
1.0962278357750725
0.5409125101455948
-0.5638299707812434
-0.1492449137658724
-0.7028963306904111
0.09873943364647904
-2.2273423187946015
1.7486203503780948
-0.2030035483468149
-0.209696912936514
1.3932517695436382
1.5763409637101626
-1.8423192758299922
-0.25478545766443034
-0.2428605761776337
0.4417414625063572
0.21855744483508613
-0.0956345515429887
-0.7671201034973458
0.11970977837824975
1.0011700447927383
0.40060725120287005
-0.5869989232864673
-2.038284516148588
-0.3024572351690169
0.5588393439664232
2.0749181692070713
1.9155890050458204
2.913130802254761
-0.37743831866008126
1.459594776256283
-0.1986478499084837
1.341528406739973
1.3363024732097868
0.11112346780142411
0.748043648936893
-0.084672461810759
0.2675931625509918
0.2539982598283633
0.5661354000658513
0.8199042430458388
0.8889908945413445
0.47177485554081444
1.1071781819307749
-0.7996467148323815
-0.2071772347197635
1.4376815180329263
-0.8072049321805514
-0.6583103429539157
0.780824042272672
1.142180064685294
-0.015033084790150912
-0.29338875138693127
1.0436081723014914
-0.8785999076009061
-1.0980112840347127
0.9575060105846893
0.3938513673346995
-1.4992397434552378
0.7080908755514106
0.7627996414595672
1.946361781137757
0.010087151843114345
0.835962308421668
0.38850838332601256
1.0152083117479473
0.9410111087594972
0.5751508568646365
0.15608745224139084
-1.0164910217656544
0.20348830323895084
-1.9612031492312283
2.23294305442499
-0.9220052169311265
0.2250074195980271
2.5369776078008557
-1.373906825116764
0.17215320522305258
0.6081565053272269
-0.2792697380695962
-0.20014013875544998
-0.12505638886651715
1.63614856498119
-0.9105250225364316
1.358509583404635
-1.964830934594886
0.28986184260663755
-2.3920336189254727
-0.5735304885922187
-0.1098995138538335
2.6009789294848593
2.6115501800706213
0.8879328015914001
-0.8903365167629476
0.28077694248967267
-0.531775919577747
1.5109207877414526
-0.16637958449744394
2.7272657621657173
0.38054683921962623
0.6844516253137849
-0.9551810549535584
1.4497771701410893
-0.059867524659233104
0.8058051301832708
-0.4763755814856182
-1.6948623082468355
-0.16188843120073776
0.38526288077040544
1.3484604136970557
-0.30697245617749214
1.5513133612918004
0.7535893792751537
0.5447019684533059
2.208412552095595
-1.6752847642681212
0.8038786883742369
-0.7155860628491257
-0.13435346645021168
-1.5133652206942307
0.3490995074801137
0.1372277628576235
0.2224723950564091
2.6551420829386654
1.2418181393905194
-1.5802851414798647
0.8877636105427538
0.9778114814410833
0.8273303444765867
0.94661628696142
1.3145645036011147
0.19061200321655408
0.4358594413049459
-0.9083978118445535
-0.612220445706912
-0.43194434120723896
1.91742064934949
-0.4639618514045292
0.19053466138753028
1.3869974913018905
-1.4644786550945446
-1.4504485323704301
-0.31206358546283475
0.807640163663868
0.22657386155772236
-1.419167099185478
1.5220923904515153
-0.22427365641850738
1.116896762792225
-0.2248108621714074
2.8336453776376347
0.027851101327197217
0.30739504213337265
1.1915222875967921
0.2526875457853349
-0.047209224070281657
12
0.48430290493518574
0.826046106427542
-1.9297052676525963
-2.373611752819723
0.03459695715737092
-1.2707585988436334
2.187864448473762
-1.1401404237366595
2.5833241827183104
3.3133563189850688
0.6620211478197671
-0.4866263775539056
0.30795386968389177
-0.19189745421019136
1.600523061959722
2.0059786945473443
-1.6819789340837061
2.974181406230466
2.0696189245240206
1.0334204593582454
0.4518745676611562
-0.22106767454347423
0.16669379186181513
3.024532808181383
0.1693097223999762
-0.3401229264733186
0.6088130333650015
2.004437322340617
0.9710770454295575
-1.4970801515255185
-1.1777441627103407
0.28141914605177576
2.401212707558373
-0.3687236753295976
-1.0948020987066795
2.2233993990777106
1.428135798601569
-0.43300634190538057
-0.21087452122608114
-0.6618453557668791
-1.8822215390945662
-1.7066899946224003
3.1563048167373893
-1.4889959257715875
-1.735603487350094
0.10551669024787907
1.4811216964518132
-0.047979317303591146
-1.2534996669160305
-0.11293735496933902
-0.9240836954956442
1.8644902195156268
0.7756348407782825
2.608067313289472
1.4027966496245219
0.5520499477455104
0.6461317410120407
-1.3443175015108875
-0.06902659215019384
2.9691230483843345
-0.23382585463231736
-0.34128976412726214
2.971490863451118
0.7639475340324734
1.3366622978177978
-0.16138483211056392
-0.3241321127006768
-2.143563033690792
1.5815834146163388
-0.9164223409413275
-0.3304343849068223
2.4880650372802835
2.355305368367985
0.662178807748925
-1.2701287624542879
-0.6991490403848257
1.1839245220981833
0.7944356798605549
1.9826736516690426
-2.539026268849933
1.5933511895909889
1.3360611315343232
-0.7950568600873851
-1.9906182096855303
-1.5410996043761003
-0.3031931310025704
1.1831777047561423
0.9681651146939932
0.5859011960036166
1.5770436438412982
2.295490904464306
-0.572920288367341
0.22487568030920654
-1.0311202325179292
-0.7888556375238774
0.7280537597646696
0.35521010755292975
-0.675991279649242
2.3938676040439955
0.3591669342893315
0.09345645719336604
-0.446251424147584
-1.1827424462508036
-0.3026034671077289
-0.005014733984791464
3.184169631765707
-1.2080407377010967
3.5197962680769357
0.03419291367897829
1.7784801967801536
0.05143035187084287
1.299249313815247
-1.1023171941462542
-0.20811434573870718
1.2204571574985177
-0.7876204737392718
0.8257601110138855
1.7826220320610502
-0.6715827100404018
1.0903202255861508
5
2.7033930751474453
1.6200360228576693
0.8229172151044842
1.7207230825184212
-0.35595832001624367
3.0602463991384163
2.4493817680585304
1.8544026061419778
2.761836974281314
-0.07424952045647493
3.3047858727204478
2.173754009737897
1.0841761110850183
2.28499460652742
2.466830670717248
2.0120259581532616
1.198455879367851
0.7227722770467891
2.1779076488076887
0.4408585618745774
3.0987863653177627
0.5877796261859605
2.0236876180734704
2.14018813895722
-0.2316617661030861
1.232919476362105
-0.18946232027649673
1.2228316393892829
0.21700096599009092
1.151362526135195
3.1348038744126088
2.956408611805072
2.350834433733914
1.7209912171477277
3.162318238257392
2.3265831535475763
-0.21818466983007684
3.607292166395876
0.9535892274994502
0.8915325963322048
2.905403865754446
3.1198402181939455
1.7324151295831676
-0.824593658354321
1.456980045339037
3.4423076004511417
0.7388772129725818
1.535272919361316
2.2163751506956344
1.672592747548551
3.0629024115059256
0.5199675202485997
-0.7537048751940123
1.4592443634458128
-0.15386474339317224
1.271941707388254
2.58280971238592
2.0095644150851757
2.87677338476151
3.396978946941294
-0.5114671382362833
1.0728651227690091
-0.06102047625447701
-0.4903818589830006
-1.2834004214114763
1
-16.781736926962598
-17.420184375350523
-19.111574247970633
-16.136562531426414
-16.260718171022955
-1.053832896925944
