80
3
24
0.7355778393047422
0.4017185605869112
0.5490145193196632
0.9759746284498051
-1.4029522894165753
1.9752598478653005
-1.0496612373227556
0.18433836656318137
0.4426407545212909
-1.7367906515297988
-1.0469116281146114
0.12056985750569144
1.227442456338351
2.423851795042666
-0.9529560352262969
0.11804910291795571
-0.9231465289716246
-0.7298659596062838
0.9343239251714501
0.6344486692600897
2.839268096460363
0.4597778628555483
-0.5544266450381917
-0.8504371761597961
-0.5174275357395096
-1.7143656463569432
-1.1518203566260286
-0.005828342923887961
1.1513535941449515
0.5538040655392069
-0.7085728821054171
0.8568406443768671
0.3093432732785835
0.8359114390857412
2.4330109355134724
-0.1804486131468725
0.3056884702074066
-0.7367770714328423
1.7471656177812738
0.5497288601749641
0.9481452100202031
1.7290158710846684
-0.16937778496719888
2.240009021994226
1.8652748365328107
1.2289555562758527
0.19636034052144574
-0.5808480945564376
-0.2676647478946024
1.3971228718218691
2.0418636999351905
0.04972271526253813
-0.43039745609273433
1.697874325518944
-0.4432984341699848
1.4714240078885028
-0.9698651166660925
-0.40879826327699104
-0.1283460276640653
-0.4254322396699952
0.13559090335759086
-0.365809752229183
1.738226268739375
0.23895979081440258
0.40827664962370686
-0.056700163962435116
-0.605058292131536
0.39459566455993894
0.059948235149099374
0.7015774982062578
0.8476360233857053
0.430366224762627
1.4530230376223783
-0.5929788374958741
0.8118559354138511
2.752281339446508
0.3750422738159554
1.778001265586037
-0.28238480022944046
0.30763098044809367
-0.39220996190005153
1.9611766705071192
-1.0192535492932702
-1.0256474944927771
-0.7366683821165705
0.668436535850205
0.08667469013941463
-0.7545906050242704
-0.49980909104238547
1.2679339844486863
0.7690028042524375
0.45247782606211284
0.09559985519042516
0.010469965177665696
-0.2793032981217443
-0.26681608907782367
-0.41072763083590413
0.6313551715842974
0.21578438393885574
1.011452291572301
1.0074040813509255
0.9125668893826604
1.1262560525081338
-0.09453355194591417
1.581069859472304
-0.36846651168669475
-0.5374437685674411
-0.24973704962359053
0.29556397825796665
2.78468987681459
-0.9559526465624917
1.391692798533116
0.8989859253630862
0.3884962659661729
-0.4073122945683598
1.0316251797592104
2.058182516112251
-0.8999420653545026
-1.1608276754787321
1.5823297367051192
1.099484823937058
1.918451568531022
1.7838087753725074
0.6679338850729908
0.42624756813861864
0.41858552926533776
0.5518781620248979
-1.1013599349541572
-1.0554579440684784
-0.1493544231120795
0.20401535039061275
-0.6073920954556162
-0.15188936676262435
0.2935031037682055
-0.031433095121242406
1.1198991051752893
0.23891381965286265
1.3204836529893387
-0.3614632273441389
-0.8914192052920077
-0.7302209690104564
1.2754104925828689
0.0020970827051213507
0.07204221224931662
0.4825763845052358
-0.17568105420338226
0.7854162243169476
0.3570178148216602
-0.008461928957421717
0.7988610805747383
0.36306383570968465
-0.347684845998109
0.8662914699314697
-0.21450193647577365
1.9132701728218542
-0.2992360370387017
1.3026807310154656
-0.16970050733651043
0.7375781681602198
-0.996747997844396
0.2813398829656193
2.0252903920264087
0.3440611979102531
0.10296915615090603
1.8036150751080615
1.358031198815198
-0.4331982641159309
-0.39238940887256935
2.012854534039354
0.3088034056196762
-0.12053095767601418
-0.372902315931618
0.12589946902983373
0.2226618588902235
0.4742430637993997
-0.7915311061392114
-0.27873106376560025
-0.5569248226585688
2.70297919456318
0.9832902460089636
1.6270892377756627
-0.12957686466957805
0.7764664217701218
-0.13178518479770557
1.9545341405087486
1.078665662920328
0.6735013851884878
0.7570276802646143
0.14332271184408027
-1.3405882020781037
0.5123609297678416
0.277306271899631
-0.5605496321093907
-0.029179442381166015
-1.4407614962864619
0.40724130690828697
1.3890299076480859
-0.0720251404019733
-0.1320884745182023
0.7909108330943677
-0.6766134426840027
-0.7628503452210005
0.30343160188744117
-0.39762341349825364
-0.36940259685445836
-0.8369658707129956
0.41254713179475183
-0.5418379810523849
2.1117987303823744
-1.3098499798872678
-0.5062502163990086
0.29530333109110923
3.404524308713617
0.08431581794961103
-1.691622431912972
-0.4710089199118055
-0.07644392721825781
0.5598986262819501
-0.6601493639755546
0.05393634764240751
0.5889560646092517
-0.4024882502399093
1.1159550879196949
0.448801971136303
-0.7352768767542056
2.1120757936665813
0.9229578592053258
1.1109291862936965
-1.1994195326876596
-0.624316876390967
0.5560309868897741
0.8909772265978559
0.6548934647986525
2.735309099259652
-0.7833461747528025
0.2693366436019851
-0.17646738682973215
1.6539198015103143
0.38986716226252827
-1.1830686149002736
0.13507808118841785
0.7070661970915824
-0.5622110564375252
1.1488474913646793
-0.4939505075038333
-1.0679234145318885
-2.498508088209903
0.09792182654386826
0.09047540140410262
0.21337297468095479
-0.6366564863152528
2.251621301099624
0.6730745352891118
0.2898073549307146
1.159088481643446
-0.03989303565116116
-3.238641083242877
0.8367307866071108
-1.6759030715796988
0.9474416676986953
0.5794834240773514
1.8327632790149833
0.9272805774731777
-0.6332136330619594
1.8826606695028612
0.2875361709710184
1.248883827287362
1.6516607124655625
0.3729511566365694
-0.414449810625848
-0.9997941561314408
1.7132327250636357
-1.1706246063373942
1.3977265977898088
-0.5795381335771128
0.67517050820565
0.02239916947406338
-0.42612195678012094
0.7860378069360145
1.86441597940501
0.816410113117465
-2.5759780040922275
1.3635946310183098
-0.7563337040602466
1.0232766603423578
-0.36037881342416817
0.06697874457744953
-0.7019763578685952
0.3985119126986609
2.8389444108054738
0.047376530666128146
1.430839358351522
-0.42005855140072823
1.3994923003007758
0.12023330833702063
-1.21412786533449
-0.21086140246166082
-1.6775126253939692
-1.657019554988153
2.3816952388247414
-0.9918385933818945
0.550476264264549
0.26193858398491243
-0.9019421512249177
1.4304396671492434
1.0458208103678186
-2.415481776298028
0.9923509927330838
0.11397249472369768
-0.4834976238014696
-0.9919994812281043
1.3133746366327888
1.2110521007206267
1.244909576676348
-0.46030487941132986
0.7706031511207567
1.115425289736132
0.7522433108772497
1.54931921213955
-0.08929522919552603
0.42613259055249686
0.8541285307516436
-0.6804574620581426
0.2284740535754623
0.1942974700134291
1.540880296478264
-1.3357247117829454
-0.30535599554575005
-0.07827693301405407
0.45393398770371607
-0.6806153946650659
0.1323392611446888
-0.06669442342441012
0.5549562345097794
1.7459787897342105
-0.12056521401190892
-1.0061948099595424
-0.36199169819373866
0.800453337500611
0.5344647190762738
0.1826292859396907
0.3019657414442304
-0.9482260436898783
1.537302530582264
-0.6575645218494685
-0.7265908288250554
1.351951665364838
-0.820801006626914
-1.0495731525500733
1.1107960921435636
1.4869878449125518
0.614862067141905
-2.4320646334870957
0.21572994220491196
0.8653321749695887
0.5073907488522078
1.1101820164813918
0.05614575842234066
0.20491103140034472
0.7713040652000758
0.0040499177408254644
-0.47256827689035885
0.9165117630355399
1.7533745813668302
0.5347820202938974
0.2628592046207476
0.3171093339664504
-0.676866476619135
1.2361933865975347
1.4257478769605159
1.135442771022114
0.7637130095102463
-0.02312539195621085
-0.03353691627403115
-0.7386287924764067
0.8951954920310372
1.2231342139016763
1.7816953733520229
-1.0825127175005005
-0.7480714100933624
0.6158326117879913
-1.2131466456516609
0.9946139540550274
1.5004241608987865
0.4921691274063765
0.911932476919635
0.8681147698788955
2.004881850997417
-1.3951151348445248
-0.3241342246341644
0.5278612847429827
-2.157805531333235
0.6393597821466728
-0.9834347246082035
-0.12746758161598906
-0.5356039912283264
0.11541873865500774
-0.23292505908486646
0.5659706340823295
-0.14682971247017174
0.27031492344772523
0.37749491556078846
-1.5859085765576415
0.48804967714331504
-0.5305166912126938
0.0507550029051277
-2.598501714922008
-0.32976952655941383
0.6506157770852398
0.9244711954603071
-0.6823150024121991
2.1704772886181116
1.4639508037371542
0.9609270058133409
1.3807952256602416
0.9783496919725407
-0.2619743231988061
-0.926445983183332
-0.7006881854757854
0.8952335723150662
0.9546080432747652
1.0210317462840781
-0.37114432391586655
0.8164111251922088
-1.3856606503727102
0.5128735413658456
0.35687799240340223
0.8301310519668588
1.0864372423365645
0.6655677278527508
0.4950945629915018
1.5131128214078982
0.13115973263219385
0.5869497822247862
-0.08042148749663507
1.9682056316978165
0.5481152523053695
0.8139463727087772
0.6533783263176419
0.025876389750894208
1.7798819420150194
0.6032313081877675
-0.8062899414210268
0.015616688841853727
-0.912403405506292
1.049318546086767
0.8015211619673924
2.2575228832710548
-1.2096775874884313
0.610856556482547
-1.8230221792133547
1.2022503095647097
0.9623625073141489
-0.27063547677626504
0.17568232033645423
-1.0426988360227079
-0.8740960774868638
-0.7326204622351309
-0.661061034574147
0.9314111500377166
-0.19046836632584682
1.6883773559829993
0.20167094077025988
0.1683511289204724
1.0901835485343665
1.0918144923469426
0.4856309506650661
0.7604531578984729
2.282126554576242
1.0725229966425947
0.5709461927330645
0.30998639835210706
1.286873404751039
-0.07266474481586276
0.7415205949310492
-0.6192073640325969
-1.2953452341104954
-0.6386653762053451
0.2539321086827952
1.3915735717125401
1.5211449978397702
-0.20123451160602976
0.791849404209896
0.10888040393578696
0.7694232835536923
0.048969378784046357
-0.17395601413217496
1.6209817191760048
0.42777670545411195
1.2862277534133946
0.6529224136670501
3.033509164450139
-0.10096236828999917
-0.14236918224569484
0.11256025697689001
-1.2208540298813166
-1.1047862598561944
0.30477403119056384
-0.21782136245529174
-1.385027229812088
1.282919726448297
-0.7774912616098355
0.7810129678428431
1.3190279664757656
-1.4943494708823846
-0.5886226886671402
0.902824885745179
0.14631268831913796
-0.17897987106447888
-0.120099750848786
-1.009872461299615
0.013872822927032624
0.7023266045218813
0.5352310528293094
-0.2049768956563848
-0.5247659735582269
-0.3713438238092076
-0.5339210425493841
0.3569298983922638
-0.11646194016784243
-0.2835358271362752
0.04776292846997164
-0.25435971075149366
0.013852792871583112
-0.04622718900872745
-0.6242448837164474
-1.70416020317396
1.0606089081048389
0.12114876436120327
0.17332499456124778
0.6695069355335825
1.3984358766990608
0.13425794753553227
-0.7627658552647284
0.5387790462321923
2.1903914170212166
1.0541451613667236
-0.8832475074496959
1.3100729083195632
1.3121820916628049
0.10977656353094156
-0.38123308845318254
0.1449443032209577
0.09367856386132856
-1.081321756773265
-0.06140966928394467
0.22321412903640958
-0.44842106690942
0.45919886166399554
1.0676530025305957
0.5631184028214469
1.2202221489742897
0.35846626716287006
0.2958383484108248
-1.5962116493424694
-0.11174427714370995
-0.3616515700446243
-0.14172678120279802
-0.555204058851663
-1.1314393635227815
0.6565099521808367
0.7046192150935139
1.458692501700359
0.7897964084094882
1.4145591702451756
0.8387001647682019
2.169108985101255
-1.8873052358710476
0.9533200051260757
0.22471932175298864
0.7490756655906285
-0.6793416130928986
-0.5466980716915916
0.357185047653717
1.7962753014406019
0.26333532025100415
0.11511704366969466
-0.33223480789894333
0.3890340683488445
0.5300068274261953
0.36682478160232473
2.5147751389921367
0.7277921517033789
0.6048113164948874
0.5575442935608984
-0.61046027336444
0.29538835115670503
0.35761088632625077
-1.1742342597410242
1.2272154768049897
1.2669402940755072
-0.6220357139841127
-1.3704960745263748
-0.6180245173184892
0.644451472193576
-0.10050439779767639
-0.24619521225594507
-1.1007291577333198
0.5261182388878516
0.8703199469181715
-0.5389106906898915
0.7800326104222454
0.017621016976684254
-1.2596648030922029
1.070124804496683
0.012233130445342367
0.09112798143181174
1.4221638678920836
0.708584970850937
1.6649982531770502
0.3440522033620718
1.0540930672787865
-1.6419291528397293
2.207136160291162
0.026833162543910986
0.7284979321318658
1.1300507227806371
0.5584469044210748
-0.974333869511827
-0.6055274211912529
-0.8602241103776592
1.1124633527115468
-0.3335629433381468
-1.0704443062709568
-0.9319502428441526
1.4965208129923486
1.0815550680048651
1.0002606925653814
0.441345773503337
0.05810603829911
0.07602496606404537
0.18491365253313136
-1.5946933478786698
1.2323612263565904
1.0958434680638964
0.057018306704309
1.0118286468068227
-0.5072579045328809
1.1514216386877174
-0.5850383719632201
1.5316113746695115
1.1016790419825258
0.7163559157611429
0.675362497097745
0.7500403660952688
-0.016965450143168175
0.622203259910541
0.08706277928975144
0.9619063401837239
1.5124087848640275
0.9568816694063137
1.401338747234871
-0.9876033669294986
0.39651715589566516
2.1660550934301366
0.26368883139891053
1.05386059246437
-0.5878277883769308
1.671922049537737
0.30303949524390345
-0.35609423772990695
0.2339412892488202
1.591852363288618
0.6565650441805618
-0.6494177822048584
0.01799227281763452
-0.6468442388388467
0.30530099528033744
1.5265824871087097
-0.6694985648536427
-0.47679056008197185
0.898295696172035
0.6800714549324167
0.6038239221463587
1.1462479321080838
1.3634851491312037
0.18193877842658993
0.5706742149466849
0.5528047582023026
0.8745070699485431
-1.0973509040590022
-0.38092060535234384
0.0550490185232257
0.014396057107844099
-0.027551958573786957
-0.8219983576446606
-0.30202306738687634
1.6368758234121557
1.1843549984489925
0.6009260233836833
-0.4929367578762379
1.1971837426592389
2.3342577921372083
1.5722135744373125
-0.5203371947003427
1.8350186908032882
-2.118478355191126
-0.41831985141273526
0.4109139444310887
-0.6360610741770529
0.7384554953461606
-1.2105859285827871
1.247860776216869
-0.040659027901928976
0.3476435720058327
2.056825384040917
0.24980195414283418
-0.6835497293946866
1.1616107826200668
-0.4981543041143117
-0.2863016703492182
-0.6985541885290135
-0.04973054545337159
-0.140943598310857
0.44428784897811135
0.18421553926270035
0.02346422092948039
0.3685140705951711
0.8339381285018878
1.5326676040226732
0.26690833226577665
1.7864486714611545
-0.9335256795354767
0.8487005944295504
-0.3896421416013137
-0.43213862781049567
-0.15893563822507356
1.795720772783028
-0.5346377459411326
-1.0709741290504389
-1.2025734815768854
0.3595955629753722
1.2690736315741367
-0.3247846175022066
-0.1935703040593384
0.6180974122007177
2.1655204147296647
0.3726186378629471
0.3673467844787259
1.3494965148105922
0.22987719453352928
-1.2665488174663242
-0.16629835054493633
-0.3514624264414682
-0.6016410185991999
0.8830123961079047
0.028086576647051487
0.7235098977905571
1.3460628070388416
1.060562590941962
-0.44380386871079475
0.4339957109456619
-2.0714607402912133
1.8932790839533205
-0.9677571364653137
-1.1688759712463757
0.5776079904269702
1.271997914104515
0.36495611666108047
0.12715537298304266
-0.2058183227939458
-0.23454716449081395
1.2361192237533027
0.3303355851893084
-1.7662100372666636
0.43649228906132254
-0.2651949531652204
-0.8151088104965597
-1.8661505879386318
-0.3695358564330122
-0.3061793397284835
0.5209356887797701
0.5834806024124001
0.6988239493043887
0.4163197992333968
-0.10389481831298512
-0.36953275246010486
-1.0236735819309903
0.7588066014720156
-0.7217304994817754
0.2909798572754092
0.31473343372644413
-1.3783237956380339
-0.48605966553752017
1.6146041178496198
0.26833922197099597
0.27119190391857906
0.2686403096465434
0.14841615739307132
0.1500544060947699
0.13206971414946111
0.16919534725204147
-0.7960598515756787
-0.7466509878273575
-2.8477744684646904
1.6197080795735648
1.3274055285334896
-0.26967948089843546
-0.9994037874957558
0.3944550123800766
0.21433131555530466
1.002063007445524
2.5901833358807123
1.0380050794742566
0.8564045246021998
-1.0550655567352818
2.255965512696616
0.5630323765073147
-0.09995860356523212
0.4321278264703315
-0.1783157348172549
-0.13645606916580083
0.9277062618985982
-1.1563301023885881
0.8059850174287008
0.6986826681805394
-1.2196778896388036
0.550373129139991
0.9481653826259282
0.7561063989645647
7.725513140071408E-4
0.6574352972684269
0.5830872317823255
-0.4160649984179703
1.8451286162753728
0.5707970300271854
0.20030626430829113
0.4916418078961756
-1.7475643965973895
0.40122208366022555
0.161907242156439
1.3038275604787204
2.401062022256767
1.2221635880517197
0.9157008018231652
-0.033373419332313733
0.08144236497049079
1.126329476523686
-0.6982145079255139
0.28774635096180995
-1.562724515800662
-2.163092424413162
1.1966215529539648
-0.3569425948846281
-0.8972010360445664
1.3897409729683603
1.1631848763373522
0.10342789120324401
-0.6649252662216555
-0.9863997875706007
-1.084603284473722
2.4642449272739944
0.6872600136284114
0.8293181715623523
0.29497419035573774
-0.1370495776166897
-0.04607912612689606
1.5530586017627996
0.3238330096020521
0.6088938223950385
3.1692961599423493
-0.47302815157770345
-0.8969054239956983
-0.7638295437614627
-0.11276346158758029
-0.34361815011867414
-0.010236097222962056
-0.5345975696939206
-0.6798094418635423
0.7260907366194991
0.0121247044082965
-0.0350173654283864
1.0371592130792153
0.37287234388690077
-0.22851890206151856
-0.863153098434445
-0.0779595920726238
-0.5468585123729589
0.5119356523821172
0.44373097281963997
0.04791032864446063
-0.5655306728470926
0.7271962614126715
0.3479347291555191
0.06842658074079899
0.29710974373126
0.939898365001276
0.6638740921116885
1.1431627631107895
0.63657454164437
-0.3830056420202386
-0.23518348783948423
0.6291591475134825
0.7759652617846255
-0.4223396165618667
0.913903939729885
2.149283461804599
-1.0288748091319162
1.3393433282599425
-1.040239383825508
-1.3539673467627609
0.725778248114713
1.6672999706720641
0.6527357331217466
-0.045371535101929934
-0.9296441622860621
1.2064353968447243
-0.42753725242779517
-1.7556486247199559
0.9905390711001223
-0.14976050625194584
0.36459623392635715
0.25936814346094894
0.043441500681704125
0.371152307656528
-0.01532734257224564
-1.5416773276865672
1.7939970522416446
1.4784385071297579
0.25987886620647976
-0.4300871409374341
0.10116450751358255
-0.1055864620597099
1.6132774684076008
0.9360258487990254
0.635823275278912
-0.6850970575382076
-0.49636367566929285
0.5097499000033563
0.4685883245790589
-1.1041051344359174
0.17348107021052966
-0.8974425770960528
0.40498127397906286
0.8633856757172361
-0.09303012062875692
-1.1884425418810356
1.3609578086563412
-0.20934601954950494
0.6970441305217563
-0.16660095786759938
0.034285490755663915
-0.38050955719798213
-0.6876808251631216
1.771391337560181
-0.8447146958308961
0.24902985803584812
0.07708398731018049
2.070279221513292
1.0160104982375757
-1.0890143836346582
-0.20014946485628612
-0.5905630628472159
0.12569964304481915
0.9271759069842848
0.11060762591446774
-1.3560620161774863
2.149057803698896
0.41154306466328394
-0.14949674407053382
0.21965127066222453
-0.3800236535751494
-0.38398171701617667
0.48552775988498253
-0.2595798234168287
-0.310176582527286
-0.14203885697160953
-1.0222055488013246
-0.9477173685468082
0.7159495607371716
0.3441407830455575
0.37850567778721694
0.7642767599575537
-1.1044469665834196
1.0401798985237987
-0.010583320749015643
0.7790338347374139
-1.2632930768130048
-0.38598326413420037
-0.926973477638177
-0.011442722210789302
1.2393849897037628
0.2590934212499224
0.5446822721844119
0.04375963785066836
-0.11998466267085642
-0.40082553486138217
-0.9290372545033134
0.6733485184208374
-0.09431962857796693
-0.13709066660256172
-0.33997663703101055
1.3629357740808659
0.32511782357596747
0.6661778484352828
-1.5273247684242983
-0.20219107553642282
-0.0751154780265881
-0.45554309886900257
1.8741461889763915
-1.624782027555153
-1.2798855982865387
-0.11514464500336197
-0.5191663368053556
0.2220832007544088
0.028105397389770942
0.29139467856899454
2.1993163537193747
-0.259221433063485
1.5621764356324603
-0.036683452845557775
0.021288668985190447
1.2944682705068882
0.014806828789836982
-0.1465417864203827
0.9172087609102846
-0.3191852375185582
-1.9992620169747886
1.4756818084943382
0.3926668438592185
1.2852573839777433
0.49351456641819713
0.7063199001602817
0.010221498908524283
0.3547653051877048
1.1323916222911499
1.0281839861335207
1.0480161328252888
-0.26654608603173435
0.18230000555505171
-1.2780471965790057
-0.8301475995207581
-1.3478389977826482
0.6228809987026094
-0.41886164191845954
-0.34697235706225404
-0.09763080404407706
0.14297124512564943
0.390465145308024
-0.39919205605163993
1.3057186324824803
0.5349111384973135
1.1674193193766143
-0.22744783845886765
1.0097481873032121
2.5945234079915958
1.4850570018066733
0.24870936407488933
-0.9289231426307234
-0.6089961969226406
1.0891060711639629
1.3742255324219006
-0.12382657920932044
0.15350023320625497
-0.35381053581501687
-1.2205558743369596
0.9923678685322406
0.06255841276595313
0.5960454535139889
-0.1284502970576911
-0.013718859603636347
-0.5598952995813141
2.685323854986999
-0.9559942570799872
0.08517784355247403
0.9330814815052855
-0.8860751617748492
0.19986409420752413
-0.5636984139651575
-0.40740527559406814
1.411492663698405
0.8410308628498966
-0.04569936318213545
1.0029989579345844
-1.1315112969288905
-0.48240301550938885
0.9022638313572318
0.45984069075832856
0.7518400990349294
1.020113128600162
-0.5687012915967942
1.5416414690050113
1.0073732621940084
-0.5560179814997084
0.463613277892157
0.42248987114162706
1.3983742387110714
1.010163357349445
-0.6905218176160545
-0.5296893669133047
0.7489006524501521
0.22327477492868408
1.286369245393246
1.0851346683086722
0.0179075580700604
0.09068280770822534
-0.043488318004006085
-0.7073405218043302
0.3699816006897184
1.0194547302915364
1.2964737048019068
-0.32671210703304326
0.15134153697083574
-1.2013154498629135
-0.8653085033387707
-0.09940846309510491
-0.14395939271234023
-0.9760195050965618
1.1187681517841523
-0.9723353290908727
0.4973428567526537
0.002871896955623214
-0.15220896285909272
-0.849643716919529
-0.18796009136679906
0.7561217237490011
0.5159049829942045
0.7615233132883868
-0.37020505946285887
1.426836777090636
1.7134411570715709
1.5852627255109504
0.8121324683925228
0.5663389293147938
1.4578793122315508
0.18349152521140652
-0.8416314898468711
1.6692437599416659
-0.8459330186655553
1.8329476806199139
-0.36287710419996605
-1.62524365512094
-0.25886548907696255
1.3371740888245154
0.26046095136037184
1.049197390497301
1.8053546012202712
0.9176128233761685
0.41640922517293
-0.32312651656218927
0.599625582696323
0.2774117801163587
-1.0691526018303512
0.8626842539926193
1.6195250766267508
-0.6506182577758534
-0.8575469127552221
1.3971257544848863
0.15729161885354664
-0.3724093185770928
-0.3367786642881467
0.4578242055420958
1.7548578606450607
1.7234722427840523
-1.154580359408427
1.606732353312556
-0.085794847769637
0.46012913786981674
-0.13316347228168546
0.17311537865384455
2.2632501286076208
-0.5459492538608712
0.8822622460387183
-1.2264157107879994
-1.021211306529557
-1.019520557192829
-0.898966502290764
0.6994502177489144
-1.5005083944083768
-0.4937303114529504
0.17141194212570124
-0.67890247002461
2.9303125977858007
-0.2264922961098851
-1.5834168220595513
-0.09491242644927858
-0.08719447808404113
0.4755842597252172
0.709871918720957
-0.5698338101795799
0.8376755462846026
1.6694134474727984
1.195398040965717
0.6922538408750123
0.6700089798173582
2.8142858534776294
1.259315930802101
1.4548980680232604
0.7181949280364373
0.07577361927986387
0.3175100906438768
1.6654407333753407
0.6365447796082662
0.35815855205321
-0.0420027928185598
-0.5781745668831747
-0.7005285774143137
-0.09485741962933493
0.8986227700624222
-1.316466232946055
-0.5909107458864649
-0.36425995011041973
1.59647391406695
0.02804116870673587
0.533063965273637
-0.28972478215310754
0.430745277653116
1.3063139227218008
0.13139471128770996
0.6075285305600708
-0.06240187547567758
-1.9624555491628954
-0.4093781887520004
0.4243939816655644
0.785262510907179
0.9576163648894555
-0.8786575824980906
0.435433425828341
0.13289850091525893
1.313362617134587
0.692076601036144
1.8479176604765293
1.0116115888546202
0.168031736460206
0.4054326774436447
-0.0011755424359831833
1.6495801114941069
-0.40034604897489323
1.0843323564380114
0.8936227907162116
0.0036283746275655284
-0.01995446357822714
-1.0195849397528445
1.431530279350101
-1.3714753201609033
0.7966674444015227
2.2597740121128376
-0.5871446757178824
-0.9141226788711591
0.2116950812277682
0.47022515576641016
-0.5054328666033547
0.7191036068959445
1.2676540785753727
0.8793305061240388
-0.5767890968233614
1.4637077891035923
0.9886117146121913
0.5027752287666942
0.612139579584608
0.7531948536088575
-0.7486402229301861
2.6693610197764714
-0.5213365344087328
1.9457067058382382
-0.5965641514776789
1.5586928394846256
-1.3568942599049598
2.386288841869285
-1.8299723921881559
-0.6989796938558573
0.8589402699769809
1.241527012832178
0.38126696687222555
-0.39767922306646414
-0.9214825061128202
-0.22974918010521309
0.23075844493379402
0.36480921984936643
-0.42231711203965416
2.212056981703994
1.789139833111115
-0.9479669813946388
1.4662181346856968
0.0523430362101128
0.688957951268394
-1.3469106598686564
-0.06396615398143822
0.2238824704187619
-0.8876120871078845
-0.2560552302817078
1.0992313816891979
-0.4637233418352089
0.15625555202892585
1.2040240212453786
0.9219839291128118
-0.19505992975369893
2.244134736485449
-0.28319591812195216
1.2841575366829596
-0.12169895654610115
0.7358339334246579
-0.7120156301793262
0.3018860870713516
0.9094337830926819
-0.054695160235012724
0.5847841140758246
-0.8625120973837018
-0.9099538843482128
-0.11810793201505138
0.1949629305420744
0.2937429073815227
0.6835638702819736
0.9452377996890617
0.5167238814632561
0.6726346500285344
0.7648084426488908
-2.4639778018968705
-0.5655337365794642
0.8590065610134835
0.7623816209064543
0.4379505913908865
-1.0190970662022758
0.14780170131833517
0.9699415494835807
-0.43635311773347696
0.8073664225271517
-0.44920489758548154
1.6649544645484444
-1.2096697603312736
0.9893460909295079
1.2761907737042069
-0.4853692199408918
0.5590904759853205
0.1857823813102304
0.7549647569458798
0.3135699195707312
-0.28284900296686205
2.3264357668769704
0.44352809571663093
-0.22657486137802835
0.433052522307767
0.39103429385031635
-0.5811388149631689
1.2062838133183766
-0.4563402682011022
-1.349328629821806
2.0482077820773936
-0.18120328673636912
-0.48940344990193985
1.056566957279731
0.881824967671671
1.2385416640108593
-0.15095378459469408
0.375234032448456
0.05259498874966272
0.8223754760889124
0.5421231245993109
-0.007781673290171367
0.10238218647622571
-0.11055974210615524
-0.8175248666173524
1.1573846584490697
1.2277033095189132
1.0187920952751257
-0.810236974458738
0.9799833409254665
0.3612988317457033
1.1557762501477689
-0.2937447915079243
0.8313436486397666
0.5307064100527069
-1.407082025142067
1.086745847141336
-0.47827159724718754
1.527588938990423
0.15361155115949215
1.751965925081683
1.800057859676666
0.25126385480932206
-1.5430409068762228
-0.0436100076169992
-1.171165583619602
0.05020584300673775
0.9607721086818003
-0.7980966838031479
0.48869544145649124
1.7969198790026073
-0.909560595587639
2.0746343458620222
0.41651997997393714
0.9214591445733291
1.5926572656535052
1.2303746959838755
2.501530816366494
-0.05167012555035591
1.0149179360447602
2.081760689199173
2.740330465599513
2.277277608445174
0.44349073619207396
-0.5504354998776827
0.8678756397123328
0.7230487405967888
-0.7177312962700901
0.4566949394505014
-0.9159085780173573
-0.3801789951154802
-1.4410746774971592
-0.10527817255992104
-0.4697522840670826
1.1013129527188839
0.45989092163970463
1.5129716316545807
0.4663588681656716
0.1676594500818916
0.9429868192633439
-0.9351122927179523
1.2193440467237988
-0.43281541317333394
0.46430293038042575
0.8980707823412815
-0.8822382530863613
-0.6618500056142987
-1.7537054550212285
1.5080440623118656
-0.9167398426952474
0.46084997345878703
-0.3833576611979751
2.0049704286576056
0.3629392401767233
0.32401962100404086
-1.1486864922618611
-1.8186498247210154
0.8170495181409277
0.31016656644313023
-0.3907007309776454
-0.5413141457986902
-0.5510129750980045
1.1210199731591193
-3.4545775631979607
1.2582493672696895
-0.1623767085679766
0.1371329975850016
1.3705374077657368
-0.22735754407272898
-0.45742749014903356
0.37536773382744726
1.3426866608599595
0.32353710927515894
-0.20230604443185318
0.7351253630005854
-1.882655875991157
-0.9631366097887215
-0.34794780823588534
-0.1890881528886091
-0.33414628103131616
0.5490440215011227
-0.584336046972898
-1.4217092837928669
0.11936938208800384
-0.4926894922978206
0.5062151236724347
0.512771648211091
1.40274782661294
0.020190964480486295
-0.604368050239073
1.5370025041636928
-1.2043275443585701
2.4087543070658732
0.7454117961337109
0.6423981143051294
0.19657778175450608
1.5245008308492973
0.8386841727567498
0.13021085954679992
0.9424639999769552
0.9480175082058704
1.668216397781452
0.5994146878365257
0.002020585006934531
0.31509850602905765
-0.7775444937491152
-0.7578964393888775
-0.13605222181093327
0.947323169768206
2.116110755730222
1.2463428301061525
-1.8044706967271917
1.0979690098977788
0.5243308565812638
2.271997448065341
-0.6180209495972938
0.3053371760939551
0.28644806413330476
-0.5140546458124655
-0.02797788479153579
1.3975122932396642
1.280927496979653
-0.9024657065161796
-1.3493167914125581
-0.22821706660456137
0.29010825725015416
0.12268852167881301
1.2354242260393387
-1.6127005160631485
1.2260817427284305
-0.20483141734705396
-0.9201787437042747
-0.24914685881277043
1.388189831928885
-0.4748583068933053
-1.3047002465438995
-0.5666673788264553
1.209353210568277
0.5199689811872157
0.3363484113326124
-0.5175309583525546
0.04131205412522966
1.7888269086951138
0.4503214152031451
-0.889684102984324
0.6413105248472728
-0.33256017027093937
-0.7805905201611164
-0.0868549063631945
1.135768612071103
0.08464837697423312
-1.3267472006056147
0.35482856184970135
-0.2755800004629872
0.8784943256152029
-2.1114312505146446
-0.2932239266666151
1.5835086914373546
1.0441769322853565
-1.0876585926806135
0.46441554404128454
-0.1887523423450643
1.5467118050997999
0.005022539558010824
3.8237989617344907
0.9317933575432603
-0.7381193582889288
-0.1463742085245758
1.0735545715088413
-0.5120299759697282
1.2688857225052304
-0.927983411195005
0.8517183475178387
-0.2709402117890458
0.14336354265964119
0.5931879883507014
0.7572698829964961
-0.3764966722335163
1.2006055459938367
1.0441180693054775
-0.3768239525424385
2.610873566795013
0.7274443188555308
0.18100410504575415
1.5523151512162119
0.047469973873626496
1.6900669160554764
0.09880010358445168
1.4937202404706116
-1.1312172510978271
0.4760668446416255
-0.6968545789840958
1.2324875924222567
1.6084153344926364
-0.5754753244361228
0.42674658943807126
-0.2379398380632408
-0.19449743789544746
0.12977742408049286
-0.8923008337805068
-0.22156557768751073
-1.7033345534400641
0.0787913259185805
0.31161518547482303
3.453988747951419
0.47878151921062206
-0.18695125489509365
0.5153782247793957
0.27160162591618797
0.9435981266225915
0.28367134278324163
-2.540745358247919
-0.1248575188221096
2.2020612451520303
0.9969009311481055
-0.6640862221273094
-0.09340223241623247
1.566669265024359
-0.11038879114934616
0.5707266648828674
0.15588143654367623
1.646487386598291
0.2490197926291292
-1.3692337355513429
0.5908036368221516
-1.8078212668145894
0.7039172658935589
1.3228766385580573
-0.2007725918711405
1.0496821647196697
0.02018847347421035
-0.5266388362470116
0.8364730625682972
0.8829390675838433
0.8478170458383597
1.2587906391750943
1.888812458410648
-1.0069697400815898
0.006644217479509024
0.1588432740895897
-0.33698739985328774
-1.8033829464437745
0.08366522865813375
0.776270491857884
0.5199521200080136
-0.5351727463666157
1.39263060929388
1.3093636531624342
-0.24225148611510217
1.1337009991368379
0.5322110371341213
1.570396800907155
0.3781521553891836
1.7421258125140138
1.7572375452072138
1.9019741668793348
0.23271935736818536
0.3756251851527429
-0.6945779136482384
0.036287544339919736
0.2414226581205358
-0.3451719008278474
-1.4645611987033569
-0.28224092118895283
-1.0472323768742349
-0.5857703373659566
-0.7131313676503442
0.6036555373392076
0.8390873325292969
0.3072659668425953
1.3897423988468978
1.0514735366093826
0.17806094411970846
0.423887178023384
0.3270320410925786
0.17449090677103254
1.1700662274154376
0.4788612510745095
-0.17249998493638996
0.5424192131877956
-0.0870368914135129
0.6977947105775663
0.542686741329784
0.6942533529694745
0.5778430102073551
-1.161110461480439
-0.49379829917342666
1.9057763427314045
0.25624068629480484
0.46125389318453097
-0.22869286489352736
-0.09998649011559439
2.1378818519888556
1.9101829799086356
-1.1254745852817045
0.5682961370438024
-0.13170241759799198
0.22969237412310084
1.8730857876017988
0.5425530630732556
1.847454242802774
0.9318911167798858
-0.6115312053974712
0.27821401741147844
1.7884477125128522
-0.25920923286080655
1.3082631886792955
0.7341062536656353
-2.292257696140246
1.2877883754782935
-0.23535059867583077
0.04884588291793461
1.2281989804443227
1.0268464715520724
0.5314243650419684
1.3019174587534543
-0.8853753578406887
-0.29766953183437433
0.4333303254787983
-0.4304937069554326
-0.41845634538908627
-2.2482916608828325
0.041926633101137284
1.152219870351397
1.3844841166259536
0.03916843262757904
1.6040212622336583
-1.3816249495617599
0.20156816283867526
1.4968021368891764
-0.31184270367969286
2.131672983776425
1.028451520373001
-0.18154154955097346
0.46774231426532564
0.08854570658174837
-0.5114028473933904
-1.1621297295900428
-0.11070561096086418
0.6637326921082788
-1.1908439884979263
0.16061835554364529
-0.005897777401155971
0.3380355770816713
1.2800650250651375
0.5926216282142697
-0.006972529104346692
2.1125134853533396
1.095268389893982
0.681877561495162
1.1170048521887301
0.2952226862940151
0.8986102134183879
0.5015668402327685
0.6464548679137614
-0.881700826858189
0.19210117176572095
0.25524691030212926
0.6346943463531523
1.0471801056330308
-0.32149360655139386
-2.0772880545630703
-0.3184946999632382
-1.4791778437775709
-0.20843958239140783
-0.7230342464933601
0.604473859628676
0.6516763070172567
0.6946213090051516
0.545464603381309
0.9670123989915554
1.8235083565312222
0.6278060379345509
-1.1789307560217916
0.40864782192547716
0.38429875307689815
-0.39320470928318035
0.9782405073211888
-0.16056197772088443
0.1202090933420207
2.6448164465086768
1.6101230888468838
1.5965284781287847
-1.169785859571257
-2.0038354219529366
0.34038883841524536
-2.1324495922513593
1.5637828916313343
0.24235140035734754
-0.6673008568568889
2.1989488885197512
0.22530562026239712
1.0511897609281575
0.26826185724456103
1.1900045052535775
1.022185055934075
-1.5344833361432237
1.1223909164375545
0.36587642632740836
-0.6577844705455842
-0.6381083275511052
-0.6937362484136433
-0.3093242326566829
1.0166298385767174
0.39833767847932366
1.7214923439594763
-2.081333181670341
-1.0015157017786847
-0.6455093596934564
1.0476604635448727
0.8800882545833766
0.8271610966535647
-0.050122031256933715
1.2352345299851168
0.26525657490341426
-0.04267970463823304
-0.47851495718573955
1.4481546193318349
1.5270069600389884
0.04512397275528726
-0.3736864321245879
-1.2647414111099513
0.7986081726172864
0.16980702649691617
-0.7636540260500021
-0.27784535733959315
0.08146544328608767
2.6075531927974
0.8072114171180581
1.347003641284758
1.8264006475658467
0.36555429810606793
0.49547997582403025
-0.49290729267334954
1.5469893548098643
-0.8785070726758195
0.4952373103138999
1.7091965331736474
-0.753264531266225
-0.6995982348286962
-0.008871299848058288
-0.2536167343378155
1.0337590258299345
-0.003012463672193731
0.6018675486017114
1.0511884567938132
1.1739088072760504
0.6947481805890843
2.0937504291054556
0.017399859602137722
-0.7381908207883237
-0.44457577277679416
1.3382610407039204
-1.009155915674208
0.3586694433171009
-0.06050490665904687
1.2457325889896878
0.6251945970152276
0.9238791175519301
2.130930197033999
0.8961699178781817
0.7768310389164795
-2.413654682249143
1.369514316942189
-0.14865865126429503
3.420658380657226
-0.8088005563350154
-0.2702429678381917
-0.33878344846004954
-0.5223317575839965
-0.7633619342941762
1.3305278911648268
-0.8859602175691452
0.4971068682717367
0.8228862813456191
-0.3045516438357381
0.4104196475087219
-0.0031887131383609504
1.4943542506176835
-2.552749316614351
1.9342523544337995
-0.4622709305032976
0.04331822655252445
-0.6870942455244777
1.496687846427105
0.4344635385720748
1.1040670276962388
0.7881609778834224
0.4414669849009258
0.38534342268480914
-1.4578496126858353
-1.6702470992456584
0.5209512084909256
-1.1072868829451188
1.0841836776920544
-0.004252100177752388
1.1498280907878686
0.9053069942491829
2.2066978323873383
-0.4240600876722177
0.08761210390736683
0.8878112800444617
0.007323182337241333
0.3313583585423267
0.48699783628302246
-0.5575170738592831
1.5533368005730301
-1.2988492364926942
3.3422438646859405
0.30465184521068195
1.6234626635320386
-0.8393504792180845
1.9036058298936875
-0.5395814720988682
0.3941625401575125
0.5516459389745602
-0.6181734350881869
-0.02806091608685585
0.51156671641855
0.12063580605914448
-0.2622704856275904
-0.4162744538948729
0.32647723672852236
-1.4534625910530241
0.914948200312695
0.36240745873894725
0.03827091907799954
-0.06103454524605299
1.2027141593195916
0.42352039479337894
0.5982482867559058
0.5288662888927051
-0.7514717102691065
0.40533107267123686
0.27488210039488087
0.19849169654013074
0.6230470913416564
0.373066912407735
1.7559535399681327
-1.270120796084344
0.4432038744037945
-1.6904823547762908
-0.4630128550053468
-1.3149161907271238
1.3152471866336133
0.6515830025599477
0.39559893945816615
-1.5964971048574526
-1.5891156981969974
0.4226983309566428
1.5558691663482942
-1.8669547629367265
0.4425806903107213
-0.6490414052903811
1.3074737221108372
1.7987179322472049
-0.5914507758607339
-0.9224485614909974
1.8223640441355098
1.576342551462445
0.06235015370747354
0.5385458893166738
-0.30430862422363586
-1.1741136711880864
-1.5071136659432933
-0.7166469684980377
0.30265387570753527
1.5895358344990533
-0.8863967732631527
-0.574858282534949
1.0425945922887576
0.5788455187349686
-0.6370104020737672
-0.4672576174588557
1.9115754935016958
-0.2470181826805372
1.5295642475817555
5
0.4925667298337002
1.479242524122157
0.28615578148004617
1.6535169022211698
-0.47395187460844573
2.140121144707266
0.35393349932068247
-0.7812088542031019
0.1879609894035566
0.32739655598788103
-1.1944900741551976
0.4406995910215388
-0.5489549577815681
0.21191996280867695
0.7508825840063533
-1.609758833532292
-1.0341433936030457
2.4601645300291386
0.7835129573999393
1.6229579256334126
-0.04960056805463471
-1.4964573423984784
-1.1547381546238566
2.4576957570452707
-1.7476720759143398
0.7870654896680308
0.11685107225154465
1.959543692581577
-0.09734839853309118
1.8717574280348495
1.3174644678256038
-0.21498392263163177
0.5343039624411762
2.9609540889576893
-0.39903913297245575
-0.4734095728254984
0.2736806062551045
-0.2885717078689422
-0.6894573654661278
-0.7739471822158305
0.6480611781101491
2.401259076607902
1.4942738463121394
2.5222800950983926
-0.8661414039326968
-0.05285448410395573
-2.0403693152491185
2.8110761138506786
-0.16694749725090535
0.3282563309631806
1.2803520661490784
1.8581234264452497
1.3310946648535198
-0.17870841347272054
1.1274035713460022
-0.6652350149109155
-1.623046278779665
1.4646693418465466
0.19306825770558886
0.08258042070718256
0.2776780975615255
0.20867699870491144
-0.18355499357992772
-0.8896557139266523
0.3576451928721945
2.489023190895426
2.948503680725436
3.995261142858815
-0.09242541594600549
-0.9623941726732335
-1.9178825931982708
2.8594743378742913
1.2273681063296535
0.07645756303679496
0.41746457602607623
1.7903384801633657
-0.1396831385321774
0.5097390326993827
-0.637844349401192
-1.869977256318153
0.10988739562318957
0.7621379922481915
-0.8669176579289019
-0.44564766886904605
1.4383698457383973
-0.5583197618392769
0.5674747455746596
-1.1040624516499007
-2.030629413108655
1.4467729714974584
0.846355545304762
0.7208255309294666
0.9878108844319696
-0.8607221159545286
-1.1644132628521249
2.7211512232702253
-0.057344180988546885
1.1576119836544305
1.3612141754885112
1.596606883076701
0.16054048228064888
0.9307668000996374
2.1106495645118706
-0.7224017635462708
-2.9586251867734426
-0.655174426740929
-0.5346193025808396
0.5926732928525054
0.5687191706218307
-0.6315717066498929
0.6186075941745252
-1.4211492240157484
-1.145812324674705
2.679099813587666
2.2901542333774407
2.9019584969914796
-0.27064815635865436
-1.3390541067956379
-1.824502905639662
1.9969898380899158
-0.45452813488698585
1.0460662785784265
-1.1048030665624766
0.09044190216331607
1.3916280774387066
1
-13.474778169557528
-13.696061379354655
-13.111870625031175
-10.510803136155726
-13.671899652171824
0.9298087610345368
80
3
8
-4.922365081948677
-0.1544034676865281
-2.4324783983750424
-0.8832855246653358
-1.0747714171877305
-0.2672303604452165
0.2820624441626651
0.2636980931737033
0.2942738896322666
0.012829622505813057
1.3400638581071167
1.4562687158989867
1.2495572772151935
0.532090082578617
-0.9225012066888395
-0.6555419601848718
1.4209791921543447
-0.8520433183242819
-0.5359133901109117
-0.3320274332730725
0.6647594180011497
1.5366976314579228
0.7425371609680607
0.7292611536812985
-1.1395383701382558
1.309494068643411
-1.5180481840838589
0.9690948312933226
1.5335283996304678
-1.7101853491567034
-0.3057402938628793
-0.35945126624948287
-0.10412579532671494
-1.2059626992321535
-1.3799792346849835
-0.6262195248940141
0.6813374318989012
-0.30458154821969513
-0.6546416623061433
0.058783371388873185
-0.04306394329049085
0.8484212940124465
-1.2570380853744259
-1.6098965572992814
-0.7242969669981837
0.6051162868179747
0.7099741241919637
1.2576101887113826
1.3965532809585899
-0.39165456142352806
-0.36706793188923775
1.1169923368014418
-2.2648138093102266
-0.04191280053581468
-0.24527212214832403
0.6840356404219374
-0.2723611107653463
0.08054801449490584
-1.06763430829737
-0.21398296892255061
-0.5676280191022712
0.25095629268191044
-0.9751201864668378
-1.581594480121493
1.3737166309690234
-0.14862618797573907
-2.4694034681835992
1.8836879209206754
2.696494832413051
-1.040692016312223
1.4626983619167053
-1.1153069182952062
2.576343445687616
-0.637525017173977
0.4215454439914128
1.1514685912978162
-0.017775695266563113
2.0427260504679867
0.04761688577329281
1.3178337142826966
-1.4311408153330551
0.19413281204433108
-2.1902798362595335
1.2792507903832426
-0.8650659745869218
-0.18200460203118263
-1.5455360445609803
-0.6980697073879583
0.6161349802073526
1.871020343509042
0.8718976053058329
-0.5373649884030439
-0.95687326983044
0.2637150410808867
-0.8385065480588397
2.0754656031798504
-0.43787453780914604
0.0996775617946367
-0.3889088162894319
0.13138867380010402
0.5634891329209627
1.4519407556377668
-0.9134766532083834
2.111255039766666
1.356131966839244
1.0006637274851544
-0.37708160471222135
0.2560448482093155
1.2609446384254397
-1.2656266384755948
-0.1786536525651162
2.657010309409967
-0.2524498797291408
3.9449019433475057
-1.7883837525685067
3.6648170262861512
0.882132993847935
1.8649178319539406
-1.542998450350402
1.5951026131778745
1.925885803773662
0.5259499561360429
0.7471174794695433
0.9391130982642335
-0.18478672063466914
2.4336787887021667
1.3004713769264564
1.0782877154578108
-1.7212024616149861
-0.6134044179581442
1.0723910889464223
0.7990093673701711
-2.0238162022083
-0.014862238194386597
-0.17813633800990542
0.5597289455570074
0.46548858637534224
-0.2985027668916169
-0.3743776352507524
0.44012735826023364
-0.1965977693370716
1.832573984873304
-0.6518272052287468
0.4591997837090109
0.20952955944361779
0.09191514943844772
-0.8233735223010169
1.3812436228157403
-0.8068919290207072
0.3772798083219787
0.5352050903623584
0.8646143612463263
0.2577377211178577
1.080105481978585
-0.9582585520674713
-0.11438754087494403
-0.38834442027631544
-0.35945179350924844
-1.8455526372945465
3.166045783644647
1.3598024903783
-0.20898548336095418
0.011851317808977385
-0.23622404203934494
0.8155755000799617
0.9109074541296226
0.7199933256034922
0.29755045573429617
1.29672875179963
0.9769668831115085
0.8752722161867168
-1.3134636046203425
0.6130136212610244
-0.6059407888530286
2.1201731932487133
-0.5480155301372265
-0.790597369411498
0.47008233170379715
-0.3188403281374793
-0.13126389742785782
1.6583889413471928
0.9658827917903178
1.6027767404635436
0.06035531812070817
1.36557794507503
0.22393814973356668
2.5568631407542934
0.26171113694779136
-0.08051536740285128
-0.8037047611142076
-0.2539616546423377
0.48347239513326895
-0.7183409714069273
-2.6602713909718485
0.062499907651799656
1.2581487441895733
-0.8971046570538422
-0.16698115233159994
0.7079989396605539
-1.1147871614102363
-0.44312182300375397
2.1429548024118095
1.2110545388114653
1.7996732699105262
-0.7341195496579667
-0.7723014174329417
-0.09356208913341844
1.9701320148330903
-0.09917399035268284
2.4314615014017704
-1.0375569706512797
-0.26784194273125933
0.25218279934954313
1.9051605224170705
0.6819337456586108
-2.5718664607152286
0.545617819526563
1.1558953027607155
1.2428525096898948
0.15883457767572134
-0.2037903233577038
0.7668047365675685
-2.2625543244835815
-1.6904655180407808
1.6397580097073607
-0.3545342584388741
0.25162369148307595
-0.7834217120314906
2.279047692454308
0.6074335894037056
1.3194471506664247
-0.32651435957001684
-0.3258234068880407
1.1550349609326984
2.3556404516594656
0.49855063330006727
0.6503805697083841
1.4978699740302461
0.04975109943919859
1.5306041724474237
-1.2901473770835588
0.21921113449888657
-2.097788030636248
-1.013953984054887
-0.9892298378448725
0.3745941512801372
0.40995455024940375
0.9179996466595961
0.38020665080601057
-0.7525590208927891
0.8646072706713338
-0.5130169657130765
-1.6264099099400464
-0.299290351199743
0.14309342632493227
0.3076522471871783
-0.04656299300838446
0.09850324019609787
-1.2246835766828605
1.00403952832704
-0.3117744630553489
-0.955601749219096
0.4929896144183707
0.09543862689249513
2.8023589464396865
-0.2101759640182884
-0.37216832897729407
3.332084230986206
-0.4098173203805687
-0.618520336462404
-1.0415943925426527
0.6853834225391252
0.760908209116247
0.8741683500150097
-1.0051225279139688
0.4580398264895198
1.5158299431465283
1.40495029841997
-1.0864961358744727
-1.6534949312690232
0.8831155917845832
0.2079642639420428
0.6114299923447652
0.8921891207375222
0.44019712986528187
1.0693833408799576
-0.11562386072275095
-0.5163826766337634
-0.9532194723001096
3.679347742847459
0.9601059080705453
1.8559740279257477
-0.043027282076214715
0.10265367243463419
-1.1349032093113631
1.9187596710101675
-1.5573963256946033
0.05245532510224873
0.7151428059878517
1.0212959839203755
-0.21548239182570297
-0.6350214931011842
0.6666461159185958
0.10390931130744713
1.0610778890050314
-2.482653863202138
-0.3441989625032771
0.049439654120035675
-0.27545213425691745
-0.0758687729385886
0.7452855853149732
1.3618216719512042
0.5452007097599778
-2.561385807924149
1.6355791052083637
0.17600053599352633
-0.01684246691483844
0.4852435828232004
-1.8604212224543963
-0.723145166671799
-0.8711228467850708
3.2715537713635943
-2.37644924384062
0.18285022734958592
-0.422384757288191
1.395458239488104
-0.5515936915754178
-0.5666575513957027
0.04988189605165223
1.0718647881359633
-0.48352569218661856
1.857877704199645
0.25731702678270074
0.010298648171875993
-1.2695600107474034
2.390808306082194
1.549337894110799
0.32613306018608473
-0.2505238175798909
2.8288749964944984
0.3604864918928386
3.1259918920375442
-0.3172795971121861
1.2052004803112446
1.3375410697347057
3.147155915793145
-0.9194886069459707
0.39255187991214396
0.9271124207597797
1.602414827869829
0.9524204673178219
-0.3498919586007846
0.4792044334422752
-0.783899504112013
-0.5588771631892062
0.03447583934235282
1.2509942696225396
2.657432461683563
-0.1760867432354961
0.41747161433328106
-0.6711487700975448
0.5543646009300833
-1.6728209536319862
-0.36208105841995375
-1.1932835583554657
-0.7267418016209473
-1.9607552321533797
-0.438246323924693
-1.8273239923030966
0.4408990650890251
-0.5237507894437285
-1.0805781778422006
1.2749997882988129
-1.3857755505107165
-1.0379427745607668
0.9842018525499904
2.5726634789798752
-0.7288532138258471
0.22024948215156345
1.9120971831110027
1.4223989195572633
-0.7616772074001458
0.5593205895417332
-2.12790577008308
1.1847639083704202
-0.09044012394182852
-0.29662096428016926
1.8306410757037526
3.0764810572919483
0.512014139073824
-2.058246906486835
2.373627765234062
0.07993909746157668
1.235042754244718
0.8344386000282306
-0.2508951954844738
-0.8240372221034717
0.23356142977158584
-1.3175789614052138
-0.35078430787626713
-1.3066480444862296
0.998352681545297
-0.404524276755476
-0.8115510581941342
-1.6018748517395238
1.2271268491155294
-1.8684272784135025
-0.2766620069261445
1.444529381773759
0.7258339190427824
-1.0225544882337256
2.206644551448677
0.9035965906362486
0.6681771287490895
0.17547106015910346
0.9858872011888139
0.8442382725787475
-1.2678932423435998
0.09729269972370579
0.7349000145173619
-2.0806184047322582
-0.8088361753105275
-0.5665904046831608
2.60672463989946
0.13236701578110927
-0.0859384068372783
-0.8533046681927304
0.8175212085237237
-0.22968817823634965
0.8122235751806332
-1.1807426556103648
1.6870492479752166
0.818976615410829
-0.07228440017570523
-1.890214083436517
1.5145933670752525
0.4882026340610522
1.4396491266790477
-0.20974143114580035
-0.38465155084535674
2.12833958667878
-0.7433586364951634
1.743716941449396
-0.3218828366783823
4.0345409317376655
-0.5910816184791232
-1.05722327695839
-0.12076798851974758
-0.271168318970077
0.6435947450425246
-0.12172059430509977
-0.6519079238029227
-1.0775624146052833
2.5255897605784967
-0.44091803519751105
0.6610389567813523
-0.0628904485915068
0.7739366339292317
1.1143855382622359
-0.631851155115085
1.4064344205392352
-0.2626159673483648
0.5663814907425193
1.2959894402222625
-0.6583306093007584
-1.246995286183992
1.0965907971670423
1.2678622328456495
0.4860086684326015
-1.035142340973756
-1.3097339844074247
3.1271994970724823
0.6604151084682887
1.021901309884235
-0.7080535640679811
-0.6794968488112274
0.7004682511344851
-0.5786015157579626
-0.6769223434446011
1.0416797952664107
-2.3077607245268683
0.6489290225819097
1.5969995621054687
0.23775572001291634
-1.6666895602766127
0.44272531545132676
-3.038867769791357
-0.255630399814718
0.37119648285563434
0.853799775898531
0.07424328612551759
0.5839901055549882
-1.9277101058701387
-0.07483935457220738
-1.7079595392687459
-0.7312836599559072
-1.8597731869183975
0.051428015748119935
-0.9323260062238972
1.5079397878051044
-0.9188621053718784
0.45049761918571013
-1.2654926064962613
0.5060500617708467
-1.5468375331865696
0.26747525230013547
0.9527414144884077
1.1596146811167167
0.7833586550473488
0.5923610493014154
0.4936372008029648
0.8590300200182741
1.2873249645504137
1.228832574628472
0.35609057292249224
0.6280222098714192
-0.7327007521425747
1.1870863966415355
-0.4569596027315613
-0.5176742438187063
1.3696241836970555
0.4329169705963849
0.6868297423432655
-0.2411846334322162
1.264437215448856
0.0043587736655144455
-1.698730590834156
-0.8729070066528932
-1.017550847148698
-1.3655304268519424
-0.2572458640078075
-1.1875442388275945
-0.748655380339065
0.9672232992167336
0.24660524207921314
1.0170029084432084
0.7694199372905967
1.299277442302779
0.6068485464084309
1.0522521906158158
0.9170026112723394
-0.3140980589389069
1.2155060819108117
-0.8898349423104256
-0.9082016046267878
0.2890990556787796
-2.4800491792751824
1.3133320210445687
-0.8257653736884392
0.378089142644992
-0.5543826675095853
-0.01063047851152675
1.6996928256992283
-0.24239476114589095
-0.28378205426942643
0.05942921048168183
1.4035962629894103
-1.0158374827441041
0.28633562883877467
1.4883542104334602
-1.445057926061743
0.13172727437874904
-1.0598016678852664
0.9085656072910192
-0.42175366949879695
-0.2287265506252959
-0.9063018099737385
2.1046882009299255
1.7636481737298058
0.2591242313631052
-1.700596401349906
-3.286599915566881
-1.0806922152139633
0.6071373894501995
-0.9536640012836863
1.7086079022347485
-0.4630961683849918
1.9316455321858341
-0.19500549755658048
2.4762318348648216
1.2707779311582372
0.4928596894273118
-0.6900886254187704
0.7749619514302084
-0.1110721455592702
0.6554133850676002
-1.1835798889301332
0.8913486577352469
0.2886115663150748
-0.526487378520001
-0.24239436676072076
1.7387134478831108
1.220245308713156
-0.2692608367179934
-0.2637601732441731
0.6178004554736436
0.32752177465851307
0.6718811060658442
-0.9506890921175799
-0.036618579436542245
0.8767997350354558
-0.7821839439143573
0.6576587562891336
-2.324065025702353
-0.15997555427158025
1.4424131567473308
-0.8343777124609224
0.32077007216169207
0.2606799516820646
-0.032591762748130304
1.758733313724988
-0.7579158998598552
-1.532853578541015
0.7248416538572162
-1.4184085818837904
-0.39678838038685027
-0.7161343492290285
-0.3206328434346977
1.5786576339836214
0.19397624591952822
0.9039884900319465
0.4252602777733416
-0.05350769647895169
1.9791844330909534
-0.7499653832663825
-0.031977468608788466
0.6111629754087472
1.5419814633266566
-0.9924722476011668
-1.5051838064205572
-0.10664101756486942
-0.7282806922351256
0.3537397058522995
0.05897725207615712
0.19508152285663904
-0.08474302283319116
1.6147510215912328
0.8023412012574158
-1.5260761757576886
-0.05937446183049108
1.2426233102067052
0.9437314252951651
2.271208243012475
0.2324086692201066
0.19473975246739428
0.5337472486505174
-0.4859847315077541
0.45657042943310205
5
2.0705215939881754
3.656985903748041
-0.9168968851094678
-0.043122607234905234
0.6341851860425667
5.348483353771411
2.2998712039356413
2.8440071622342
2.0304716065246122
3.9822006762012325
-0.8319881592044702
1.3099636468244547
3.2239399837674854
3.2159398547530977
2.595978271817735
2.04347246533991
1.7774609732445292
3.8462317790754703
0.20654880246746893
1.6581125465252307
3.2975805441586417
1.8254817863623054
2.1154763511058543
4.789367272611928
2.291693995293871
3.520006017083666
0.5261414058633794
1.1421282681264062
0.5415856061088901
3.2636174579397315
2.4594829589205993
3.751431501570504
1.3431555888598934
2.638191411335556
-2.2337520299382847
1.0566359835030352
3.4809924043762677
2.7780091098395054
1.210555346813096
3.157236245163632
1.8410658037945407
0.5985815747331993
-0.39133014732515065
0.4019368736502455
-1.882886333369648
1
-16.382042707682505
-17.608632796549035
-18.61141740788335
-17.69161865077601
-16.307064340459707
0.7732008795262523
