80
4
29
0.07368123980658052
0.4954287558795899
-1.788444841935387
-0.18342844481484769
0.9410922418012851
0.5218235781192762
-0.7261438189866372
0.22236140745484856
0.8760489720396929
-0.19878881567838497
-0.039930536580790946
0.6557189781810993
0.9032149215446237
-0.6002639112558935
0.39144768555040116
0.5221169948726958
2.142365352488057
0.35747453328710116
-0.01942624016830595
4.128801102791026
1.3589932097917239
1.459534845432133
1.5342698133253494
-0.14037868194891134
0.786046573023002
1.4388238883836777
-0.010647781337656488
0.2233683123692926
1.8099420639493482
1.6668920515546064
-3.6361116376588174
-1.5484186115232563
0.2783651383710203
0.9087690752220876
-1.9020239368988958
-1.1323526453491795
-0.5463351527816944
1.5586687149466787
1.3298830511524704
1.6894684729359646
2.1912391349338143
0.4863594219308828
0.5595214556666748
0.8521808386352043
3.693494324020103
-2.0735279300320655
1.7036122570015866
-1.1148205276243568
0.5031435476162425
0.7529129607326067
1.8174793574602803
1.9595024610807579
3.2330066611863564
-1.1649737115944954
0.036424148182770025
0.07940374452897253
-1.077417321185182
1.272915111094406
-0.7504894081504236
0.411867019190461
1.8843194461274848
0.3209979871769112
-0.8499423975716728
-0.8809071636974357
0.8925575314278776
0.3336897132273457
2.358706359952335
0.6066841575818877
0.5762212238903089
2.3042364319100614
1.0041083492768557
0.4251901442434193
-0.6163241890991449
0.4856214872110505
1.572714578116333
2.477099400497585
1.3037733462176255
1.9919613064985124
2.1318757656131297
-1.3280923802542708
1.86719002523043
-0.44164561051972523
1.5132692188945216
0.745627304419356
1.497856354345977
-0.07858001006717463
-1.261751457581317
1.4265946809752776
0.1288188853589275
0.8357201733353612
2.5561184073906937
0.8160780393437527
0.17304984833075343
-1.0363648742588536
0.1902788195529316
1.3760803964364534
1.293629844575414
1.937985220220713
0.8213968172661585
-0.013601829725207286
-0.42509867455735517
0.40008928347185047
0.5901706621656894
0.8226154941031323
0.3115414994275949
1.1400150148696626
2.145534832098907
0.44703267002028635
-0.6541559013148038
1.2971649274640322
0.5025638987712293
0.336372740228334
3.222034632788162
2.3279792442539686
0.41522166004045863
0.14752554541027774
1.3298699072308116
-0.26443491692820775
0.8322496368168688
-0.22115342599578885
1.3168216215578719
0.7950503959054233
0.8727997470286643
0.19328799141771086
2.0730387261663488
-0.2326053239061845
1.5232717509062468
-1.076594414655498
0.32246151289491565
1.5496130644585975
-1.1913511694254015
1.5561755989562565
-0.006035137461206985
-0.6039301786434361
1.500137776810672
1.1078632522474008
0.30089231727511406
-1.1609984882826891
0.12098839815121001
0.40089151275631435
-1.8948634749460231
1.648228064388673
0.6118173951133248
-0.8764329236628328
2.028972266751181
1.8202724042337317
0.22230776498753668
2.3157193196006487
0.49577983598931524
2.6722898366101577
-0.01842543804414519
-1.3941351247900389
0.953988116071737
-0.02948472040390278
1.9662243463052795
0.673110678156099
-0.24175398869409065
-1.0777339798502419
0.651955462012355
-0.15938970228152444
2.251512792997126
-1.621702677079762
0.9470241960016663
0.4112615240920932
0.9889853503833875
0.19060570342639802
-0.5559129551713191
0.28814611852009786
0.9467163429676813
-0.49703237987802246
2.1858385396799944
-1.2396129995474419
-0.21120445536004828
-0.9240023633004925
-0.4598771351889146
-0.4980054794123995
0.7961632696054314
-1.154648709292589
0.15353349779029474
0.25733004061137127
0.017461453713773542
-1.225993773629237
0.9911006469230499
-0.23001894884178234
0.09235553089170376
0.5268888497127071
-0.5704059939204382
0.5011164807974505
1.2881862602600023
-1.0045701149750397
2.5569879823232844
0.18709466955103857
1.3646483966881766
-1.6271359287535263
-0.46832197280359544
0.3234237637951472
-0.5515085857655377
0.16791498629524743
0.5705896137928094
0.3070534004874826
-2.4954524985047524
0.5235254636532022
-0.17428222880093278
-0.6584588608515314
1.9823849471840498
1.2627117619793153
0.005217401102926331
0.429463040136061
1.560995676234336
-0.4600281331674628
2.0714342513009973
-1.0082710163157766
0.34261350134576873
-0.09711135140991736
0.13422136128779127
0.6510372802719304
1.256655205530273
-1.0675667148758063
0.4132994932923226
1.937574135577316
1.2054114052050358
1.0000254130783912
-1.7379408677993444
0.6458839891807867
-0.9321277943405468
0.5919266168206383
1.1577366894633663
2.3556909178546186
1.0471149277813059
1.883738397669188
0.9769005021338392
0.9278762068317296
1.1483403682653635
0.6293642850245433
0.05512475322272117
0.04374123874460381
-1.3388129115646537
0.41949553495571823
0.6275388009697959
1.1895655671907417
0.9767695471583371
-0.5446280698049313
0.2310503007364472
0.1341441365691303
0.9530468496611623
0.27178913726373816
-1.036639643870801
0.0028033645297608073
0.19157952602612843
-0.3222562579845468
1.0266303706429214
-1.4347735114492446
-1.5102236846760249
0.49475423893799403
-0.7236430808545163
-0.6660365036099058
-0.2426746194097673
-1.1568924863874646
-0.33091027118234384
0.16718508948403016
-0.06013279778155585
2.078247411722438
0.3154187055434939
0.3134836247185883
1.7802526542723691
0.7572851859605256
1.7707069213090783
0.5313090707623238
0.6308064290459086
-1.7220905965871633
-2.816133696837925
0.6421020200603073
-0.4535278356517953
-1.276638721874447
0.7372625640741591
-0.45890244770524924
-1.517251108207621
-1.8966733290705011
-0.7590116856967175
0.21386701115307016
-1.4471231264007667
0.9237942965790669
0.3816815824564615
-0.09077884561410451
1.331375919469866
-0.6083800224095701
-0.5185594142750032
3.114854904050076
0.575237479808774
1.2339877710692186
-0.12674345620613894
2.40487464162045
1.258054841919143
-0.2588083834209717
-1.0615270109598178
-1.102026010278171
-1.3243900045838488
0.5484084558067134
0.0925088877224061
1.5537087262383984
1.586134355000535
0.8193566323673246
0.23416369514093976
1.0742608565039955
0.46834815742716884
-0.7446390744509623
-1.0321826754900565
0.01213138486593858
1.5113109869694725
-1.5321055251165887
1.0570464520381988
1.3168147036742444
-1.9265750167606115
-0.039990131297811815
1.54094834222883
1.0334996203706535
0.9518647424937635
0.47920323639612217
1.4126731188300545
0.44983701286410965
0.22587168334949692
0.3527610082080645
1.8798198141075901
0.8879804517468763
0.36926356001106897
-0.4825537541911816
0.5574612943843545
0.33240121997928684
-1.3895590489302578
-1.5369410537697588
0.4584064443827722
-0.47851278982962
0.3190747051958607
-0.8337170747446627
-1.2366032322340674
1.1807806586322878
1.1016867392736327
2.0699789331795864
1.306429394616644
-0.4186071943127876
1.8205095237943592
-1.1857974233560944
1.9816032957149856
1.0824807405914822
-2.402776040696767
-2.8421137618765515
0.31275306755415466
0.7528184819134414
-1.542261044858772
1.732839687502145
-0.6654212854026058
0.042798311405285734
-1.1048400796264235
-0.6096959890212413
1.033926327615441
-0.9955899070179575
0.18701143607195794
-0.5100986505556007
0.21045169175666237
-2.2132630983169395
2.339227036752008
0.6272774823514918
-0.5732517065938185
-1.1613247247443281
0.0765027896635809
-2.122300708172963
0.9303632990561856
0.00908370603124016
0.3580838934347515
-0.34529983022336175
0.3728838774973988
0.3998246258450915
-0.10840734123112505
-0.8476614071275486
-0.6576259770971731
0.4102610854086687
0.45840593324509243
-1.1824086722393408
-1.354214197644151
-0.6769748489186587
-0.3357450922486673
0.7437413414238004
0.9309158514162915
1.3196100458819346
1.8459395828637486
1.1340437122108782
-0.47131069705837425
-0.9892536221052787
1.2223043142177026
-1.8775726347318833
-1.0233349432116834
0.29103130755144324
-0.28315683720351026
2.006957276473982
1.12123547684644
0.46221882052170427
-0.14538748409231705
-1.414991089040402
-1.0848209533171256
0.18513113672445125
-0.3222567923762913
0.33258467434634303
1.3099902764522728
1.4064326772590146
-0.1673965171820084
-1.390651206948279
-0.6061442530088716
-0.37225451701228596
-0.8951979029557118
1.3075118677261646
0.2372761523364637
-0.11983961569694601
-1.161750369077662
1.184082134038442
0.9720564669430605
-0.07423405637792964
-0.050454256776737386
1.0502701853118879
-0.40191235546680343
0.033495865629262496
0.6404985893793955
0.8477089643380116
-0.7932012388572579
0.1363025496975913
0.7157521479928004
0.16391982927795162
1.7138667442045734
-0.04995045334863628
0.3315338215696237
1.1373818769210093
-0.0700947021731333
-2.3023136105960376
-0.011209922685474542
0.8829696705107412
-0.16581621867343166
-1.3433003816117648
-1.0213401904886725
-0.33389501289039153
-0.8048553920529007
1.0798298896158265
-2.4288005824720353
0.7666485373163444
0.020647287250083683
-2.869353913816885
1.2196254339798742
-1.0623696514843917
-1.0115900698996203
-0.1769311281619926
1.613615874917461
0.4712485551888494
0.7229003512403755
-0.4159559754838614
0.03501013683952443
-2.0891240249219445
1.405408956793794
1.9696554528086614
1.1068076108867824
-1.016363050260692
-0.1426861222303437
-1.2966494210104185
-0.4347668907025517
-1.391407744068858
1.3588022265725213
-1.0027552254828354
-0.7336639131459173
1.554184068228047
1.0093640353857742
0.5999257478234233
1.5831746032387097
-0.5650458702214195
0.35257744717658057
-0.5940166258746603
2.6666499617879897
-0.10152435079400507
-0.07766067085389848
1.617308931542035
0.1633855336001619
0.564916889059821
-0.38110500896924215
0.676237454113068
-0.5357041732385135
0.09898191295015392
-0.6259068957833771
0.3421086693335327
0.36518292698246335
0.9157490490997998
0.6991638906180966
1.1304576169439973
-1.1073559218455984
-0.5278325840590733
0.6925136400149758
1.8920702231379898
-0.20449047709874685
0.02497742296090718
3.746540218864265
1.093401380153231
-0.01964124454298659
1.8878663234729618
2.2177212507152486
-0.8241385696591405
0.6526667734473391
1.6363292422759597
-0.6296830547047206
1.1888672826467437
0.11112462123642167
-0.8190128964304202
1.626372968614724
0.15060743377111235
1.726236001171006
-0.48729707444059833
1.8468049340221302
-0.3618737739864715
1.0111252607896306
0.3986770339487271
0.36069420191435647
-2.672761785935944
2.0544607446471486
-0.6142164668391119
0.2900933867831297
-0.019796374973282793
-1.1895169117195468
-1.4286920656739592
0.232317707713034
-0.8654866527933993
-0.12601232220171396
-0.61956302708441
-0.13672188698861806
-0.8223949779602543
0.27526262783021666
-0.5124009038211494
-1.4129753208926306
1.7400879268056577
-0.3141598302239859
-2.029496824329929
0.42351001470289384
0.9246872953778855
-2.6029885017506107
-0.3393515185699085
0.6141965657401556
-1.0019567689438644
0.6322253661980295
1.1251679311967544
1.2795203623862852
0.9162024445785372
1.481671083455762
0.06238905124398321
1.640242481019865
0.13049399582526355
-0.2700903233471812
1.2281168441690187
-0.41010020526050633
0.9529564689052961
0.5486054914445249
1.08022032862183
1.9896731546167374
1.1727393305287999
-1.1183406484106608
-0.07471225987332479
-1.0113952207871084
1.273386075679099
-0.26946467231870525
-2.09667124585468
-0.06886426176274771
0.35079765825835013
-0.8058227094702864
1.5241075014360101
-0.19291256935219692
0.5177541157590392
0.08995737155554556
0.5208560843204652
1.1548054228241142
0.5932616411806498
-0.45980891433364174
-1.0254917323724906
0.6435322963949419
-0.6513502195747821
-0.4828879353751975
1.9622168528429487
2.1380027732133815
-1.0599776651962596
1.201359735755992
-1.6862809354922867
-0.7605901766214431
-0.39175013917272444
2.3528562683017578
0.06959701612485877
0.2526417806727483
1.488719971925324
1.9979734945947605
-0.8445249440200641
0.6111741825466785
-0.08979553491440764
-0.1008608402689041
-0.2469897429954949
1.6472023561561795
0.5722657421460398
-0.4992391493601875
-0.9168272950083634
0.18646644525346698
0.14931780502284622
0.1280156170947463
0.27808811725515925
1.7361371850684715
0.7738839552410752
0.26305798574629996
0.8144420361245367
0.6371478976751473
1.1249141014897053
-1.1342686268819087
1.2553256137303568
-0.6001556467361747
-0.11745967922063844
1.2810097582627917
0.18155603322543098
1.262187430357993
3.2622789319705516
0.09996422615723372
0.6004475086352089
0.8425931620499328
1.8368340007951713
-0.21153066952411156
1.4322042738355742
0.7481251271232162
-1.1774548738905086
1.4080456105412817
2.0650353009176747
1.9784396026722888
-0.1909351756852626
0.42912181633251184
2.215235970302668
-0.13162746798632152
0.3460592479406753
0.2633273381104257
0.02057489833807983
0.8064086389156502
0.8825135761500853
0.33393571724947013
-0.5198957540882121
1.7565905658182674
-0.31555564287184173
0.5929058663017063
2.283425969298436
1.0519391305788992
0.514278791291828
-0.9737056985350389
0.7766300056682911
1.3239688471269002
1.2496862691312054
2.70031577673346
-0.18381001872379038
-0.5236736201714199
1.791128151924179
-0.8118624210660236
-0.20877903195213704
0.3345876977128405
1.4870509745082137
-0.7904520816587284
2.2476919889944553
3.232709448794506
-0.3958329338022594
1.230826305383937
1.1918057887931497
1.735044528162761
0.35980809760277377
0.2597954849594494
0.026766714437546593
2.2233357616779994
1.7830759078665794
2.513167758536719
0.47624663382118426
0.9556442152781662
-1.9595326209402502
0.05541982208926509
0.32173901383567305
2.3579982591848547
0.18951616418998585
1.5918372744024767
-0.31131267489470826
0.5176087050277399
0.39582384336211845
0.09409285697351769
2.115021160931028
0.49524392887121815
1.2573687328821532
-0.3524342046511013
-2.2118843809176383
2.068054813879162
-0.3241579905392764
-2.477145299752647
2.854077222484964
-0.1199899741930982
1.0809096962869598
-0.7446087932450766
0.37728733297785305
0.6994700942041542
-1.9367643972185051
-0.3826123576672349
1.2903505974631453
0.7925008111269485
-0.13004102267980436
2.0561509490210303
3.593768654861377
2.4088379116779137
-0.3618027235717028
-0.1534418633773039
0.39306529162005055
0.10531411641561059
0.8484217750405484
0.7108071309454491
0.7364920562407994
0.6442365204693874
-0.7362175717455666
-0.4459145445234139
-1.7842517523486077
0.319089484287385
-0.18961307200134558
-0.06292955413232937
1.2411054630822254
-0.6283537423976662
1.2811453146715377
-0.6705518576729743
-1.0517031703860147
1.142205187789469
0.0741720888114342
-0.21875702091041827
-1.4507108661819195
-0.1351681005564523
-0.7679464097334987
0.7118141138479293
0.44606612088900144
-1.0479485121253052
1.8169384403034212
-0.4116631821741415
0.6950653973209767
-1.4198359644382952
-0.6270957280501178
-0.004904809977888369
0.11487911385717103
-1.3159635884946574
-1.185519446009499
1.1273385777024618
0.16950543224862236
0.12793024706119083
-0.7202827510905173
0.08523769362165862
0.10654590650055953
-1.110416924000219
-0.32951128813531455
-0.13825397567496078
-0.05151030636663543
0.5947488393842508
0.28852476838422547
0.472541783142539
0.20975651318364807
-1.3802474159562084
1.797125315153155
0.9718960229658065
-0.43234616083359684
-0.5954989484755736
0.13443249675508262
-0.43418570885032903
0.28109845009228074
-0.6388490437821777
-0.6994743000659107
-0.23644970064354243
0.07735319827265127
-0.9032552697556699
0.2595120096373656
-0.577984030787673
-0.2633127681566023
-0.6030129878650721
1.191161130633946
-0.5774814158329344
1.8176744753900251
0.8609478391174583
0.042152761066007044
-0.7697238623205955
0.8120904289069929
3.1023790030697134
0.7903030914482762
-0.8281062000248022
1.203073664112344
1.4924697307480284
1.886605143647385
0.06799618991346408
1.0388033849639684
-2.0919150177172168
0.3087795334837791
-1.2751465652365201
1.5088643782494724
2.1797785068095203
0.08795545259594359
1.3548967527744171
0.3318865804734309
-1.5748364852232284
0.4768425938785248
0.8927587025595122
-0.5708659637881307
0.11570036688170225
0.2789720249134434
0.5844922615635781
1.0805212453855233
0.008789217561701215
-0.3244414779300947
0.2477080549753026
-0.44971519041482977
1.6766548052203356
-2.2883871083307734
-0.626032130248602
-1.4579636980252204
0.26754505605894124
-1.1347376847993815
-0.30859842339871824
0.9907311646241282
-0.54138932062667
3.024008393746674
0.3201098753080555
0.7891336760614401
0.5339851370479318
-0.35051862809256495
1.8947534833813298
0.7939353052722565
0.8731325826473922
-0.5291507666410955
0.8004756606925223
0.17572456921544616
0.34559004764969786
-0.6178965758573749
-0.8503634121207219
-0.20669683303594535
0.13394807300361852
0.8185833460119358
0.009690917307975291
1.437181400817547
1.7606784307240229
0.24667704628138223
0.6716398682833921
-1.621661219426315
0.29380733186931884
-1.5116761843075488
-1.2888802068991456
1.4910632225041909
0.317479973627628
0.9344422910924901
0.635559354424475
1.004417322291323
-0.34366197122441133
1.3723949608058756
-1.1520819645569156
0.5215920964961657
-1.3312330890141146
0.5478485164620488
-0.7920491200365174
-0.5972714365594408
0.007737822804332321
-1.1247131211224957
2.2971188681446386
-0.40237832883568014
-1.4035181739581781
-0.3620367070710946
0.9639440136063405
1.8173234526939974
-0.354961736379209
-1.0321460548993264
0.4509976349106146
-1.8490087962000965
-0.4288603962925814
-1.3134824614256617
-0.12283968631956835
-0.9800369059512362
-0.36033041797529586
-0.7568426360124648
0.6232451686857289
0.13526964034677055
2.3377399427431422
-0.09079840162670988
-1.0801720966794794
-0.8666350568385718
0.8755897208903829
-1.67510956431285
0.7791675306614436
1.309766526221389
-0.05089341868684206
-0.7901024744385242
1.1039590046250587
0.9643262574395234
-1.0742200698057853
1.345220542098092
2.470580969023634
-0.27269462798425126
1.612818699322412
0.8825140079750162
-0.5503670725549643
0.7752522072826818
0.3084365912464251
1.3167506808296445
0.9046007138223993
-0.19476999539835627
-0.22570523038257712
1.7912541458944606
1.9047494745641214
1.2223604685299696
-0.8950429168886262
0.4429215125095216
0.06235696831039546
-0.4957470392808746
0.22483774711637994
0.45014876377737817
-1.1494079259618535
1.2364201223891962
-0.8930257652161395
-0.6300890536657833
-1.5331220066978721
-0.19941908121545823
1.675893113264999
-0.28366418558373657
0.01981465401905179
1.6833260152007432
-2.5237889338599797
0.07991427066334264
1.902621433418855
0.5233265264831798
-0.06708979094969567
1.1850281498045265
-1.1067482851487556
0.5164700199918991
1.2317301329896184
1.0036757633028897
-0.5140852188745091
1.9435888090286488
-1.121183066327887
0.744940176851479
-0.3031040253307478
0.3752740137175411
-1.4682819098738584
1.8488922185545185
1.936980764072198
0.7332279442518668
0.4224230666448284
0.8010635542430051
-0.5660158552605391
-0.6918782608699698
0.7582788077780931
-0.9666312859782138
0.8225513834259685
-0.2605718807538278
1.444521588857388
1.1293941876006215
2.5329820271639742
0.7556714311990133
-0.0787116885850251
0.886166027131805
1.4932331785023976
0.47973903781021954
-0.7866684090683805
0.30012869924559415
-1.0503352231334138
-1.1677364576525482
2.0022707400638886
-2.1048475391805326
0.2405358795973725
0.278147120905375
0.759086353745563
0.4894946945973928
0.9228094376055217
0.2153312301712102
-0.5761797512752824
1.1154210902303605
0.316817752974314
3.4009449284447686
-0.8359843104115545
2.005905839105663
-0.8530682918545552
0.6925910410223103
2.565337267943644
1.5569881666416168
-1.8622201375429661
-0.8966549678195695
1.504365477270863
0.6739488253612005
0.5092701347453168
-1.3180773196699445
0.002831700671012391
1.466520538360349
0.6130142160200855
0.5809779640804394
0.8174192747314658
-0.06609485805880094
-1.6227952782689248
-0.038196653851510665
-0.3804502548012179
0.9356674030919089
0.46124130608074315
-1.220132934128489
-0.023920007143124256
-0.9410431099264825
2.3629220885692614
-0.16398046207565398
-0.20713715967493787
-1.067171740532341
-0.7276242799287105
-0.9892394933352318
1.445790890089257
2.4222542361375377
-0.6059673848337245
-0.4007652546975673
-0.9544935053947636
1.1678281359347922
-1.2922177389470435
-0.184458171231698
1.6728925467318527
-0.3817566281407107
1.0379371522582002
0.5419371800214776
-1.4965144841811189
-0.3200304825455982
-1.3871673693121762
-0.9575820475830829
-1.5703779476934834
-1.2649666212703738
0.3191139757311549
2.8500146711051104
1.0343162299345476
-0.8971201138755924
1.9167782251183219
2.042771035672883
0.04278543440506092
2.113947220991975
0.03759987291601186
0.6834669631023768
0.8895504095491374
1.072560648460062
-1.162950021289369
0.6431202867414877
-0.21263861759856656
0.27863315361574365
-0.3422007867901989
1.5765147402807629
0.31413399263072406
-0.2582541156083252
-2.9259930146996895
0.3615974894030358
-1.1265413597379623
0.694027114227793
-1.4368685007132629
2.409292197568622
0.807454518929494
1.2963198549771702
0.5622902956310873
2.932228761429736
-1.4292837598669137
-0.10035456377627262
1.2733836878738325
0.3365725506474818
-2.39525516850361
1.3762765276813385
-0.5274057848831042
-0.6265239147479909
-0.8627361204758988
2.1098645180831395
1.1021463605956423
2.4026731418831715
-0.7717963145792911
-0.0566568126420218
-0.6116967854250471
0.8177760510027775
1.2262650975712204
0.08483896632336768
1.5520957845620713
-0.5360961119352118
0.02271170094865934
-0.8830948093407117
0.21036865381797965
-1.9790366207491048
0.13799163711756024
0.929632675038117
1.626607821480497
0.006233230428305824
-1.4694485252410683
0.913607926022356
0.3497008058257057
-1.2241923525699845
-1.8420939814965906
0.9594477226218061
-2.267292206894591
0.6973594406238213
0.35718057896026895
0.3000630470410637
0.48966603973447614
2.499558198446909
1.1195436288635916
-0.27377571039290516
1.321780737982799
2.4988968877402096
0.0705072019214199
0.19218975201550031
1.0888074423630887
-1.3166606532083907
-1.1661487747995818
-0.5705037135318405
0.7080998016278945
0.8613458200872652
0.5902998904126915
-0.2193988275177613
-0.8227374888468701
-2.017257555133173
-0.653004034413314
0.955870732340552
-0.4660457871372991
-1.2110686559612118
0.15792695007040733
-1.2613926837585407
0.13597858113537636
0.3850991713901981
-1.2365186378005206
1.598297653202179
-1.1452267113440322
0.39501674740275733
0.8813537908796337
1.2060269930919465
1.086631008685766
-1.047339242868013
0.6973091120174422
2.2243909739448826
2.5260011223977497
-1.5195423755171429
1.8536328258418677
1.5656363625647605
-1.2769362382225615
-2.0899432180923223
-0.5714516976592137
0.7708581704294777
0.2391050658558088
1.990158467863526
1.2871469201663637
0.66198586216408
1.5878048477466622
1.6081935649490782
-0.44361861241551465
1.6211374909030258
0.9106301545216099
1.4204933659676742
0.6456292444145578
1.3052589546007884
-1.4033809397618826
0.5388053791789456
0.9520442839145984
-0.0020028949196576676
1.1850232423478078
-0.4052507729235063
0.5302490158689801
2.3194666513187805
2.035655223793814
1.7113180608247838
-9.95178791896107E-4
1.2583341608202252
1.4446214695214283
1.8608617460067254
0.8678609226784469
-0.12950560592633592
1.1619331973507119
1.8879451796776965
0.9981047669630336
0.8692136943011717
-1.3823108128483093
0.5814372088785601
-1.2960375451137671
-0.8034461083784329
-1.3261210994002006
-0.24136694045760845
-0.031181083176300212
-1.0959459952320025
2.63146622681848
-1.0450659293097901
1.0139526054122412
0.01944563699275982
3.0588485892697403
0.8897820696188254
-1.5915331223312208
0.5578062500749957
0.06760234429404019
-1.5857187965630337
1.034419399418413
-0.009912348475362796
0.4646867632613076
-0.8719932680425232
-1.5247967798558233
-0.00431754079436561
0.0769603896878876
0.7921527568830032
-0.9316357341453303
0.24883965683509426
0.05004956752685447
0.5391603357772047
1.5245400424799982
0.20639835366840442
-0.2282431851330393
-0.06929454540300536
0.10056738628121026
-0.4329181163675898
-0.05426834740506835
-0.9285357312123985
-2.2127734551070075
-0.10451391161699067
-0.40823355469825906
-0.03287533573315543
0.9994464962608689
1.0074307538058294
1.9978677252978776
1.355019565569935
0.927150464857292
0.11751617999304467
0.34369683539681606
0.5929068635311892
0.5479257060770257
0.7001302155955949
1.4653700423949825
-0.5130613015838245
0.6898773497672798
1.2948328274478773
0.3800680610615285
1.1246611397083297
0.4241476710509356
-0.5092199225612377
0.5024152615206763
1.1553885420909198
-0.5813098084247448
1.280658072821151
-0.6691015965040363
-0.9186077574462823
1.2068747727101101
-0.8053414526157658
-0.8907150414696857
1.2519816136567234
0.36173458807872827
1.7609903593600158
2.2624859477517134
0.8498208539013419
0.39399887653823956
1.3421981983959488
0.840647522870379
1.389781882356656
-0.07858461374734291
-0.6293979826285965
1.445752740125834
-0.15855563668969885
0.8681477746916022
0.3299822781398219
1.4504754742756123
-0.5024857033928084
1.5212287393754245
2.4646868330694858
0.12150840447229053
-0.1010035212724453
-0.5705351383393074
1.9650399112833707
0.13793393653206823
-0.01290736511215508
-0.18380471701443757
0.8145473960637415
1.0347388711897443
-0.3999482067440625
0.6602468488599325
0.4429605636543335
1.1659141142491474
1.5987918418249258
-1.1662257106506433
0.6841687086466236
0.9310014219470483
1.5244789991940109
0.8741301151335454
0.7036977902147098
0.5628051390793388
0.8161898191387378
-0.6788667412297927
0.22442805500418211
-0.933207954199627
-1.9857374195891022
0.005455915247440296
0.7494552494367711
2.0488105189431405
0.7781360334441277
-0.3877140436823614
-0.9889343265616412
0.16970809822942884
-1.3612340901359274
-1.1904798413928885
0.4404252606878887
1.1000853685129328
-2.189422387741379
-2.4092142032743533
-0.8310214346243293
-0.17277135903008706
-0.05385719889857916
-0.7299403982166597
0.3635897417630418
-1.2686548741981827
-0.8808247350804891
0.2596097159036409
-0.6871220879284868
0.8067573892812152
1.489325989145068
2.6593398317821015
-0.6544863693767997
-0.2710136342256517
-0.5684780956561997
-1.1600155075835445
2.0327965478071075
-0.3422646366765633
0.41117378588866405
0.3369224267563164
1.356011640232944
0.5524431243020587
3.0827105056393354
1.3111127954005206
2.6685396171309854
1.6359142394400599
2.684347643074921
-0.8165662911004347
0.6381082420445855
1.5106495082697453
1.9052054327332502
0.9926742612262288
-0.8035394438423398
0.8021274136302602
-0.1157695031211334
0.1306161851224571
0.0111836253089789
-0.13117602540537382
-0.825488659215176
2.9855962429939806
0.0459988408123615
0.939960260959112
-0.13125748823235572
0.02286321830289166
0.05057509483410638
-1.5882119064598061
0.6321814351522682
-0.3937484001089323
1.0130343697794535
0.23439881918662897
-2.13827254044816
1.1038435228029537
-0.3365128362040489
-1.1550532702313017
-0.22044453949630838
2.6901378107475327
0.5401045394039922
2.254201880857454
2.0832005555593205
0.3040466544100753
0.874095604502567
0.9320407898018946
2.0381754595124475
0.8688420415531249
0.7715150037679589
0.0013855133195761482
1.5369715298207236
-0.44941263903215933
-0.32943170320857496
-2.461124510432606
0.4316005372061422
2.1487020936836205
-0.8102818236261977
-1.6643924006381519
0.50290753690896
0.9219824445118705
-1.3262155728866811
0.47941469269084336
0.21885295967322396
0.9766650654509655
-0.41765819005168714
1.368021600776943
0.6837323872078076
0.4703435937389061
-1.4394473397948369
-0.9598701428308133
-1.068174466876731
-0.3765348787153064
0.4932376303426847
-1.8642375254192407
-0.47526518613093943
0.7608165642213802
0.5011279340202733
-2.19102300556438
-1.2726061037777265
-1.7973066346386777
3.793568609385787
1.1472590987810856
-0.0055971117314580375
1.6631471171137588
-0.30551755784725293
-0.6360109975990805
0.5444375185625903
-0.23729753027681771
2.036312469504204
1.45395310353849
2.5431643182513586
1.7291389363264198
-0.36946000547852015
0.7056206334890032
0.8938219671705039
-0.030737549078597992
0.1994826544023408
-0.045051246344413876
-1.8876829366821313
0.7302654776891999
-1.9321005827006543
0.7328424724448712
2.2663328487582315
0.7438544850009625
1.7980069344524556
-1.5594880279096774
-1.256433228946903
1.2357143314856276
0.012211163657296131
2.5222977590181426
0.7108153661461077
-1.0781519988253274
1.0231957989420504
-1.5449570926215253
-0.6662159083229204
0.26136855984909735
-0.9064023843342147
-0.39367930488536373
-0.5331509792548224
0.9945590034308303
0.3254801887429469
-1.347477721330977
0.9173410459952214
-0.03617314437933997
2.1565399000622683
-1.1804592059397572
-2.8180627773100326
0.8956907087972857
-0.1046096586250152
0.9560341776002578
1.3210789425944662
-0.11318015444457918
1.4102029886015262
1.6253921877590507
0.10310745505389535
1.5388961698112746
1.8822378175810945
-0.5068088524195216
2.2305463845884046
-0.4581604066104276
-1.131433337621915
-0.026461511082838354
0.46908335059186584
0.06688523553044136
0.5845423698899814
0.4916018765799054
0.32231500880286673
-1.1729690932904395
-1.3508333820307412
0.7830746532902512
0.08961591544258898
0.31339716604135065
0.7074828260900748
-1.8848538597192606
-1.2130936795938754
-1.265313201098671
-1.3413375818781093
1.0074794198537675
0.759366084236388
-0.04983081374879511
-0.322312404307175
-0.6295515036283802
-0.17505002328974933
0.6986740315197311
1.0180167879733746
-1.2687905536560757
0.5748189919145161
-0.13117776584900387
0.6953390721394461
0.7069689163775434
0.176420054443995
1.222612878824004
0.8998863444758439
0.6385836143588491
0.4971562082595607
1.2936029138707272
-1.9293240812308305
1.4831754173424891
3.5983228170176873
0.10027095032157089
-0.5713805684654508
-0.7645808555248552
0.49139582759275074
0.953696753665804
1.0427450465697028
-0.5182718074689696
1.9010613826201803
1.1156677099402463
0.9436596259614273
2.1428256731428137
0.25528961053739724
0.6077202338072469
2.4701216108632043
2.5470873577964164
1.755638824164107
-0.3345359964715338
-0.5015279801617376
0.5858886570887661
1.872449586085627
0.5155760111288806
-0.6313215488604504
0.5011342730905295
-2.024911462887737
0.009505034162507201
0.10777771278344356
-0.5606113686371891
2.0419486995407494
1.6819370272522025
0.1300326445339713
0.247129951804328
1.2356086515595894
-0.607572883680503
1.4185632182802959
-0.056240680119800615
-0.35706421761175433
3.3124500636306027
3.922923976340311
-0.4961068521906287
-0.867658406330084
1.1215243021194552
-0.6126529531111876
-0.7522151628544701
0.15567816437121987
-0.06114682385440864
2.34952683589034
2.3871761582166395
-0.6158116519624313
1.9166227041385537
0.8924886415025243
0.9510134174151982
0.44368100748956174
-0.3202695652320969
-2.030250659439346
-0.14796459373602805
-0.4554996406784706
0.17474403834209262
-0.007208149406756539
2.2619466439669167
-0.8578798434686596
-0.3433170842359371
1.1165807567414603
0.6462594306241026
-1.0676014471148185
-1.2485743631006785
-0.552847468775967
1.8583196398196982
0.2241710028029244
0.8679768498695711
1.3544080613882024
-1.4708394437286636
0.038256069922645054
-0.6788906658949562
1.6768297277210176
0.23523363803687766
-0.8831251868359914
-0.38993400851626947
-1.0912122537288862
1.1925757353702018
1.9927276212490925
0.6310025523288785
0.28440518695719447
0.18703778795796105
2.7040524072170062
-0.24199362452032397
0.5508723542281323
-0.420416861097341
0.3299131961855989
-0.06414360175014046
-1.3078448075824052
0.32738017391349755
0.7627703919491946
0.82537044524626
1.8703644039935474
0.15793495273018618
-0.18603027221783935
-1.7460109741410976
-0.04494652438787647
-0.30870037958515295
0.054145503722871774
0.561937990153737
0.4436219031650795
2.1975947940304987
-0.3981852798723613
-1.3536653639301324
-1.2956740556974828
0.7866708209518904
-0.5513781412644826
0.15094856047989763
0.11790641864655826
-0.5807690759667306
-0.9220968312178459
1.212304313488059
2.555484562889411
-0.5301364634014389
0.46634202359125976
0.30380746474946424
0.7467253628709787
-2.644693530238546
-0.9700947895390599
0.4403055234827451
1.4722572437656412
-0.9636250135744963
0.19246575241042096
-0.697829734685455
1.0951268124687075
0.1524810558199741
0.7087424511061744
-0.21450126625548105
-0.4700843335963359
0.5363733431399341
-1.748219319675023
1.0917489060245942
2.4800272190490404
1.1060115261488095
0.860308544298382
-3.209570499506808
1.633210685788591
1.7246213259064065
2.603097728677728
-0.26008198153666545
1.9876482883144344
-0.756477901473491
-0.5504071913258939
0.36658334057948927
-1.243548076421563
1.1052413981965585
1.7883962577542876
-1.100379414226128
2.674410906084515
0.05908278448883634
1.3612393958229356
-0.6135651350904999
0.03791682912177975
-0.8172175186423424
-0.41989279351592596
0.8789047056182986
0.03217194734704705
0.8511812748023688
0.8422673580810213
1.5141901859747584
1.8723765875947778
1.8290093306691684
1.9126590657147395
0.7495766370294655
-0.17443108517516742
-0.964832063427984
-0.06452759253473536
-1.953920899805365
0.416190280899928
-1.7334881472796972
-0.4929635171639166
-0.708903893547821
1.8929464386001573
2.1540158275173793
-1.7304803547796146
1.512978542620681
0.7773787565433913
-0.025837136796355232
0.0645039970980582
0.9131069504470144
-1.4685955039315648
3.2343108794277575
2.231640200833362
1.19794001591759
-0.22713091792244605
1.1705416413879999
-0.38609869153099186
-1.7315072586574187
-0.8093213818427625
1.4444564477806492
0.010949740072135304
-1.6362140051239664
0.8794342363596616
-0.42325400489419285
1.9005033267613785
-0.6729979862997235
1.1991894576990658
2.2143148131363186
-0.15313588218827656
0.495031995335554
2.510834245824093
0.2860207306879707
-0.36479262125963124
-0.05492956112809742
-0.025331182790673482
0.7070253057273234
1.8558248969148667
-1.193983834112207
1.5628925777514682
-0.8740742611500666
1.476400088404188
-0.38405878054027587
-0.33110135857033696
0.35905080991931937
-0.5737304002304164
0.5058086184787434
0.22938422220103888
1.9036309201740318
-1.0379993251368353
-0.8076500104612125
-0.5286898988252008
0.1730666748175211
0.6436941018395558
-0.22211784427345418
-1.2262890492383844
2.394976659361151
-1.1544309252714877
0.012265160218186494
2.1719704178671573
1.7725698657746096
2.0595717196725274
-1.7270250478325686
-1.2239033172686198
1.1135265517121917
-0.3642889712469073
-0.49623358436737436
-0.055587204644014725
-0.34589870920330257
0.21627480966800539
0.3485543548263309
0.28834656010736637
0.032949996414879924
1.0790477726663683
1.8447769387154371
-0.6485858938591935
1.8820293604590899
1.084279181013466
-1.0420814143904331
1.6619364716450298
-0.253600836482866
0.3973239366765495
2.428853488338086
0.5326532164460687
1.5207473646366776
0.6023534914723258
-1.0032409156199176
1.2108988774555314
-1.2589085749432405
0.744783728706003
-0.1554757171792345
-1.3735978750118303
-0.4199385663031361
0.7839108020996943
1.4135375661449376
0.9405184576294088
1.1740247066071192
-1.2460148140415435
-1.6121468176387623
-0.8701860589937587
0.8934215971963173
-0.6515930391935658
-1.411433584072911
0.09560927655201809
-1.0810270728250826
-0.013599507314880693
-0.1519081876639488
-0.2074964938133547
1.0981439845999548
0.4181298745982188
-0.708298237398022
3.1398763967853287
0.2281816540996336
0.511713802840392
-0.20264610135500605
-0.6579429488572748
0.578251135753863
-0.8063527193282364
0.5633453537081349
-0.14236759086316997
0.1430639190830641
0.5050654204337048
-0.27928132953075513
0.989860367974959
0.18628761656149484
2.4668895823477612
0.8683530267414284
-0.004521893519228437
1.9734673539649281
-0.3515520575834714
1.371509973723296
-0.2293402236772086
-1.3475606278096965
2.0074152660328966
-0.993267463886123
-0.993646699858228
1.5001676173972265
0.1747985180764986
-0.44599839136958935
-0.44639730975026903
0.7180495389042717
-0.10053078023070026
-1.045610175223055
0.14613083580602562
0.4019080794177424
-0.7084057219151562
0.7093642583274978
0.14784463268836215
-0.20236588909186984
1.2995766181456945
-1.4620178029433073
0.15016437131907837
-0.6847158847454805
0.9680687950726661
1.5304428854536045
-1.4231811365452642
-0.880539588975707
0.6006647626096868
0.23531397503392518
-0.4329872902854108
-0.20669029002676856
-0.18922304126007802
1.5307887812286034
1.9694653047452382
1.0582065648384644
-0.3960300505691261
-1.720952265511725
-0.6748997107542528
1.149272412660861
-0.2246184603537843
-0.22350011601952358
-0.535013251303373
0.9712131644880435
-0.21625176696900522
0.4493308685976071
0.20635800022576625
1.241073634117788
-1.48591595019462
1.2175608653339318
0.22861529453978183
1.1999286187026459
-1.4615970386678856
-0.3838801638485636
0.33281137089300544
-2.250156923674688
-0.209656794266047
-0.08747124319051233
0.7306679485064443
0.7860005190097386
0.2680189619568272
0.10323834324749104
-0.10938826003805491
-0.9799806521530752
-0.5382610189899126
0.38491635902184906
2.15864640509868
-0.3383771787098958
0.574898207109354
-0.6120360013780028
0.9397874254981555
-0.6174647593383497
-0.5528110693026947
-1.1402223847984956
2.49415940963738
-1.9133961344985817
1.1488969066241446
-1.6612442689420566
1.8486349742745234
-0.7533388107812082
0.6578055195021615
-1.8573658540809397
-0.8960979359866423
0.27614566724357925
0.3100201723728329
-0.14473054095242308
-0.823735954422918
-0.21646369046517758
-0.24126461752868017
0.3177679702481386
1.1061479569317907
-1.1211479578553933
-1.11109301943167
0.1085395780387985
-0.12005957958140828
-0.11422130221575441
0.4510879541317465
-0.10129877588584171
0.17495352706449818
-0.965381280002485
1.197849893673518
-0.763291828951601
1.0267195171825068
1.434927095655156
-0.3496359348853362
1.3443423097837246
-0.7434229939959741
-1.152646089802604
1.8887962836586387
-0.9961488650921383
0.3717646283985978
0.49178185602229296
-0.8013198868972806
-1.3420071378053708
-0.24385089255546166
-0.2826788986056574
0.1886018854948558
-2.0690232741422334
-0.7200312557719731
0.6765812223248612
0.39100258338834026
1.3084039639214462
1.1246800124150007
-0.9942434943226689
1.854328329044733
-1.5962107302688204
0.8867797135471575
-1.7966346286676558
0.5136531135204335
0.15509010521177613
0.24333029703237766
1.7185363667212061
1.810621040911972
0.07133828076870538
-1.26888281642176
-0.4986233643375029
-0.70569866145638
-1.0248956628732733
-1.2699811783327233
-1.8462260322225865
-0.3779785315227311
-0.053513129492995304
0.51902079993214
1.1665110982043811
0.5167946579939189
-0.7997498296829387
-0.9785913271351645
0.6544548323475182
-3.0486772623275447
0.5419276643740263
-0.3117767715102469
1.5263693002481789
-1.1614441366805093
-0.07542166304367806
0.1165836660642143
-0.15901354393750586
0.9806435673800676
-0.2583205970174058
-0.9382463572250049
-0.7881820101475867
-0.49090178442839777
1.186159856677183
1.1989021534252762
-0.5528208110258471
-0.671399110285233
1.4190677753579846
-0.43747438169779596
0.3036172800944468
2.0029756043603415
1.5303176174269808
0.367531859328323
-0.7903814332982502
-1.844266695207931
1.1366211467981202
2.248630956351117
-1.4857785334699987
-0.2440471463032776
1.2165954504817043
-0.043338306552195886
-0.1423211767570116
-0.3939177245961789
0.36596529913354586
-0.9173652860643843
-0.5556674663438166
0.7369785672700615
-0.029072517907351977
-0.6694242954902397
-0.020772247940265318
-0.01645146730976609
0.3785605796531109
0.1882800843020437
-0.4744755967312292
0.9393647890263261
2.267790766383567
1.4905168631954195
1.0595965511102399
-0.3130603917397504
0.6616750283546854
0.5264959216780859
-0.8860084081384828
1.6405545827685972
0.33430066127410135
-0.8840302250445561
2.402816784872943
0.6387207990861946
0.6217316354263778
3.016678795339304
0.10201502336298034
-0.987279499854774
0.6072130575907844
-2.25906521608921
-0.2587917578730156
1.0661552575374118
0.8523862933548707
0.7360252263324163
-3.8465682459952535
0.7396709659888673
-1.0412129694490833
1.833764279537415
0.034383995337366496
1.0422309884065282
0.6409016626902778
-1.433994521643538
1.076526269860438
-0.28794667203463253
0.7571465699796349
0.6724785579250268
-0.6546518336656623
-0.22227216973789465
-0.21739542651908272
-0.45038346968058734
1.0404270994635845
1.3385969919122955
-0.750293117493809
0.1698110732794469
1.4252004538944323
1.2607703096214693
1.8165108912911128
-0.8790313776152636
2.780413393368286
-0.6187469005644007
-0.19298847640390632
0.9201640604207899
0.6927831598954755
-0.21137294559432157
1.4316221531667397
0.191310627326749
1.0448880302986714
-0.7555042215405657
1.4245497753448462
0.7648733496804798
-0.38940032890895004
-0.529749956848396
-0.48848486854457945
-0.44186055062120916
-2.4295590205940396
-0.29321458753171803
1.2995057571829152
0.5562771913426373
0.8574952360335552
0.8181647902815952
1.6660004134061213
1.400170560647128
1.7059166942978448
-0.6433842300746645
1.4997739860043184
1.7537798084534728
-0.9860015327206222
0.9411386040966037
0.02224562771948252
-0.5306519815182503
0.1975542199864212
1.423931986801063
0.6767953247564396
0.5883976252163924
-1.2679321817271316
1.3824220867186328
-0.02291428682505016
-0.10239725840420685
0.3478074699297978
1.4713567207861342
-1.3537855995973014
0.040929593478550866
-1.7574095263502667
-0.7490966535688297
-0.3168759534415793
-2.3369752447230554
1.2238860033808767
1.6645658396720726
-0.866017413607981
-0.584996634370415
1.166172833475982
2.2044070706953653
1.0368806468841893
1.0754867921417042
1.3948161213618446
1.2094904852454027
0.6454612652918836
-0.5301526213376792
0.2924452979398549
0.9257788525740221
0.6488540548531251
0.5881019709380806
-2.0354206586699584
-0.15202915698484631
0.7966911634998894
0.6929054371331189
-0.5290042023194379
2.772832277211054
-0.7800276622057222
-0.10404188854386325
0.3819581161645335
-1.3017316868582116
0.6096160547092907
-1.1758837581066188
1.5523613712036548
0.5484707124127823
1.2264477949199777
-1.590207513841467
0.6957764981948281
-0.6973648833862169
-0.7931856490074107
0.49452231561623206
-0.06703288316621162
2.0540309690514733
0.3631211713385383
-0.757948771838924
-2.020929258188028
-0.9916900683826463
-0.4866505019172589
-1.3269451661447826
-0.6707144931225184
-0.8630161269855139
-1.068456923812544
-1.6572121580668961
1.5820209244987895
0.38340076318949934
-1.5038705484367016
2.5400126452742326
1.4536601579481472
-0.04825012326259068
-0.9699505794032656
-1.1026819638394174
-0.48938878416009457
-0.27214885170585784
0.26372024092508073
0.841352076972913
-0.7990880674106444
-1.00503651582203
0.4462193573072755
1.0885674391831583
-1.8576053303154023
0.27650880599111627
0.5353203089737486
0.4622538612475587
0.7505062645548237
-1.8790968634624907
-0.015124237995485616
-0.2017711664008387
-1.953560404227022
0.9645451834817709
0.30798726862807735
-0.14982312322040525
0.12334340953640419
1.5576851656973243
2.0998620452168693
2.1881735625595073
-1.1762344339062227
-1.2749363320791138
1.1519294422641466
0.08967112011799785
-0.9787168150605496
2.112852261232132
-1.454946852244217
-0.8231984783544267
0.13064164423339325
-1.1389298589267425
-2.0758302907485393
-0.6528565737407205
0.4036672697990314
0.7975469087960049
-2.188918421942819
0.19109796226450193
-0.7009252827420277
0.9064296826139674
0.3628404640663607
-0.07990619359913095
0.03633715621472328
1.7946402601095623
0.44259480100261356
0.9733807518266275
1.2671676814614348
0.7265504566034778
-0.16905769658248848
2.1361022434496015
-1.1624787698971124
1.7871173830418068
-0.7243304056777801
2.4679174656472527
1.9418923568355415
-0.653529933448635
-2.2481930079425623
-0.9726177026482994
1.0800807560698635
0.0656695912672847
0.5304721519140836
2.315716668066062
0.8813683168768519
-0.08053048886167974
0.1710730747028365
-0.42567518311801755
-0.9011892800958626
-0.1953959451870566
-0.9538550814590506
0.5278066008219502
-0.040240227731649834
-1.586566194953966
-0.8945872716634276
-1.8142360484387445
0.6074463581589572
1.5697415725226138
-0.28158520288525307
-0.3795797590695328
-0.33131642949215834
-1.833267268359492
-0.9857697462816217
-0.9146349702321928
1.8081238334646037
0.11451682629220775
-0.45391880325347395
-0.1538580096331802
0.5091195351016133
1.4249436883144313
-1.0853245066716968
-0.11195276390904077
0.4867833107399119
0.20429229658496076
-0.8616696810896813
-0.4950001810280208
0.5321271946260934
-0.5477180492244842
-0.18440662772392313
0.1809378384310218
1.0016006000842252
0.3001113614212125
2.3140464087017207
0.1220522143454619
2.0942424434666167
0.5866025486287274
-1.81677810676422
-1.4141607776439253
0.20249092770056942
-0.7700306464237141
0.4263732037977846
-1.3285859106437312
0.19569702282206325
1.850164474256554
0.056074868062902065
0.22883452998010578
0.5803916985848938
0.1772343893348321
-0.046766186363312354
0.5889191562493928
1.3433367036063524
-0.1658946089871915
0.10467813318052688
0.09122289331543842
1.326736279718785
-0.7374553440613021
1.8213989231066121
0.654880907556707
-0.479775184955808
0.8719951223535946
0.4033922240978552
1.3740947983511744
-0.9850666070988392
0.9964601501617136
0.5719050863874876
1.5242630830879678
0.0265037620581655
0.4430584558252571
-0.4443098696151391
-0.3920540095352575
-1.3613459133991483
-0.30438926830088814
-0.7977405258081854
1.3102448846134922
2.7297264849041554
-0.883954683313291
0.9325004885716414
0.29924516634928483
1.671422531313225
-0.22228113065611335
-1.343167894645519
0.3118667901486688
1.176983440841499
-0.44612622524057033
-0.9546050842821656
-0.18901803787752547
0.08082267825611839
0.23865400148948307
0.6730141163030116
-0.24259891502427908
1.158238522255495
1.6395241584946598
0.2647967153800663
-0.5368026679136165
-0.13966128849947085
1.1625192783776765
-1.5841380833024887
-0.7671507447277819
0.508868714261479
1.632538724430639
0.36708596059256876
0.2749899151729005
0.1966521102072283
2.372815302042327
0.34544993867000234
1.0892637511978587
0.8235316806300983
0.2164420592624562
-1.3050523398709044
0.34789020212614646
0.9992549344666009
-0.9006371227924996
0.7086338788923837
-1.1894108168131834
1.239708556094926
-0.7716200455353358
0.7271691051160397
-0.3272850262620128
1.332163057626866
1.2074772380100705
1.2557391868289376
0.7331079801681146
-2.3092529088314926
0.36547538827794146
-0.5084641329458309
1.651924199998569
-0.9059469786653377
0.14173252156668187
1.0278301892828101
1.9077769891480307
0.7646122253401697
1.7009093480883113
-0.8836317221284671
0.4251589018330709
1.4161137818580833
-1.3735720620325838
0.3715066213746531
2.018583494953638
-0.4725827727611746
2.0769869065288615
2.053083898829828
-1.4604616864138804
1.3047919324372246
-0.3553568687937101
0.6328654915092525
-0.19235169468352306
1.7787973368904626
0.1655049903836856
-0.006638900598531297
-0.7328431146148832
1.9766641404157566
5
-1.1961459595797428
0.4387037101906769
2.2135117074435593
1.2538742601375312
0.9000176361978993
0.8946425249815181
0.6768897789874718
0.6962292141836672
0.9928374383179608
1.118522869890814
-0.37333663928908
-0.04837850585815637
0.41276786968579854
-0.46862466783817014
0.36681559221441024
1.3792027797125859
-0.07761720079708459
-0.5638059697099651
1.0643792809173354
-1.7337398438809628
2.640630409057763
0.6772542257426016
0.6140941941572953
0.3105055845588505
0.7543308058975395
0.8605137367299149
-0.2580144889495053
0.8972383359177843
0.8709776406820661
0.11250988647812339
1.8647516693873956
0.0013342448159947423
0.01945791446627089
0.3246478321599094
1.4917075254457968
-2.144745515333399
-0.290063034631678
0.6276191260251571
-1.3080550245180564
0.972456001165102
1.2332859354997847
1.3305654056490854
1.644869827598913
1.1133906700454441
1.761580637106605
4.428263845491912
0.682199295548991
-0.24319065134836582
0.599365972690598
-0.2747010305786151
0.31255518281603833
0.6546312186405997
0.24661686686117468
0.12307360966406108
1.6654971733314121
-0.31789343824259303
0.6964187991087792
0.06568600425485124
-0.5178004448388864
-1.957672573215973
1.492650578109459
-1.554216120026206
-0.7179024083677746
-2.1192311386875384
1.8134555345963959
1.8187335978440617
0.4644847266776526
0.39754633914855997
-2.4791454254769043
1.8275410333494309
-1.6825709726909652
1.5040167150038959
-2.0306022610295047
0.4171063392798618
0.2893248605772959
0.7213103300886379
1.2446724086074017
-0.8125724496807937
2.3914140834052557
0.39214052590366827
2.998159961648173
2.166483432084926
-2.3610316942922025
-0.08302457597315985
-0.20049275571751807
2.453611211565958
1.3562326404008356
3.0041992211887067
-0.8594158952444917
-0.4353459389845558
1.1503340405772458
-0.9847785342581894
-2.022496779863173
1.6117433330814164
-1.3093652968050928
-0.8703466726088975
-0.32226985926851764
-0.3027419928090237
-0.5465424691118467
-2.5111037585087455
-0.015646130587883424
-0.5823106743713653
0.12216625503929217
0.06648207592527955
0.7683371032069648
-0.4727650176714635
-1.515476127150607
0.26583571461796734
-2.1590408131234997
-0.08456853892412819
0.6492711536247842
0.305927959146271
0.062144962903912304
0.7992026776369404
3.126174681357782
-1.2317196710478222
0.6264710801180582
-0.2901820700115256
-0.4260739752278746
-0.6086884676015619
-3.594729384260719
-0.18356041164300363
-0.5483886499880971
-0.1696939786083766
0.5757330098214777
-1.3388443850949043
-1.4610972342092903
0.8613120010951814
0.7905611950576751
1.394066132137742
-0.17425380624762762
0.45305828839333745
0.42252235309905717
0.12593210431350035
-0.6995800816883228
-1.6657491795041177
2.1689448731330425
1.7674980240240308
-1.644872935110737
1.5067675901346664
0.9944744454820984
1.855941281390446
-1.1671619380058518
4.411440700724176
1.6571686889656103
-2.5767756958943915
-0.5174515799283393
2.337034000883688
1.844441354464108
0.46078735498101736
5
-2.38756922657778
-1.3650947356898187
4.208202190962986
1.3495981777109969
4.995943226967368
-1.7330823739451016
-1.6432335597290328
6.663276289359186
1.2721891245400805
3.8907099105877303
-0.5039273655179888
0.010287236211095351
4.468294377972461
3.401923937715467
5.510102510839079
-2.6978963043306603
-2.206816366408677
3.872156137484003
1.4378067280545777
6.113563762484153
0.22039518656527235
-1.5230141355890365
4.604982155526671
3.3809953427697015
6.449366077705561
2.2346515731868855
1.1026465629997526
0.1890610187125845
1.373685538620836
-0.285051046018272
1
-17.026666735103557
-16.27780341141197
-16.424247363100193
-19.339261396608578
-16.81773477765451
-0.07414467773823791
