80
4
9
-1.88619979656959
0.59196689540646
-2.463388885207005
0.6310045696560573
-0.033842192062031436
-1.4697980006920346
-1.5737275653013383
1.1895813227196326
1.8879562927536016
0.6176560552484963
1.066295438844631
0.3665561105097616
-0.474006031909019
-0.566464117936883
0.428190983810198
0.15236941680260835
0.28007376779965076
0.8537420528142488
-0.951302956869247
1.058134126969666
1.270927808767345
-0.4756936440133104
-1.13195596006918
2.634101698168724
0.6775393577995029
1.8221170437870569
0.12211678625219169
-0.13163667370476875
0.6724985437317951
-0.6572166934836869
-0.12975730796434604
0.5122880754551722
0.22352414958153743
-1.0471305681003342
0.6242710141948248
0.12581378014598843
1.1422785055558782
2.4098406970655577
-0.5899687198427712
-0.8050715725886926
0.31606586031362227
0.5316221228703145
1.0044049380855933
1.4507375497752335
-0.5402749525994941
1.40862044693006
0.760000238728481
0.23625764185705103
-0.0517058937275676
-3.3907045860454663
-1.445235494328157
1.9374810560510718
-2.4695630395119466
1.0200442027629952
-0.4243554381730771
2.258613625401274
0.31983336151157027
0.7852275746753686
-0.49037152259755806
-0.5456389701890474
2.086525286212227
-1.5044544494340566
-0.9978552764632094
-1.208209792789579
0.658025512577509
-1.1060059152299067
-0.5616665442650497
0.8576388572226068
-0.369492107643667
-1.3059872174412932
0.839231653929056
-0.43299078842469074
1.4923506192137452
-0.40768888564349115
-0.4770426271393911
-0.18413894792004593
1.4252016741391502
-1.0943867755885843
0.5500161878715957
-1.2575209123610471
0.7983040591813301
0.0860677343794843
2.0231092784583935
0.577904979214284
0.682690080402396
0.8441170730252342
-0.36738274817904504
0.1636915442469625
1.1785605640222292
1.0302601230578592
-0.01651502343722487
1.0375065313125282
-0.18838719634943324
-1.2247512016883195
1.3576837007185922
0.6851146422505063
1.2173119509848571
0.6471446833702742
-0.3336403328793029
-1.0509553425922034
1.1730575992430365
1.279700189231045
-0.9232397811907919
-0.2185859287800381
-0.2744183134754732
-1.5930681649617788
-0.15910434044874452
0.05640422839123183
0.8494944369279542
1.2645453637504325
0.1649839931763239
-0.4430102463655771
-0.9468301874777789
0.06755441578847762
1.6764456054951422
0.5049636791750498
1.1580550574699335
-0.028423793110153972
-0.4747761739172558
-0.6611521888830115
1.7856839571084393
-0.47659820370199113
1.1061776023154724
0.3764016890681206
0.616874995577325
0.28693239978609997
-1.449314702063774
0.31355899659982317
0.8969404993003492
-1.30245695555176
-0.7016039508921178
-0.9458598188076507
0.9408682224994801
0.5062726155978633
-1.144872147501783
0.7628910304360091
0.5331761416794039
-0.5510764746009075
-0.05947653062578731
1.8730859035211405
0.1248821809787802
-0.5967242620945861
-0.6324139066106922
-0.5959464736141141
0.3300503717462395
0.9841528361872195
-0.9676293094196579
-0.7201976455649645
-0.9302880314429237
2.6825380216282926
0.8926933021359804
-0.9167735705348202
0.5739134956356279
-1.7343404177344381
1.1143007497773185
0.5900518174180109
-0.25980389425970024
0.502186929018045
-0.18965177744681266
-0.4693728961870063
-0.2462693776371653
-0.07598510100091499
-1.203030725578614
0.7532013383940287
0.6151935030570267
2.0134641512147424
0.8577948214502437
1.7419996185048245
-0.4391211073060496
0.7569261634703707
1.0894983514566707
1.5732195654031633
-1.2706538363798041
-0.6798341279813376
-0.7180745712845504
1.6807609215769066
-0.19155754532442473
1.935504863330525
0.8640801055762719
-1.425040511670975
0.8167574931852982
0.5014125174878981
-0.7621442142969358
0.5497789964952762
-0.20940936712680913
0.3132163528897547
0.6191403828757098
-0.5139879003494072
0.34227964037794145
0.34797555015391446
1.8323687747601136
-0.13970997501886018
-0.07220958839865996
0.5263765221087663
0.5296364055699108
-0.6214972547165387
0.6812467389041146
1.1946449281441651
0.20389892028469972
-0.5166435614163355
-1.6392124972673485
0.4245817695861128
-0.8763308706779322
0.6487185768357638
-0.8221245020810012
0.9622741487285267
1.3529856384828283
-1.1865546206705178
0.8384947053955627
-0.14349835121369928
0.21779110601177318
0.2884922128525796
0.07413937514736502
-0.5019572179382777
0.35400874076712874
0.5039446154994208
-0.5780661743294766
0.6998287526156463
-0.5043166165769863
0.5468076374224233
-0.38179279417179135
1.6685695570537882
0.0014673215322728167
-1.2675794903698872
0.30562124006149144
1.8805865448153958
0.9332116905897414
-1.1914345922472631
0.8369719857490596
-0.8068815325764388
1.9056074875816815
0.44118778208837206
0.7949182498096002
0.05165051886284718
-0.2035280709994739
0.338652968005392
0.9974968900628609
0.5449647883491848
0.05081559900923878
0.615180099426084
-0.9616132821844959
1.0815034555943224
-0.8270937333677437
0.37066823234417834
-0.5470095062593349
1.1081106166644603
0.40447565574044925
0.47965979350368626
0.6423926317219939
1.2364204049976744
1.1000860827234988
2.8904349653643218
-1.1253542796932592
2.1328844677206003
-0.1291731703638777
-1.5579809952041601
0.42233978979322345
0.47510221266367164
-0.39401404817282204
-0.05305222621742851
-0.5550952634686943
-0.8607649708080849
0.924670583146073
0.09597054376767677
-0.7054725410627494
-0.4104691407929601
-1.058990341615383
0.5226965731165274
1.3866327896084558
-1.2422774001822667
0.23561764655822987
-1.9127024813006759
0.33932210558614867
0.651312419666604
0.0336123117527828
1.2352181408865366
2.1516409894914066
-1.8543645554532158
0.26597212609586207
0.4690138465075848
-0.7679881570032773
0.22063947886750707
0.39487345313099015
1.230889121753572
0.2876713266727202
1.3805865469813636
-0.37910534768592363
0.14683619983793791
0.7104356039873104
1.399372186107909
0.9569278722703005
-0.7063957552521265
-0.5372960839436414
1.7186042880785868
-0.6698172598583224
2.6940745551705003
-0.7753900155742369
-0.7364208784458768
-1.0563310352684565
0.16802025521470476
0.7655017029254094
-0.9114475903952072
2.6310720415596056
-0.11733882048924578
-0.8520340734115007
0.91434319441249
0.5197118246883898
0.056847117381112776
-2.8166745823187993
-0.641956482538758
0.2520762486150959
-0.9139525992523567
-0.6711820260893689
-1.0058575199290363
2.3023512522500622E-4
0.5691946485574917
-0.6174882525205017
0.37216759848807757
-0.48901918448328596
-0.645616232917695
0.9059741850555532
0.13094934080556633
-0.4071140613015435
0.4706910393602218
1.3954268518698936
0.6106676634553232
2.1874124543092766
-0.3870568087679399
-0.3228433993590417
0.77392739628407
-1.178708612210657
1.1924411133124448
0.45740467307358973
0.6227649958797956
-1.44538443414936
-1.5695286976571434
0.5323854985345766
1.6854768556053639
-0.07598175687241204
-0.18959833852425345
1.476279654665437
1.37724066802089
1.242168058006318
0.040706773956062606
-0.882523405817296
0.7808678406043031
1.17248947399884
0.7022803623649843
-0.8544470544296201
1.2699994636264111
-1.3116502023151602
1.3849454880582306
0.6813930308823544
0.428579043845211
1.0323002223365703
-1.3486840333302919
1.112874958086704
0.41835854018927876
1.6110796763465987
-0.4009873887506361
0.5408034121785029
-1.2626593499358187
0.8837418507464029
1.9536716478353535
-0.9904151416143654
-2.132973219232325
-0.2177877523926224
1.3107718101951258
-1.1687639300256492
-1.760668110330741
-0.25461728976997516
-0.275002657822024
-0.5448541641089852
-0.9483201005542203
-0.13568688038848065
-1.523482808788652
2.1371667154732705
0.362778844970661
0.20211602844509308
1.1020370277198264
0.6136155058453189
-0.9260694177983456
0.5247016988195953
-0.13525965504262452
0.5542009601492464
1.1899241301813013
1.5489195356162535
0.9043699289598
-0.629969606421401
0.012019905597513064
0.7266445788667077
-0.8071326099028148
-0.0927594041525214
-0.9425364324953239
-0.3236550965887818
1.2043306723236826
1.3789917630354132
-0.3333378460444727
0.6000792361562284
-1.426944629156629
-0.427599984118475
0.699176074468888
-1.9614815637182048
-0.18433729529216486
-2.870572792693324
0.005294362267548112
-0.9859792754870413
1.4915764765591388
1.5826244496770685
-0.3133620669910458
0.6046414906305269
0.16689629433072986
0.37278467923915776
0.48353100250195874
0.2979634953421583
0.9974525408338623
-0.6725634189641616
0.10434236390741934
0.3750076926666389
1.1428314515513116
0.6686977739097042
-0.46766082413482196
-1.4765183217716957
0.9894369224411215
2.213426949434924
0.054518122103506345
-1.810952026148878
0.8451780705658588
0.1474944589342723
1.770514868120028
-0.8434826922291664
1.5350107144412606
0.08567787392956991
2.408709198805006
-0.3686871590216383
1.9621104505002405
1.4508763597130199
0.923221624526537
0.3915457785961808
0.8498003332333628
0.5866792856091021
0.8813006351303914
0.6738127509764076
-0.6697090200081443
0.5698319222198212
2.0286108688245004
0.5295731968835254
0.6855669914889756
-1.2918306778652775
1.382916643684376
-1.0268902840614615
-0.047982702481197424
0.2535286031593199
2.629122260013781
0.9810420461276578
-0.5267842926657371
0.04606520762460004
2.750259843783454
-1.2521374608306715
1.4498128387769225
-0.6609989670107861
1.055252945665848
-1.4358238178249167
0.8843507205514233
0.8231638101924568
-0.5757917158538023
0.154479761273548
0.4586495974501623
-2.976782210985139
-1.6406835942922746
0.7579222285037894
-0.6897184494751563
0.8441433027640338
1.5146209532943318
0.8714052225233152
0.2409882855617141
0.10942491513076794
-1.5917460181762308
-0.32751676968319743
-0.39807278529816603
-3.44817293100774
1.0760494386418253
0.07918334251834257
-0.3730368427920847
0.8641937934426772
0.018687228064001027
0.230989547812328
-0.3998963380456081
-0.6025135627016237
-1.10372389244482
-1.120237974848759
-0.18225460963654447
0.13418028951827532
-1.0144339592411282
-1.3201669842012225
1.3110072780945248
0.7763169933167217
1.7109953287511626
0.43204957658036824
0.14751724370858238
-0.10647910520039541
1.091150819548883
-0.4154407466131295
0.8982005544542883
-0.5200511153323661
0.20277478226784096
-0.798812230642852
0.8605156863429304
1.2063673928036478
0.13815471024364945
-0.5693041269025005
0.22065725039867484
-1.1315202070608081
0.5878544890940697
1.9113089012831368
1.438086090500251
1.6763076781924828
0.8857345679798471
-0.33197498109343127
0.47503931192122234
2.1893555031080636
1.1541095025350916
0.7156236943486448
0.5271327909872783
-0.7213128878990773
0.07698159175180608
0.3665994698802111
-0.42317354631192067
1.0161848486819882
-0.3805692094634872
0.539452726289133
0.42424805896765394
1.0317934785640133
0.4436042879337819
-0.34746504030261527
0.09276444043964599
2.0719034632456035
-0.6728640723303569
-0.4925205910829362
-0.3237079755036486
0.47424601383523585
-0.347160865534418
-0.31917199807113555
1.6234083856052675
-0.6559653961508704
0.19236144529894386
1.0169523910182499
0.42220955243025776
-0.5478161892922999
-0.3136831758758901
-1.0760503304345592
0.9062710579758328
-0.9981729879334769
0.22064295908385417
-1.7448137824864687
-0.3178859605353713
2.532694171068999
0.09087268745806538
0.24597993528138626
-0.28672231553563154
-1.7099706943474813
0.04073203296232755
3.219694361763146
-0.2077714232507114
-1.1153856561467805
0.5962134341356035
0.8202277494767387
0.036298957839518003
-0.057286819748408616
0.18448351518781908
0.7663271123132354
0.1301312527891168
1.6093813187265926
-0.5372673971910882
0.20280860891023877
0.39595227994433924
-0.9683021433227516
-0.5879972670335732
-0.06976165049084067
-1.308913108012308
0.9623926416952489
0.8321588283296997
0.41876203037659365
-1.301212661669987
1.252389821938304
-0.49800600862925454
2.2138837411022543
1.5196895410142188
-0.2624143137356436
0.1374786513204994
1.1983597122074894
0.21729157956564868
3.30808184035841
1.2831214509498459
-1.2463948401802782
-0.8726486945929767
-0.10538436526434997
0.9564629923661079
1.5556046117505833
0.22481132330316234
-0.062085633026746766
0.08883455717049282
0.5994817914945934
0.4315770134386473
0.6940731964448758
-0.3671177817959721
1.3532961707691686
-0.10999771311845852
-1.276312289061616
0.4020833805162236
1.501590390395983
0.4885375368251139
0.8645889657773462
0.558526337837601
0.2289301648990018
-0.6402430661991112
-1.5227597617700082
0.27680767444502724
-0.5005760243579923
1.8783894698771402
1.2116953328916769
0.5897972703512785
-0.8982059003097671
0.17197084941109775
-0.27211931615934193
0.3985950086306864
1.445764663361986
0.8298273929470388
1.0993763903827962
1.6200426524399152
0.3845762843678316
-1.4681920480527897
1.879412067137373
-0.1322365791340825
-0.47799134532130083
1.7555937042593042
-0.9127011476991096
-0.6523261106761716
1.0320361897044008
2.370876636856912
-1.262118516722429
1.0676841022747683
0.017950942802147242
-0.7097580647943136
2.310219826592132
0.09218684672750173
1.3761400429585606
-1.4848230600910977
1.3491388164703417
-0.16275339509267978
-0.8020369817599077
1.149457031599656
-0.464223716139595
-1.928298138117491
-1.7959876160209893
-1.5121456095908559
0.028323945858554182
0.5580244671872328
0.344686477660789
-1.09218655236817
0.8006253434533315
1.9301524169886193
0.10491354214055007
-0.7027734213996233
-1.2707473131423725
0.6993631786250343
0.28645636460773205
-1.1157702346563616
1.2632842663521673
-1.6702575665428836
0.10574395056346775
-0.23437398998034675
-0.18275730642226634
0.4530448042567442
-1.268449473500642
0.6142161099138989
-2.0654626701239955
0.8578491116479956
-0.727243335382086
1.9361295208533393
-0.7253092164744863
0.4063448174122711
0.8294123075462048
0.6564539020860601
-2.341622064264069
0.28092209510114496
0.7873955464543467
-0.05080750195257013
0.8997980169257271
0.38795505323830926
-0.6002300841561375
1.6530991028489883
1.0820355968206832
-0.5039417857802015
0.3275056289500595
-0.9175560505790679
-1.264658691393874
-2.4883018107669668
0.604645923375712
-2.260491574953639
1.9285574946816753
0.2659392319474281
0.4778734748067434
1.8653824453550272
-0.6714639938151463
-1.465329586268607
-0.10035566421837497
0.2647527751409687
1.386982018874539
0.17101448203933908
-0.9541850635949833
-1.9984681835988718
1.191774865431991
-1.422020055080581
-0.8697013496600671
-0.2538923761326754
-1.7792146292233162
-0.7455906298818702
0.19105129079438682
-1.045553446742868
0.7181559382409219
-0.5797018480624208
-0.03490948240264273
0.9677988047221094
0.9475498986308089
0.05154112117479266
0.7151549114623486
0.1650458244049419
-0.22385708427033013
7
0.06423353602604603
-1.7102108063741785
0.07369621102293447
-0.10660560338641106
-0.8473773184449997
2.2548572740027177
1.224214591380125
-0.4126341577951371
-0.9322535589557325
2.403728600060592
-1.394433822277462
-0.49134322188175095
-0.7117094102531891
-0.06568470123608827
2.479273929354483
2.1721361452492216
-1.4200458069645567
-0.16224808837774168
3.402707514681895
-0.915216650528356
1.027904095374172
-1.3609385720472584
-1.1069493326210114
1.128521284107451
1.0645556121852817
0.23123731641480655
-0.06552635617459067
2.509396248477854
-0.11130485724880876
-0.6170900259412895
-0.5935346791169475
-0.7108558771883678
2.3242708611373653
1.5655309803969077
-1.079534820589959
-0.8133078905918586
1.7633432761764274
-0.9484474890987896
0.018909276400487465
-0.9853685203860288
-0.10273256069071825
4.341562655499928
2.6127556848941333
-1.2572971551449563
-0.7346762877904496
-1.7426986840119234
-0.3713413685745797
0.19507213489065822
0.725159515546975
3.3142691205777823
-0.5576127362072646
1.813267355757174
-0.6355106789118656
0.2695287768173139
3.2153233461136725
-1.8930410897550063
-0.9778817960343855
0.7918639726048029
-0.2840100971075673
4.279386084229754
1.748856501468514
-0.6692480075891044
1.6238495049410646
0.30818867493144303
-0.33672447907531394
-0.3384245213801206
1.7242649262879013
0.811680244639141
-0.10779922596100533
2.6962076894835016
5
1.2376691132429185
2.7854465833222104
0.90129244252194
2.1437310023505716
3.046476115206403
-1.3687990722444126
4.248067177089479
0.529627323611314
2.3729479046325497
4.190882072745909
3.30459441834707
4.1356549176785755
-1.897729196945938
3.0972840151376344
1.563785513958272
2.202930362222553
1.8306623366020347
1.0487519042925069
1.7658083987174116
-2.916241241612059
2.9644995159628613
2.287400710640287
1.5500840921711005
2.142522368140269
2.0792443494390955
3.0585083598191765
-2.015797495955444
4.399401644784581
1.7853247277526494
4.638870039930878
2.4449170630441692
2.8160284540183613
-0.3728801046204844
-2.7623236049708146
3.3769496328444064
0.10086549939356619
-0.02877261983461414
1.392289850276996
-0.3909220470347715
1.2661624166482308
1
-14.8161384864467
-17.78697616289622
-15.684085159981572
-18.6825604091169
-17.89728653953915
-0.1688633321040452
