80
4
12
-1.2789155709218596
0.6480961476866092
-1.1103051514902025
-0.7672264543260606
-1.3863625561188249
0.8779622909360794
-1.5513980353768155
0.13279431491021582
2.2756093325507676
-1.1027187913544838
-0.6944801642613616
-0.7265396042458483
-1.3340533061494173
0.5996804927247914
-1.0211392989745236
0.814027506217583
-0.2891994437727539
-0.4011265988385357
-1.727383815086578
-0.7478969235021108
0.3853916452008446
0.7263521542390652
0.8969461948476425
2.662817367212972
0.6720861004525256
0.21850504239364893
-1.5633679112474104
-0.39261064966490083
1.2610851495832969
1.7145577972081127
0.849503669235854
0.39081117027727147
-0.4578919212314305
-0.4421263964111669
0.9104773725352283
0.07322710406825975
-0.4475743673875986
2.0201525252343098
-1.753153532895291
-0.08235656470330803
-1.3370077573074255
-0.028573079797858912
0.06512473833649743
1.0897127323661053
1.924161194176182
-0.7218035425681932
-1.1397383438938953
1.7218869539571093
0.7564368855824184
-0.01992263567163556
0.2624526089409511
-0.7726634746602802
0.47268157276053197
0.18469145824445798
-1.3439827360530323
-0.5926112183507913
-0.35898439116765724
0.470211037654497
1.3077298018882892
1.1601078529753168
0.7702849339527209
-0.35718814226080914
0.6934847062310224
0.776476193351428
-1.128198372129284
-1.4291424207590222
1.0395898450249128
-0.4399748197399342
0.5725582046728666
0.40705525268317805
0.15574684236295636
-0.6160244120472198
-0.5855418125647678
-1.099853524906872
-0.3521745712052152
0.748438003731232
-1.3313263915040499
0.07341751635057311
0.8653553824987964
0.9430548810867234
-0.5225426160050912
-2.2364910828605233
0.5405529985131929
-0.7070490785459836
-0.8314203690877386
-1.075465770586365
-2.8842657687485675
-1.321627425043103
0.201550642049928
-0.5120710445493953
-1.6703346120333973
1.4341155341159084
0.13458863205164523
0.7199579956919206
0.49046019431879573
0.2554769655947497
-1.135128369706637
1.2015154657795866
-2.544439403368286
-1.1218544812965763
2.397899216754593
0.3464045499276464
-1.205310082091317
0.9621648926950698
-0.5074984308965126
2.1845396173522973
0.3594200280291454
-0.4522997826504735
1.962216322492502
-0.18814622881853743
0.9587434671429418
3.340269789632711
0.42046283953018515
-0.9875432294917063
-1.0583541688922418
0.8260803222669292
0.04402062178852862
1.5630026468765958
-0.6584112931524841
1.3008264199164041
-1.589604530865313
0.5158751458010901
1.9606097144783705
-1.1780972034453285
-0.12015902099952333
0.2597471108857533
1.0974665920735542
0.30207066164116403
1.3855302197138901
2.235541176089994
0.515916913090054
-1.1217615514540331
1.7361770999699895
0.0458654466089813
2.204810066671612
0.8819127433004145
0.21148628700942612
0.7679085166644707
-0.5663691462107705
1.2976328268723485
-0.9474306378126369
-0.02861027066518857
-0.4780209245192826
0.008124619594252189
-1.5770166134274808
0.28368870188910356
0.2024484747334541
-0.1813326253512695
0.4223388202188386
-0.7947127311076538
-0.4187469023317822
-0.4766104441562793
-0.19710225494719863
-0.041607933664674086
-0.867058251599377
0.49548594923756695
-0.6609014218128185
0.6914680072326267
0.8381496433189586
-0.14828022131424237
-0.6314715165551361
0.7918863270643671
-1.1869547472357427
0.5710499169171726
-0.9542708976262928
-0.2413572875018613
-1.3908544163899066
1.030152701743376
0.47287562034724323
0.8487845876573956
0.5932366386231555
0.8968142501020864
-1.2754769869957185
-1.7360156007235459
-2.683014114779633
0.8273558864156666
-0.9447456471215151
0.9879240053159474
-0.07907239262772744
1.6954744808486018
-0.08175797922118787
-0.6794251543242317
0.39081211105425584
0.5158196082689535
-1.1272680132138682
0.6849983954017448
-1.5141186329476959
2.5704073714561253
-0.0889187674762696
-0.9184857027508783
-1.0741731997425792
0.9035355931704772
0.7811193381065257
0.30945359399239514
-0.19526562534747438
2.0613232203718193
1.5385009407507797
2.0122214925626722
-0.5125214369876334
-0.10098958822603031
-0.053137361589496876
1.6224304585450084
-0.39653369747709316
-0.41205005884271784
-0.7921537687399073
-0.3194756021642123
0.8691215441319364
-2.0492737681479993
-0.3305651796588471
-0.9434561832787076
-0.02131842593020141
-0.11006220680280379
0.7213924750143632
1.0669271418362036
-0.3226000205514854
0.6037611187125996
-0.7318107480171739
0.1218990668815611
-0.2891477511594895
1.7905539002738002
0.034533544547635305
0.4155526194825781
-0.3386839510438212
0.15289068748776408
-1.1178720589338378
0.8173374704302504
-0.31533680180832535
-0.6283316733781747
1.7341397474297702
-0.3202561508414694
-1.4553637558674508
1.1934438788731008
0.09136602802882426
-0.9490107896982297
0.6932522469345997
1.704568260609631
1.6586095534892167
0.971711956629221
-2.7080976997370354
-0.7660979512973934
1.0211180387320757
0.31003241487067834
1.6234572785166153
0.07178048080207582
1.3710817749815838
1.2446585380814759
0.6922797840329322
1.195678205311874
0.5270355556844128
2.0393311973044153
1.3783933042141907
-0.010285470547488653
-0.4202005249471069
-0.15452041532777988
-1.6187542724187862
2.558497137360723
0.5579305855269503
1.7897263133225676
-1.2071046603617606
0.3462611941265449
-0.7143248026632613
-1.3271990678268117
-0.2050019889297162
1.060022842417026
-0.23144202613654247
0.8952511518325522
-0.8781631720806519
1.0427469196708767
1.5241952428727878
1.8720175598393074
-1.248912952993404
-0.2336004986698628
0.010992894983656146
0.36299065170025036
0.008790185878975254
1.268535976964988
-0.3606514605281832
0.006889918882743096
0.309403904867778
-2.056914557920547
1.832341262533799
-1.339464515086692
0.7755440182418739
1.0297819788915417
-0.7151640797789711
-0.09200270068325636
0.7373726498672771
-0.3193190830655872
0.11237737060238645
1.5339334133599434
-0.6239137902745377
2.838027580409134
-0.4434371993509374
0.687018795388057
1.0770965856441248
-0.33746789671251665
1.6798427364217414
2.8863073992864035
1.0648453207322661
-0.6580456493902325
0.8043766128086155
0.45038966881417664
-0.4448848201431626
-0.22977475320471377
0.6492435199157309
0.7504370054338828
1.1496900040791116
2.0502604351805807
-1.4112790021231894
1.249384625630771
1.9429804266242485
1.0615091517896684
0.19798068370461527
-0.22826574156832222
1.6428263919687869
-1.7815429160424983
1.3817412089384387
1.20334151167119
-0.23194333946204213
0.8128923834780356
0.43024021812713803
0.5385585919133984
0.18527333583045474
-0.025441490431194397
-1.3941316834961082
-1.8010007211726644
-0.7095176594482084
1.6669093410750213
0.2965197004143096
1.1937591650516333
0.21511924920814102
1.710510287357954
0.26129865490182974
-0.6210469087407585
-0.7370604815523831
0.8824668854879839
0.6876550181881994
-0.42826254062316393
0.0027249143020707176
3.3001533211510745
0.7984607307337078
0.7214057606649469
-0.6229071116826155
1.4135000727019003
2.5182016128404836
-0.18715833345007082
-0.5300255070450104
-0.3676939022178196
0.5925935057232535
-1.3432475455796453
-0.40066988666932557
0.8141883011593694
1.642092961302906
-1.2714611912630949
0.5594903784760551
1.2887573839237279
1.5771969632114644
0.14289478043179166
0.6785975978041547
1.3187823559489307
2.3554011360304634
2.2182380097789958
2.232765069862947
0.05534144045267261
-0.7625440655522522
0.6519315510080105
-0.41237518943978846
0.23960733670284373
0.07472744075220861
0.6863692488878398
2.128675232527041
0.7002308916030116
-2.0451409414301227
0.049383572372380585
-0.44360311426817844
0.04597688587261109
1.0845246688858068
-1.3645739687051814
1.646953323094458
0.871061099310288
0.16532981492228782
0.7384774498109189
0.07674829993545769
0.8257404873211077
1.1834691939991377
1.3182640192756676
-0.038937266662180545
0.03713795244825806
2.2426195533820135
-2.0806860569733137
0.5096675653164422
-0.8108877358635208
-0.7660175687893813
-0.16451529982535762
0.9706922499263384
0.6601513353361297
0.2569114847363742
-0.3606143891131455
0.20215448661292124
0.5183293566090595
-1.5644755659679526
1.623875228124296
-1.6037974820275815
2.0392858955333732
-0.5925620676421837
0.9837246407550119
-0.6327852276083097
0.8296236357588406
3.1725593346807255
1.0383366581620703
-0.6844683012755376
1.7176302910503405
0.6863020950696372
-1.1168870643422728
2.1030326329666904
1.577780918892243
-0.16320677670172282
0.059988329478249204
0.0948991420564275
-1.019331316065936
1.258218528635589
-0.25352293813876997
-0.27186853305646125
1.25848688574174
-0.16794945723098864
0.9705574047960679
-1.5475226251409875
-0.4116845424639932
-0.2874689061366348
1.5554882990569974
-1.7114537684881177
2.618225276498335
1.0783027039894864
1.2221132604296385
-1.8161695504738822
1.1183908094003543
1.2743642349576665
0.9373249607924017
-0.699375874058352
1.419900643772193
0.8489396138769476
0.6689117289937453
-0.24373896553132796
0.18888039000881102
0.8129541336718651
-1.095385920017296
-0.7124615736362634
-0.07347957198807469
-0.06549395204507281
-0.8147296698601076
0.7038711982472622
0.7927491687736936
0.8974315953405183
-0.27427878410209744
0.04306203193583023
0.2829531021152085
-0.42485052952356106
-0.10644000963930522
-0.8192783149948295
0.20548319129190568
-0.6609329249082778
1.6078898078938841
0.6600172252125951
2.2547866614974184
0.4333909155846983
0.2217850644419445
1.0154431373712394
1.7413547679995889
1.4752191634221903
-1.6593508522006142
1.4462356437657704
1.2430013961001154
2.1983645992115
-0.6654283533389274
-0.3399662383976577
0.5515611891838123
0.1334380994851774
-0.34078050700035106
-1.8653811449568214
1.6326859112169785
-1.5838085392434325
-0.7797394836486853
-1.5260313823795022
1.651366436481269
-1.226774930180983
0.7569876151435067
-1.1151034180016088
-0.9773629282496078
1.4064607175897266
-1.5713866070244094
0.38891674159070805
0.18573540009421233
0.5449864564212472
0.2354837223596921
0.34718560114161273
1.1976730829346487
2.42665070549891
0.4036125089118656
-0.21172827778923015
1.2685292710260885
-1.6559668645154006
0.09084821798067322
-1.7146932194372444
0.9038002734893441
-0.1385540617754583
-0.49447310899260244
-1.731182202331709
0.6852066462754354
-0.19134256793599863
1.1930970012140987
0.24216323795030933
3.2164993926924144
-0.6369308413376908
-0.555265838225312
0.14936294639597436
1.1592725289486103
1.0007011631911416
0.6871982038024186
-2.02900730506156
2.2413336882601187
-0.8535941926506118
-0.8326314835479565
-0.41542814773456505
-1.1186138921132827
-0.06937765949018604
-0.8778387803339682
-0.6263760375818271
-0.18242365552236028
-0.03658488337327055
-0.032268754099485215
-0.34709698590628946
0.6524469270871265
-0.2813567331674232
-1.4538379916663158
-0.6258201662396781
0.6564726440511447
-0.8952807309684796
-0.35200677706631095
1.7216342549691184
2.1074813505269865
-0.945720409557572
-1.702148751328298
-0.312751179950636
1.6490884084883057
-0.48223419158266617
1.1842427282808843
-1.1184966052293872
0.7002267256897469
0.5553791229596001
-0.30363050578825374
2.0473107699899002
-0.16169666481566525
1.951134629173353
1.2087638150855915
-0.8758771298629376
1.2701817750212585
1.4422867437145632
-0.5018223910880043
-0.12222458188300653
0.3166993391824391
-0.24392774193859174
3.5172023538803763
0.1835758615289495
0.8159240493988115
0.6797203746159364
0.42682661719566073
0.8861641001765364
0.8056164189530935
-1.1719480559252888
-0.18504850670319248
-0.32703758314885234
0.4413217940670899
-1.2130961243458847
0.42110386708400976
0.4243240060365351
0.8141797663026266
-0.800905627183868
-0.7069996464578029
0.6176329141277123
0.22082229283300336
0.5606847207397689
-0.09876485077955258
-0.5376682880812191
-1.8557569194546855
0.5809538502678742
0.8780404304727871
0.1874954334344261
-0.3266243258989749
1.98246413747255
2.9462848927717737
-0.010371344272777139
-0.5776179301558624
1.3426921583359017
-1.0330047629903707
0.03091517120185691
-0.670485040342985
-0.23312401397523191
2.002264414644169
0.7112884292165854
0.9483881002456221
-1.2577124499425625
0.9893972060277814
-0.6402513253376327
1.0516482684574824
-0.18193181998105806
0.20698632031201214
1.388113036703049
1.218097920255873
-0.012374185284325951
0.605047022105419
0.8260580575552642
0.7005152567078502
-0.5665186196848263
0.793498491657713
0.3980640571514713
2.849434896203979
2.1501920325720603
2.407585908333167
0.5711635336336908
0.07626954568939123
-1.3561389708657192
-0.7142094209247816
1.21295378575336
-0.22399012193464196
-0.07912499354041254
1.077372871964957
-0.4367720030148473
1.7153872884921175
-0.09607196477422103
-1.079979654029805
0.1928318365132493
2.647708063987365
-0.6972561859535512
0.28865473516778734
0.2782720516182816
0.6652530360593785
0.03739607963113099
0.5418329170089694
0.4966553160526162
-0.7245939300693105
-0.724286328735612
-1.0401126971707186
-2.6647950796549367
1.0246873606471292
-0.8608459890438251
2.1631667127643963
-0.6615681180209413
0.01878507067974977
0.007469006914100795
1.528187588846036
-1.5147938422333076
-0.2519627956642745
-0.5064786886453417
-0.8012817522468827
0.5017906855646974
-1.131250529290643
0.2406439019451344
0.5606473463279457
-0.5494589326744876
-0.8089206881479836
-0.36683247098239735
1.597487698600283
0.9362543837603795
-1.4629354156892398
0.9594682195120646
0.13588181602927382
-0.7550846600207979
0.026045401349919384
0.3178241450603418
0.9783518443326966
-0.5686624148126564
-0.43450044290102363
-0.7006784886912766
0.3063312580492257
-0.9944783808792312
1.3670352123634757
-1.169583396113065
1.5948263092449593
1.113991442755903
-0.058600276537069715
-1.5319095247483994
-0.13037484167739719
-1.184154263401278
0.18814585833777572
0.9335871164334629
-0.19215551332414252
1.210381783558555
1.4312021675729842
-1.087124746000425
-1.1516764905733712
-0.6466139623573799
2.458850594149419
0.7463300651708176
2.330929866382409
-0.7712302586938699
0.4922237069009232
4.228556408902669
-1.5564755736549574
-1.4959677218952419
-1.1333936425567863
-1.2077100954575295
0.27892064940324457
0.11542214353615084
-0.20283778589138735
-1.2424465921756473
-0.6837201117492555
1.6331382968719361
-1.0945059612028263
-0.8081618875063254
-0.052623243799411745
0.013753284135221616
1.3379665596635635
0.5609259105773503
-1.7572087810139119
-0.04706357700579328
0.8354149979372884
0.907416154942529
0.7185068206783349
-0.3410799990917415
-1.0426347691424973
0.5530531944658232
0.5980509710251183
-0.7231672321848244
4.99898093136471
0.32080270380653375
0.04469079576093109
1.9000852407274298
-0.22297489008824717
-1.4901651804530136
-0.16039707906997364
0.4745776387242317
-1.7611328939791282
0.3355560194966374
0.8151482875065523
-1.288149433885173
1.2779276842592449
-1.650675697655151
0.35166298145259267
-0.43004738125833564
0.7583109652706576
-0.07812223387798897
-0.637505440669337
1.0737145014188967
-0.9736149041586366
0.6845098924575095
0.38131981621227945
1.3797003538728292
-0.6018001583063906
0.7332859932318712
0.1397520701654151
0.2505853982659391
-0.5584291671820726
-0.4207817084050416
0.019949185989808917
1.8853133802211797
1.7665361919114706
-1.725949002445952
0.8849692482965655
0.08294619591424005
-1.2960367741304346
-0.5826148929977515
0.3256157038348656
2.080558374094942
0.43023810410094177
-0.6400527344329148
0.31714442147780075
-2.654906900652568
-1.3430569456837893
1.7323449166354872
-0.9854090060728161
1.146152709027192
-0.02328581270787984
-2.1030451402176786
0.38923751970908327
1.5068304122777685
0.8506207087241453
-0.5738068771670481
0.2954424377338159
1.5802411389561102
0.9471883970916027
0.13278148447600482
0.994021601364524
-0.9273573275081148
-0.5049096819192839
1.7781468884353293
2.54047918592326
-0.5879042199147723
0.638032528462755
-1.184693662074784
-1.2494575353902697
0.7693437299013445
0.13230042805448222
-0.0841816045683672
1.8404919775140407
0.9812854738345267
0.19878887850377713
1.5867510108949519
0.25555975809666853
0.7791304919186264
0.18031286100695373
-1.5356693785782023
0.3798483855095007
0.29183510252976536
1.272182852918082
-1.1836331204081907
0.9055637992087358
-1.5050814570392863
0.7514452787730893
1.214597329141407
0.27707209788586484
-0.44749715762016345
0.040912494546038264
1.1019473424067254
-0.16677083422364813
-0.1351431719794874
2.9109147952586287
-2.0120403573187184
-1.04977707701859
-0.47833803795697843
0.4400396381113495
1.3942969735765822
1.0330146374841298
0.1807535361837196
1.707991979975121
-1.0731938540572419
-0.09164745504354396
-0.19613901688598184
-0.6230949152347695
-0.13878431356718451
-0.5817355064959141
-0.6800785633842336
-0.9221116008055602
0.05437963524820259
-0.7539612324465168
-0.5741517629022593
0.14358318865079023
1.3668666538474321
0.6988221153577973
-2.577245517771761
1.3042428099777938
0.6366092526144608
0.5023358047584414
0.16640861397006868
0.34214748771728665
1.0305623247932747
-0.8102998435320736
0.43946525133278347
1.3191012366866097
1.1728165919618967
1.1220343512347668
-1.7040429811199251
-0.1359021083253989
0.5801818962376689
0.4954472217807747
-0.35377383441261967
-0.06690569750863712
1.2059333667503578
0.9761055902857124
0.06368000545231599
0.06949791321324364
-0.6488888897723942
-0.11545249000355313
1.5553335235898729
-0.7708504944452952
-0.019022951843276615
0.1988765370690017
-0.7815308509378818
0.8773216131238553
0.4236797772655534
1.8660591267526458
0.834190701854961
0.9680510506091324
0.8460525554386047
-0.5552617924389428
0.21386931736598203
-0.5795637699567329
-0.42830905870585106
0.7759505291889628
0.8081342693298401
1.8750363133571295
0.20669572028702005
-1.0416405967661622
0.6431567543037925
-0.3606663427401478
1.4955368509068554
1.046245908207665
-1.3143263148215438
0.5770827384156779
0.9326320705515659
0.3647272735255281
-0.16448424679111562
-0.1637599243233655
-0.6330294936081309
1.1023499529877887
1.788185973592773
1.8605621473702612
2.651528228745361
2.127126349654533
0.13733835296477914
-0.6213301230698189
-1.4195851318973076
0.14450713664111864
-1.2046636814742393
0.9999011348349944
0.1190913570827983
1.9652696892898445
-1.2495917053822798
0.6279004228941871
-1.22795474850253
-1.6067829674175789
2.363901207092269
-0.721515727960745
0.48181393353026725
-0.12781711878787044
-1.4108755995881164
0.9744570315701173
-0.16584243327798592
0.8582834262244736
-1.275697005946617
1.0957627329373625
-1.0998511520845835
-0.30803962830179554
0.5381934588785471
0.5987253853289985
0.28383295014156307
1.8795682989008504
-0.8834791161053144
0.7968632927528937
0.6649656385511962
0.49472906852970844
-1.5751474521137117
0.9469344663149274
0.7967034754173509
1.7060457249812269
0.6719840108382976
-0.7668383901750433
0.053294724752875215
-1.631101271395023
-1.6421982545224525
-1.0038840032293568
0.5803462449451824
1.44936226501556
0.14352601423243044
-0.03544346932094096
-0.12791544628279244
0.4026665957318677
-0.44323245595523264
-0.13920684574029854
0.7447991384525354
-1.0705380102359292
1.0970370078390907
1.071560398792929
1.139981985087193
-0.08257044736076787
-0.2560187785722503
-0.9622021110303857
0.9842438125310173
1.1425426959620617
0.7044108061388247
0.5574385503252688
-0.9049317818315061
1.828071168591507
1.34200097567697
2.807679544793598
0.716636187405847
-1.5848228403915812
-0.9348995145037742
0.8880722834414193
0.9783245724195798
0.41815951607539525
0.8931702830127768
-0.5326016802694157
14
0.7507504718133357
-1.1740946470328713
-0.03702736538609838
0.004167951363947937
0.9081407814519522
0.34243517567234877
1.2504967930925384
-1.0871521923270848
-1.1984262812389361
0.8189255286770749
1.1705058236696846
-1.656560949063856
-2.2403408388119086
1.199544715628196
0.023286545361919632
-0.7128293775821147
-0.699439103134299
1.386721756835502
1.2026432413877048
-0.7950556379718575
0.916988317643875
0.5204469882593582
0.7671224680982772
-1.116516062651179
2.8354128036644926
2.0966944281412725
0.5186645086668619
-0.5081905882819935
-3.1713605012466592
-0.13479395927666793
0.5461609634079323
1.2988227887236599
2.488787537458976
-2.763916516662298
1.3989330270689344
-0.6896258429711632
1.3610828821005456
-0.31531059507802117
0.3976901825319046
-0.4180895230351019
1.3532071005830033
0.8408143759585417
0.7582006021438867
-1.5023741910724286
0.03484027370867426
-1.9462808682308306
0.6837699289976413
0.0037442614120941076
2.098906810007618
0.9116098081982188
1.0859628717430116
-0.23145453324725945
0.4362129413821078
1.0579409428098807
2.0790499504481312
0.34008670603550095
-0.0456552316688946
-1.665599454347314
-0.291563140997922
-0.6921631738307659
0.22445486809767998
0.33421047414892036
-0.012962537153461337
0.8442035714156768
-0.21901249900990666
0.3690312731664169
-0.393851666583464
-0.6395733096894931
0.24978576505391117
-1.1224939150002937
-0.8870068820968005
0.5367916104480801
3.5773031870301653
1.2702696035227212
2.178988248293318
-0.8862015030638345
1.1258111457791018
2.6492865076392755
1.4477100879856346
0.9440768678902872
0.18279682183185425
0.6866311752142815
-0.3499880012313694
-0.6497276050741274
0.07895201621428488
2.344719467929402
1.8859696973570608
-1.619136392446388
-1.0884571868410344
1.9768268938962688
0.8861873235089541
0.2216118320978232
1.1315132247018196
1.132300347858164
1.5752134631609027
-0.955114353425919
0.5931756217027682
2.163378120518909
1.434549498770788
-1.4828222134454543
2.3274004853351102
0.696488444709658
0.549144775769557
-2.1262799239210137
-0.19010815930791553
-1.4683615828556729
0.0802800551225037
-0.055798492849706643
2.631295614297203
-0.6860250476745068
1.001867007886542
-0.28209909145500855
-0.9588740389723589
0.39084040521043284
2.656254650037561
-0.6274184711155129
0.04773473723807638
1.65985724426641
0.968369788580118
0.0760562620348729
1.887803355505137
-1.2788585344067105
2.4314606605888156
-0.40191621963055113
1.7232298998691489
2.2110413608299586
1.564830530327268
-1.9281612583182508
1.0309706560815592
0.29339605349297493
1.7550747968484255
-1.3675552784113476
0.2714746275422659
0.5299398626769877
2.5826768326748804
0.20944333330916926
-0.22381379132058443
0.9823575582340061
2.269023770876065
-1.0235616631177047
-0.3843061847708726
-1.2554793218109561
-0.8209742364380137
-0.301312566831441
1.2713181738632766
1.100598874399646
0.7954775655551729
-0.9640194149206125
1.2836960688276755
0.11444513460348812
3.0624617929116296
0.01800030667157201
0.6273129665232526
-1.6415544607045964
0.04147891400050494
0.7188719601912146
2.302464079733134
1.0838811077155477
1.6764960079856146
0.7835622432256681
0.6468592581328544
0.9263828666924951
-0.08787708023643492
-1.1506552605036215
1.0372488198841998
-1.8543298704271676
1.3639190567136534
-0.8114942991597635
0.7988543204565324
0.5137044311248322
2.297699334552541
-0.8739567085394262
-1.3955345274866167
-0.41512524190373695
0.7822957005363682
0.7618752901048951
-1.1417942513077148
-0.9213957550712834
1.154548248465982
0.5405509810181585
0.08175538420534212
1.2716213849057192
6
1.0495175581348086
0.6291715106825179
2.118117194508106
0.2745455513368972
2.347423479854025
1.97831982098716
2.440122409616409
-0.3188318856324476
1.1532036045918561
1.0170972864380006
2.7461609072053856
2.323137639324178
2.119080008440123
1.3839320481741764
0.21418273241120478
0.09845778763742853
0.88216342092218
0.10103915176775932
1.8314044394484117
0.9815349849164405
4.021988227881826
1.824712624213067
1.007540135598182
0.8316597642721802
2.663939170220464
2.3015829264102257
1.687508615220895
0.5030483214490555
-1.8099110875024689
0.5973320495785395
0.09303062862449998
0.464599726196125
1.6502128307861121
0.2652551959524968
0.8044425325296937
1.2633308954847067
0.9745311592779758
1.6210345910552717
3.474607650400331
0.6335681216880805
0.7364055473010948
2.9315732182484915
0.29540447370025247
1.1045647941615402
1.6376920135405821
0.8723274656710469
0.6322452427181982
-0.3262744422254278
-0.5510851813141469
2.142746802808068
2.349737342962825
1.5611163448854883
3.2621438219145227
0.287521383660294
0.9678802440924166
2.343492346105385
0.4486016224175153
1.4842355315896576
0.3864008230275099
1.302317978894865
0.6253287122614934
0.2515589560263981
1.8883901993564098
1.2455476057069095
1.826961724393072
0.4124785054233142
2.3318750459156314
2.5232901027603676
2.500931727414663
1.1758787961813881
0.8824751488987101
1.5181300775180535
2.545865276030377
2.0730242116303232
2.15406593465687
-0.3428957941212743
2.1478421623427577
1.2399565874794618
2.8055627882131304
0.33004139944587635
0.8048811143728201
1.5596504654474095
1.1679683779221977
1.297085422577647
0.6217728895397872
1.7941003374731859
-0.5915771386299272
0.29635071057876516
0.8041050138079968
2.416965795994374
1
-13.977696247411915
-13.71949232233433
-12.74175695662434
-15.788242470359998
-14.750176057978058
-14.989399720186963
0.5011021050034192
