80
3
21
1.0894611136652204
-0.44136086470112684
0.08886039399469867
1.6625985755626416
0.8345458547317309
-0.25432351142777626
0.42116865945473375
-1.370571992699633
-0.08909296133666897
0.6025126795983504
1.6128991969279864
1.1000868919611342
0.4677665117562343
0.08170961055695714
-0.2425821078641308
-1.4071461677585952
0.4648492311478507
0.5196860595688536
-0.7870634151586114
-0.13061082385973755
-0.5969614667182804
-0.0171590018131113
0.006045664625506222
0.3275497205576937
1.2906064024634858
-1.4259379491137667
0.004936784847406499
-0.9577844959142369
0.9148240204024464
-0.7051160208271994
-0.2783099982307694
-1.0215698665921746
0.010504919200017136
0.6589332075798308
1.4200705048742777
-0.6006967227500262
0.22671438872698274
0.8337297827507879
-0.5997139032816134
1.1650258052314741
-1.7876464156030556
-0.6094991534440919
1.653300147769604
0.9014263295176516
0.9332564825716337
-0.8957997987530533
0.6076379291409302
0.8184923969100099
-1.4127198759764565
0.5410157981839478
-0.3208544435286237
-0.6628511156462955
1.0600580605429708
-0.6484544345205476
-0.25628803597356786
2.2141783482100026
1.1451284908159554
0.5160072941267002
-0.39506660073684935
-1.166247098715203
-0.762839849954198
1.0138411654683945
1.686081510393518
0.34344126427266863
-0.04772427388144885
0.6078290100174619
-1.8359306790701355
1.4373052767971974
-0.8801796598855196
0.10606724096842252
0.7348871329435862
0.09393612551218557
-0.07393655345349756
0.9275342325526513
2.539705623810487
-0.597967137692915
-0.42755396453768585
-0.6252207273780542
0.08385176240393799
-1.1827988317875238
-0.10291827442119993
1.233800695069826
0.00335480100205951
0.7347608166146333
0.5820261309181252
0.31768808330251924
-0.4599601464002536
-0.19844780886508293
0.8583508902361472
0.8257389288527693
-0.10678405673242918
-0.25328232201471446
0.6142096368602334
1.1643274888311825
0.38124830713036334
-0.6998300367234372
1.4482369531823651
0.9036413826135172
0.4272364395019088
1.462052353990845
-0.08580328969058915
-1.6129904587368973
1.4380841374362228
0.37298415990702927
2.315085657113897
0.13311141053756184
0.16301396655874859
0.7050241461231653
1.1423370729515103
1.2182439942178944
0.36794556547560936
0.10617459698386664
-0.23156846494125216
1.5637940863936752
0.5090982482450043
-0.4486902499413591
-0.182240226518475
0.9169655652627455
-0.06855030055262167
-1.1758579412681154
0.4576350481314839
-1.5665502530601716
0.43195759034404185
1.2086677074518248
0.05447804113958653
-0.17781647771601097
2.029474582092772
-0.8672189908099347
-1.6031602134112248
-0.6662964517390784
1.1470255733223271
0.373986123206439
0.21178326453097132
-0.4940128901241412
-0.24617561270461774
0.06934137503875812
-1.104061642391071
-1.1360673931622307
0.06086731378326912
-0.2613716984565265
1.0986735115649509
0.33165225490349665
-1.6164921072922518
1.119602816329031
0.9894447933314503
2.240610802746429
-0.6790789303772231
0.1668800563067846
-0.29990492382638867
0.5356048615895725
0.7265487194225856
-0.8062125603488945
0.6791447068674876
0.08933665304663672
1.6219552759751361
1.5297394610018533
-0.16621082833954093
0.470859268027886
1.7637955665779117
0.07350624118337606
0.7924292656500133
-0.7650319046369952
0.167324486644174
0.9244287024862747
1.5265385073716922
1.7361781168633186
0.31468280107980834
0.3461551286995309
0.3088077978695416
0.23642514039649062
-0.12745511978891721
0.9699085698055055
0.07882874178509851
1.852173286501916
-0.8790533942077754
1.3067901451996906
2.159366469494385
0.10255697090820697
2.108535055333526
1.2072231259566977
-1.053248223104324
-0.6920071132220224
0.32679424121321976
0.3274029834423433
0.8824869154645377
1.9825597692580208
-0.18227540095091488
1.6058307433836152
-0.8750147497903784
-1.620435889640681
-1.2941883835348538
0.21883127847758568
1.0464420170299942
-1.6595840102130703
0.18400237297476313
1.4924692752993498
-0.18943879086695467
-0.6652838490532075
-1.1539981741653742
2.1319438971214772
-0.1616104181184289
0.0643064493365477
-1.017238088840145
0.4246253007961035
-0.03312874094987143
0.24073629523615167
1.086553600703935
1.1099303851913678
-0.9170767981359096
-0.27936494158793596
0.09065423731595448
1.1464754974925957
1.9624688050710213
1.549487603717585
-1.6062236347242898
-0.7590338916907471
-1.5045666099393118
0.9932257269488806
0.08008116764742458
-0.2973051886568173
1.5914666741134884
0.2801120411892517
-1.019321948307439
-0.04511615047795556
-0.047795631774386324
-0.4420647108488723
-1.8791175314049988
0.19327344159544022
-1.0692805761346307
-0.5468764175868678
1.059034537659015
0.7836983385386427
1.0165765608649149
0.8492412270203148
1.3669102385974905
0.5905475297052433
1.1154017828460727
-1.536664305004569
0.013909985386226092
0.7782688239048167
0.9273495477828735
1.2629962876557863
0.5622188871705956
-0.4283293926347835
-1.0688655708583217
0.9041635264625839
0.4499115580065453
-0.9628137132450734
1.8224463002409712
1.7426937944598604
-0.3436694338022608
0.2802875075368755
0.6404197869577719
1.7393746243623422
1.665581358718093
0.26303872367091236
0.1369805890359996
1.1197352345110971
0.01428708851022261
0.7979308029846538
-2.0628404589780844
-0.9646572499235447
1.452576521374032
0.5281362860758958
0.5470319109389751
-0.47102268054539526
1.1438512118522774
-0.6095956887463004
-0.7609484550913774
-0.3249178955703963
0.009664637199546564
-0.19507517201763402
0.5515670019488753
0.5072790502345833
0.36438702209123297
-0.6001591033096572
0.5176949206203264
0.6044816170345416
1.41076293169364
1.0991854620640518
0.49384783458833004
2.2470264958766752
2.341592824487309
1.525093373812271
-0.8726152869938251
0.32159902669340895
-0.51234787485404
-0.8379913413429387
0.22209312174520546
0.3367422300350901
1.6332537896466586
-0.9112577925913319
0.7840570519062473
-0.23630368207853658
0.6063624805607881
0.5009161193496551
1.7623167930284318
-0.989498157985102
1.618415914410708
0.5738292452432364
1.4536938907811032
1.5839235175301336
0.39872163056657806
1.1487462336974168
0.48940958310340993
-0.37834693166937844
-1.5515931047464457
1.0411270761682971
1.1604171835387176
-0.35066800638182577
-0.12068400629071457
0.8600600082814638
-0.8912280275945896
1.436911788551186
0.23169108599821062
1.0854247644242474
0.8548760129109692
0.014359053529156618
-0.2440203301849777
0.2889969216275799
-0.5375298320481978
-0.17429928742958775
-0.26579239260948684
-0.7692098796284912
0.33393477059054255
-0.749134892113758
1.1732001151932794
0.22070437938650384
-1.6621167467839553
-1.2502183777423495
-0.5450902689984826
0.06608910312672467
1.6249615293262063
1.0943285552614106
-0.22077778118748714
0.6922867198655002
-0.08429556098851278
-0.6051104092847981
-0.13885086613461017
1.132023914644602
-0.6406658083341412
-0.9959602865505404
-0.4776734725413156
0.5410827511649349
-0.33163571791555896
0.7530780796230909
-0.2509158617018078
-0.3922384016110006
1.1481882112306683
-0.22284143027207132
0.32776038990420675
0.8250997161392079
0.49944880329128943
0.3632121175610181
1.0589046899760899
1.191098494508591
0.2474278154224181
2.0681302804125763
-0.08491822429900574
-0.02392864591766866
-0.5836510236050294
1.060348087968133
-0.5351677122369035
-0.33991556577227633
1.6346739283734195
-0.8269593731610531
-0.5209740607462825
0.31985442665176184
1.3676280811923875
1.3575734619590427
1.5564779094708987
0.011205817810277865
1.706967786304841
2.0928223550692557
-0.01826460200992404
0.18286683811892163
0.21977740427847026
-0.2890499408107168
1.260893964796395
0.6975473284530743
0.9780852739470213
-0.8807774456091764
0.8584026161655027
2.5311127872121806
1.343812391187626
0.27928853731630465
1.2059588387689075
0.4499300772380609
-1.5140693003971082
-0.1142697354073087
-0.10211328299710114
1.0545838154824874
0.6150604786970395
-0.9269625686450893
0.14396158364704903
0.3623549657802474
-1.4035715330769776
-0.08631505720573879
0.6197800158098733
0.6468393315929062
-0.8313665630582487
-0.1533673488450309
-0.5498845341281853
1.0401935500543766
0.6752083679369437
0.2692810487337944
-0.6985685038413032
-1.325980305010195
0.46224819443818776
0.9658653016015715
0.8280887974712556
0.6400576973525341
-0.4391381235014823
0.8607890371191618
0.5607997397319466
-0.03055136290282245
0.47773676768012563
1.6521060712032898
0.3482440695170707
0.5917564237421242
0.7313041263859723
1.6696045512176714
-0.8053333691800871
-0.6187072743862254
0.1357427180333727
-0.6341440833011457
0.2676549234380715
1.4365720789145278
0.9322020627483266
1.3649329502043805
2.16524594187025
1.109037407286228
0.6592171177446362
0.17256889015877147
0.6748120254130122
1.686610522835195
-0.1794174131291132
-0.4787313740713714
-0.03234197019101065
1.4235931159718669
0.10639893502991815
-0.20420583540587672
0.5403848261094223
-0.09627246063342122
1.4871989176777418
1.3457236971766815
1.1244297472853007
1.0833512811781822
-0.9463379381539482
1.3733200745150884
0.9172145569857357
1.4691718812908787
-0.03537857615035324
-1.1752546998176627
0.2176603291444919
-0.3411948349415779
-0.3490305058047701
1.4483210367087742
0.9379230942511791
-0.6042606630744515
-1.9499247574029186
0.7491108992630011
0.9177800548934005
-0.1459972757470176
0.32315356928923766
-0.09758675135515531
0.4658338253575394
0.9072530082323964
0.9460501670863213
1.3813643469337031
0.42596160947631945
1.3015747497460184
0.744578191816058
0.390257934184133
-0.5220427383493047
0.09706668710152433
1.3692755914930836
-0.4985117421657736
-0.16022625983640668
-0.9646347989244759
0.5203746067635316
1.3394544038832712
-0.374136761850419
-0.4033775785860981
-0.5754278368591467
1.212734204193162
0.8079030724588029
2.0841641049542172
-0.9872643156866974
0.6364849213133232
0.03542636613799002
-1.0766607609805479
1.5656269416971027
-0.633924271033538
2.2933947383492277
-0.8241967632971443
-0.2974491844669199
0.22288979534891798
0.28082755505458096
-0.13900601466230694
-0.055005636765895746
0.9017994049617802
1.0481860616634473
0.561587067678266
-0.5082859159192681
0.10516330275356131
-0.6011259041747598
1.563892246091304
-1.2268285336267133
-0.959252475080793
-0.8656551539729587
0.5813163163713627
1.8247115463447898
1.2389325760228551
-0.3450132370698083
0.8641571796295318
-1.1659254412721296
-0.4923227046276594
0.8134547053537857
-0.5083747299046647
0.883440200176795
1.4172843770827401
-1.180918372490436
1.0086728764493795
0.5893053223602738
0.9458555178970263
-0.14939999684818184
-0.471340706495576
-0.6549384346442851
-0.6002170771608796
1.668500621161434
1.6525506108833967
-0.7799610289843597
0.11825929750082921
-1.3572857925837492
-1.3710343538870708
0.8442153943525117
-0.5251421647979733
1.2992393366033805
-1.6820575167586271
-0.9395317482227911
0.9418676602876083
0.6767412236227526
-0.9908944331834038
-0.4653024957218159
-0.8875021674872782
0.7426346684165706
0.47083501539927824
-0.054107620609069
-0.8861617474198806
1.4369261847479902
-1.3877926342016569
1.5571206801651798
-0.8675463539864701
1.1969655866643316
-1.1989712428547237
1.837220520001129
0.5530042611398472
1.9471592630114936
1.409002663842123
-0.006093537089441381
1.2062042573958525
-0.2906445872835908
0.21887864715344219
-0.20509535718780075
-0.8032881574710468
0.5009572922407393
-0.1698357818193323
1.0451495844171432
1.2501675775081564
0.5970035723797841
0.30108074048730366
-1.0400612236646227
0.9416251517235186
0.0453647649330505
0.7071476352337093
-0.9295102521113086
0.05632117644236916
1.3949764626055763
0.9143848286158803
-0.011060361827891725
0.9225217689549394
-0.09193914185650465
1.387442228397825
-0.10808483942012001
-0.6291436154717778
0.7605185425592121
0.13423075968611686
0.6485569319011281
0.5574459707034258
2.6687781721858994
0.7837581774359154
-0.9278291317782494
1.4620884772401663
1.1264023369842533
-0.32847232473704385
0.7057163377433939
0.732019902241348
0.16457952351422694
0.7043501093732286
-1.2933919659927806
-0.11493171226455895
-0.6420793206100605
-2.646723873213676
1.290739406393228
-1.0255572679480993
0.5106149950156527
-1.2838072709916093
1.1757699837791484
1.6746277191382528
0.340451276192128
-0.5425824936482552
0.21500950202746894
0.3567302722705527
3.4389146458186084
-0.5179887028917386
-1.1630406821492127
-0.11664703718336086
0.4950173358944606
-0.38065705484309015
-1.115689707617631
2.061746980990616
1.0666070171686293
1.2273026509623257
1.633225616236011
0.0960000911343079
1.0873421580456557
0.6740893137257742
1.2014433890018428
-0.0587456230909399
-0.27921755459101627
-0.16252293012177163
2.5397684180075686
1.761511319581843
0.6094252593207328
1.287771484208455
0.6310438085744441
0.3119562975675363
-0.06624817065349425
0.20882597247492923
-0.3093294552944243
-0.684243507170093
0.5218484502188324
-0.0802851798775055
-0.46598556571788136
2.9742794842568325
0.36625380771745086
0.777155101104698
0.6482331010529729
0.6021784084841654
-1.8134808412086223
2.0648460127607566
1.1378120265901939
0.15445825164837323
-1.2555843237885136
1.8161028318062833
0.7721766272064019
2.009350468408075
-1.3707611765339625
-1.2695741888489642
-0.4011314910053689
-0.10332074563409513
0.8104044033735208
0.40004941954512346
-1.1526445269747387
1.1953234444191978
0.10558027484384742
2.3734396966030062
0.9491857767462302
0.7519697327858222
1.3518298240330489
0.370708661435939
0.7049253467474881
1.2577946221661862
3.655819420325966
0.4910034178469849
-0.4855137642531677
-0.27121263275064345
0.5173017870808776
0.9886659706694526
-0.7886324357032505
1.2375918400252295
-0.01630814962264182
0.5464905692000024
2.123023149537038
-0.27014688001274717
0.184754839947276
1.4040041038308646
-0.7831891760707392
-0.5110212712931642
1.1607098967961749
2.2554883751085124
-1.7854475501546787
0.1766175942200447
-0.500617467263346
0.2024733820030726
1.1121161676234932
-2.3782109306839088
-0.5057461250963854
0.492222304970961
0.7678677124326918
1.985435369286789
0.2851274265393372
-0.349243770757479
0.37448882278558
0.6786259158673436
-0.28957476088204354
1.3529651935805165
-0.7098522091630581
-2.003999936924039
0.7905071115084185
-0.9908856484276543
0.21014889705309475
1.3492613126523052
0.5236525198643607
-0.3486279261897837
1.0155013854380162
1.7531323948013746
0.05941403740350421
1.6465247435855068
1.4199194312495766
1.504583394812614
1.2194865553222798
-0.4701469870633158
-0.09437239591720321
3.8475085449346103
-0.18137386668328234
-0.028885010598920097
1.5220682633859028
-0.0495347100539192
-0.6168302522200826
-1.8473208652315019
-0.8107005557523236
-0.8970319485086042
-0.0328099780294666
-0.06491585429354454
0.3296121871892831
0.7657797388980053
0.3143341944522762
0.154212661352557
0.4085007761070813
0.20225505815062866
2.051854864037934
0.9501573822752349
0.8148054184709361
0.04330139942684562
0.21823763777005545
0.6122108204190548
0.5810890571635918
0.26766690559099027
0.9789189350735249
-0.3025007665295231
1.153592000428607
1.5796485444479096
-0.22635169812273773
-0.44079738689537684
-0.1719864627182799
0.3154620178386275
0.7982133192221026
0.30556373338433834
0.7634262177605479
-0.03997193786595996
0.7522235301644506
-0.6824998118266359
-0.3488424158808899
1.326801489305527
0.9863383607203332
-0.6947301394219896
-0.5914780898330927
-0.21328234809948426
0.5072334364356922
0.08778102310169536
0.18969926728380276
0.5463790340498099
1.9112435764911082
-0.04175779185924708
1.159655847579489
1.139326909432706
-0.11712973565592291
2.7023489007370967
0.7871185314338189
0.29933022564208
-0.08556181353287795
0.714593236136999
-0.6878005773141558
-0.4501069119319837
1.0089733067789626
-0.8127353798623278
1.4374290790171222
-1.6383897029763206
1.7823622951279359
-0.6105413905458438
1.8779158741451298
0.8511740068550167
0.1742801422304201
-1.070449600615014
1.4676851329033873
0.3529939755784602
1.1633147584273993
0.6865401067973409
-0.10429117269715638
-1.2190427207552137
-0.36866539172508733
1.0273389287648222
-0.6439153653055937
-0.8506374246781198
-0.2492956780150009
-1.1865435286781867
1.1309761314158273
2.2588111523786916
0.9895348255829189
0.589479438523231
1.1890380381741883
-1.3161115653240587
0.6334754527331509
0.17365029475359844
0.09089698917995148
0.7641920337499384
0.13160091148071182
0.13401470362568949
0.5303432090310627
0.10321475725932004
-1.8881629116127856
0.9469666165938898
2.597264780371131
-0.08733304892146761
0.102013923883225
0.620125349506482
0.08317910401850423
-0.41937223414716734
1.4644802495474085
1.2451295007606449
0.5319998328974749
1.1866667391013277
-0.08932565287399484
0.8896583521768343
1.0569896495948363
0.45174375709221803
-0.6113155631166755
2.1371013687132447
1.7130200243691043
1.4047357395339641
-1.4366601722293
-0.42788116692982003
-0.4372569918223274
0.13049444514519426
-0.01298050697816798
0.8609901832957202
1.8736612976180544
-0.08322615384503645
-0.05543884212608871
0.855856384711416
-1.791615283721502
0.7932133625063891
1.3406384047424773
0.19005997033866973
-0.7069941201534228
-0.5074984381636568
-0.46425844753513174
0.08703785092836581
-0.47784741468854575
-1.3479498688981435
0.21440669052607375
-0.4423253353045929
0.653904294768964
-1.4771672114042909
0.6155925878811008
1.5157546925209793
0.3443225068278626
-0.9806419293424096
-0.19953975396228488
-0.07893460497396823
-0.12171056972970805
1.0015907024533006
-0.6475959656435242
0.10062274943040662
-0.9404022978344377
0.38753394179804806
0.3117406800535887
-0.683194182497142
1.0532311716125524
-2.1312713029904837
-0.13651127438702013
1.7770003238533705
2.523738949298994
-0.021171362560880945
-1.5145632474668125
-1.0817576406734077
0.5752979811445081
-0.9498317060581887
1.0954135248827892
-0.3237756077728328
0.203891441455466
-0.8020695573441402
-2.0696954026069676
1.6039575152762329
2.489910949279902
0.3745879134833091
1.6620268728445737
0.15220907246631893
0.95203881372045
-0.3170824198518568
1.1233210132935247
-0.7817686880005404
0.9195468353993984
-2.300131391998755
0.9690303040010405
-0.1817674829715779
-0.3035373934467468
-0.9259976120816251
-1.659382825272062
-1.742404610543735
1.1042414031668428
-1.43246321793018
0.10488999227633926
1.777850754406849
-0.5652695319047296
1.9230290094267384
-1.085941665105617
1.2960338082392313
0.570768656625078
0.5199164830042357
-0.2284029355663283
-0.612210189637312
0.5422245476448351
-0.35522417705734516
-0.44915602943092103
2.8823831752755513
-1.1199498894353925
0.6286575778863321
0.3265063620044744
0.8527065508064134
0.034469443557761714
-0.19629672114370794
1.1076681724196185
1.398830030855129
2.7822338733084155
-0.5863314681131717
-0.450749318281906
-0.9812023999192518
2.2327173245394873
0.44541008457303205
1.3937243492525435
1.025108246613569
0.15496931860940624
-1.4410336375585635
-1.5700681631087303
2.048030148587962
-0.28938244699695137
-0.38207115615411413
-1.4335337434444122
0.09579334151108133
0.5466434433614468
-0.2958675351643173
-1.1236831729697094
1.3169140450866805
0.967006020552455
0.0034932925871690446
0.7055097806087225
-0.1066047027667498
2.344052635543048
-0.7911700607029238
-0.9209697896237863
-0.5449382760066411
1.6434167689126125
0.44720697402755766
0.7056315181587212
-0.5042604703098743
-1.036211993732524
-1.7276246230375942
1.7013287487190258
-0.6726827219192189
-0.6840736172967509
-1.2049691607533897
-1.7789944893101697
1.0533802036463293
0.8917708190106928
1.6176587782408614
0.320430499344148
0.4914367957085428
0.5981556268246715
-2.021861704846242
0.31127136689178175
0.5079978360802598
0.2381374049501126
-1.8842293962650547
1.0769268953456492
-0.7876464591394188
-0.2177899559050682
-0.6314850472529389
-1.963066010393748
-0.58072845611373
2.300220557044201
1.1547689788907471
0.8582539330435169
0.5899222755129441
0.8247621720989539
2.0527072587765796
-0.802393490183362
-0.22777460975746838
0.04653333374706098
1.8059575230725062
-0.4178153841042581
1.583743785250162
-0.9988800251941765
1.3969078158930028
1.867901427490805
1.6875273803470185
-0.7981404601879907
-0.5782532483342813
2.3241271042263083
-0.4311460101068651
1.3022522323926942
0.7302393987178201
0.18407125116223208
-0.19514547642059654
0.8402653381281673
-0.7595148407150744
1.1265866484763092
0.8821967459686132
0.44444586838038874
-0.341355683298347
1.1359749087723348
-0.4396800333767082
-1.0074098083137257
0.963124055216167
-0.3701154610624157
-0.0576407075039048
0.7540764258058132
-0.3837870056342872
0.06005947919743476
0.19921729971965463
-0.07018492012192576
-0.30518375972207995
-0.12043297842472615
0.6081807094668952
0.15319345493471664
-0.551883568204462
0.6513852823061551
0.21108898939776627
0.6202187193491913
0.5732490606277059
-0.9435731729724721
-0.9618623393999225
1.6930153644084276
0.546931302809405
-0.7366624479049653
0.17037122426635518
0.8348459756470359
-1.0768562616016575
0.8871844644184659
0.015984016425348302
0.050243507936783685
-1.234026174869605
0.21256496903974764
1.319875000658634
-1.0942926156019634
-1.2007955999228463
-0.13021953108230408
1.6293672411719198
1.5325597373512359
-0.17107687841702135
0.351486148933141
-1.5697345032247338
2.0462231797041466
-0.6191316390542576
-1.1559959016108172
-1.2815139649167744
0.41266549504222566
0.04390793238002419
1.463552029214433
-0.5645062592490514
-0.8866700527732888
-0.32096133001564087
1.2724193445594278
1.8188206308083192
1.2313239929023414
0.5512593187733871
-2.220728799649642
0.5354744638100231
-0.4987862004175801
-0.1412799795284033
2.2552015109595627
0.6234314389117692
0.11821954691716365
-0.5827275591089092
2.679305558056981
-1.3275524278191355
0.27490471752699414
-0.2589533942359631
0.0473025197493419
0.32517067054202503
1.7235621775427996
-0.8311819053410512
0.764427163426967
-0.5488607746179186
-0.18390147045540628
0.8208679388200663
1.3386780442160917
0.251914276107128
-0.08395234021583142
1.9871350185002277
-1.5398576859258095
-0.3111512722879538
-1.0598696306277018
-0.8048367772976178
1.6293218839371189
-0.8353586076328409
2.183453644803095
0.8785140397684462
-0.17277880471630122
0.9056936004514993
-0.9493186336018319
-0.6173861558891403
-0.7697684554965699
-1.358524420226524
-0.015898873672631396
5.957494859503143E-4
0.45716619931595215
-0.2029115268674516
-0.25452968315124547
1.0409069355589755
1.019433427279597
-0.023319054953567786
0.564204969339585
0.6121036881977132
-0.14624812380117763
0.47909340805311007
-0.4564217301346125
1.0429305307784014
1.75474639475336
-0.6048772168427661
1.396457239571052
1.700177349592101
1.453960484848989
0.564408833984807
0.9239412826105493
1.5471868462466296
3.1405240580411498
-0.4371613581770968
1.100977586623468
2.2184672875746054
0.0149018909651817
2.1150565526698126
1.7649453641189663
-0.02278168517684172
0.8960375770534112
1.0402468789732087
1.2666433232795662
-0.06389932751054644
2.656164742717551
0.4337784854172877
1.3912903637611467
0.8562202959559132
-0.5345607157630168
-0.1444158705149715
0.7273194901929907
-0.3367006263856721
0.1655778967113744
2.589712067696299
0.20442187075985727
1.5699776536221093
0.2494722649011163
1.6642118070344643
-0.20906385733898913
-0.8100252857953909
0.4964945200414736
-0.2347117450741133
1.0881409059848528
0.29127745244663755
0.2766330671495008
1.297341473810726
-1.1441631851546428
0.218918845863419
1.3143282010343307
0.08015890757970341
0.6867582717548911
-0.21556586778462983
-1.0985174449265187
1.160293998222731
-2.012037345707437
0.4853454054440055
0.4057049491026045
1.2246862203200393
-0.508202875286089
-0.5187587077304409
1.5423754559552967
1.8775379675212003
0.7686252509243717
1.3526090289320438
-0.07634397408643379
-0.0998217197090208
-0.7087351453630666
-0.034979490025812236
-0.7447973131891763
1.4054448002180318
-1.3990710627540812
-0.8312862633906186
1.795922174546377
-0.31955280168229155
0.6896339473459067
-0.10095330118160961
0.6916714348761324
2.1212765914782747
-0.4128044723598615
1.1985168796951327
-0.19382866920495762
-1.2883705646301846
-1.7490841237213717
0.033594025872838405
-0.33402376376395176
-0.050397100800526666
0.40214789844666843
-0.8460794495759247
0.33572336940372494
-0.7459888735854038
1.210046757061859
0.18027487709123166
0.040682692174665205
-1.256875512257527
0.749342875551825
-0.08316856833346456
-0.6549264811749793
0.563656632049674
0.30357178245714045
-1.198777704960377
-0.11636155184954003
-0.5227086369303553
-1.7107424608642672
-0.6637250760256962
0.9873386912694955
-2.2752146107048445
0.8518250128058752
-0.00816917268265982
2.2895679656609706
-1.657964638263578
-1.1181596014678523
0.2200643197287016
-0.565989570073482
-0.5941748878279425
1.0317350764601154
1.340015742022626
1.329613487270987
0.9651004267042537
0.43050274178589987
0.6807975086445356
-0.7791195095138561
0.8918492418295915
0.568691312269552
1.46645342723487
-0.004464981539422888
0.5263732519022913
-0.12757361165208705
0.0015888101090913431
0.9074481637029481
0.20559613247732988
1.1451298036546584
1.338496628056358
-0.09563603673799206
-0.324197013773902
-0.29163885778275267
3.049535884714898
0.8709525563489412
1.747411539938845
0.761144735289569
0.6272474566958028
-0.18979510457359827
-0.15920396441671433
-0.8941281397191195
1.2475157022587973
0.12474875096187803
-0.4192836436594118
1.1767005984348433
2.553398367943459
-0.040482812824731845
0.036781315705774795
0.8236941663303199
0.33225471382299515
1.7299565705169804
0.9109952392597989
1.4855510311636655
0.5177223332399571
0.8317938960084995
1.5125679993213748
0.29070839618899547
-0.6111640076856408
0.47851058791662116
-1.2231879709382483
-0.11814251090905142
-2.159201655582626
2.1457969129218313
-0.23052214956665615
1.3648038071426645
-1.0181253219216444
-0.1026883760474027
3.2396950555536947
0.5934179266607411
0.49474407719533564
1.1451488783232489
0.6672020624282715
0.18654952204658448
-1.5568217935934971
0.5752279501223316
-0.7358119492686854
1.070504335159541
-1.9137666394064445
0.8404749684186827
-0.4395309930870575
-1.2541468544076138
-1.2784207037802846
-2.984095976600141
-0.827620804677576
0.5143015742239403
0.04970438371008351
0.5823149108579021
0.008266317565537827
0.781616871701408
0.6287244665937979
-1.0068920474964873
-0.20996053464895326
0.6501804045794178
0.3741413318179052
1.2464530847917668
0.7790985535386601
2.619610644118636
1.0244634260875691
-0.8799446808029001
-0.7248560013100482
-0.007932874360444014
-1.1187491356727104
1.350269394991826
0.8187061188203913
-0.01072430969551963
1.3987676227277386
-1.291966377202515
0.17097904600662592
0.29543838387431137
0.07003859346098248
-1.5305445993925881
-0.00897066710744543
-0.6925931620618432
-0.4373907286740126
1.0007437672013324
-0.04270973120306258
0.7963538240516126
0.6764835720379001
-0.6559342879419554
1.3173827849557078
-0.045282996284450275
0.9844492559596612
1.4412295691482546
0.4999588306595037
0.4525779601147393
0.06471894075975515
-0.09456767309685982
0.5856751969584233
1.182940380615587
0.33875084834463065
0.25648254929076414
0.8343517466717774
0.2420596918381827
1.9208261462806595
-0.09901430520896812
0.7984474066249646
0.31306829154468907
1.4017177808840064
1.5941294065976128
-0.5559725235238028
0.5857658760576011
1.4285059863111431
1.6772826076158354
0.40695686380249985
-1.5457419478062788
1.5308290649259308
1.4289041612733313
0.5947059312150897
-2.2410128861726974
0.15775093335971319
-0.6546464822123417
0.08631066549308096
-0.11785405030897947
1.6223932261533254
1.936731367929804
-0.14674416041028437
-0.2690277337617491
0.27639349702023536
0.13431586709095295
-0.30667536921538374
0.9951217284670565
-0.9017928476342422
1.1525212703220384
1.9344994693296473
0.8491789030213583
0.6000318318971437
2.0141065391170443
1.9218165981562199
-0.7151241075152767
0.19659716545070963
-0.23339772508213447
1.1705301414055476
0.3182015683660778
0.17303968981809292
2.0725868122578155
0.5756587946242178
2.2846946027432713
-0.19501339016493335
1.4133703305226533
0.14762435154681253
0.26717802431211674
-1.1513895760452106
0.8640425016531792
0.8128233415674081
0.5650642474253665
0.49801720121440396
-0.4351570278116901
-0.7998541522768312
-0.3659952289430746
-0.9772537872004283
0.061150889537825034
-0.621535061881684
-1.657347798900635
-0.03643060441168161
0.3252943087704577
-1.3866863875961373
1.1521080258138594
0.8264620774605959
-0.08533842019203637
1.2847067053634798
0.48906836505855383
0.03776218538276941
-1.2913322245337482
0.8032716696946369
-0.268322876772976
0.36173773955305877
-1.503665439593176
0.12096787676747812
0.5188546779139075
0.5478550479965069
0.5452488069561999
0.6646892944251819
1.8126464788493344
1.719254070322762
-0.13637951343318194
-0.570450395966443
1.4934864162068766
0.7839395570021351
-0.5274215114313913
-0.24095716616434398
0.9330978956651829
-1.0849051742704452
1.369822118553515
0.1547305850504664
0.5042013637054266
1.3566085803095258
-1.6074124258698097
0.011229791734068878
-1.4475356626259046
-1.1593825127997277
-0.30757823880154955
0.5595959303147369
0.1105117820081082
0.16575609088546578
0.5124490726620518
-1.0553601611895458
2.426971740489412
-0.1360394341519075
-0.8784076038531192
-0.6602400620478301
-0.8283502680606877
-0.6869083724858056
-1.5015399624406842
0.7560892506363862
0.13400731902080665
-0.7724163367281176
1.9026467429812177
1.1663784808035638
0.3459073479195353
0.4956422569305653
-0.46652979443942905
-0.2127699779430223
-0.6214835839112256
0.6378173340090287
2.0176028614068815
1.7968311624207798
0.1661526289396582
1.5757792030035935
0.8944726999453859
-0.7114680787664703
-1.0240452107146554
-0.9284762375382556
-0.28346255318473346
-0.42045033737711834
-1.0016388430090317
-0.14134469243128683
-0.35928292238252163
0.5539777910807135
0.2691714779800536
-0.2459096137592932
-1.343032232797181
-0.8984950042557456
-0.8427492327684805
0.4003134520434879
0.4033607381267759
0.2868573604160759
-0.7638822613247158
1.082219068253423
-0.6473387733497847
-0.13942292023162953
0.19584216868488188
0.5510017372338518
2.8582014794812722
0.33329899319313433
-1.655465664144103
0.902833387118752
0.40707858681724496
1.1984811450666855
-0.8353031953350588
1.384016671767538
-1.5842098920767003
0.3948199977129854
-0.06336320345814497
0.913826265533807
2.1086153087479427
0.607484922081383
0.5870894444815582
0.2095574913551155
0.6829093240262756
1.799233785737677
-1.46390344464589
-0.12996849817312078
0.8828531405285466
1.83690077403213
0.04459194083138257
0.959861108333352
-0.9682323202433052
-1.6352027210673463
1.2954037072947553
0.4376802433421427
1.004847061966713
0.6659814347029995
2.116206497186646
-2.055928136095694
-1.3648486717633346
0.24874828674765312
0.9677943048421859
0.9341580309521007
-0.08103691976485089
-0.7655866611050255
0.3559440909912167
0.35873420637421705
0.20731221396157468
-0.530960060983185
0.22143908910245905
-1.1070369137486928
0.14598418747743958
0.37994831896856285
-1.355764310970202
1.6378422294227386
0.35169748031841463
0.8835526225032247
-0.8871483962901997
-0.8027643395227588
-0.4568417643874012
0.24025963429389308
0.4240273339445735
1.024072579173913
-1.057664978804867
0.4968464166222554
-0.5704569427317596
-1.0424262317587378
1.161824477545445
0.263035898469714
-0.28396969870734856
2.553413995688677
0.8266259823014337
1.026982542453729
0.13431722324533685
1.3166646889340647
-0.6988381332750321
-1.348764978110813
-0.37517283173090016
-0.43316718620769157
0.0725769406382679
2.838782727695179
-1.0697795889814306
-0.377507671650404
0.7810841657058576
0.03394973462844934
0.2523733908996686
0.6103662128602793
0.4769259009004394
-1.4143010244174006
0.5961720715538362
0.6406929717982519
1.4287896996503608
0.31522900774296747
0.44261336620846636
1.1284953383780874
0.22453723422761077
0.7877494960250718
3.3832409444501996
-1.3255478582090798
1.3138287442234597
-1.229510703590707
-0.43417228947504405
-0.8814970562186561
2.2685224469689866
1.3959117289167768
-1.6222442778641688
-0.17939738376907471
-0.6039462091923113
-0.07819848936366271
2.1893790265865003
-0.7459708322774418
-2.1637455056876465
0.6299265214005294
-0.013224184098662488
-0.7147654664268974
0.5798309255024003
1.9425871914625767
0.7306178695253325
1.0230092000674171
0.17685602008922258
0.39379522660243044
0.4097016859821056
-0.905428063268384
1.606462608152033
-1.6631153759147874
-3.220687853738079
-1.885675866682044
-1.5187347085047036
0.3091040011494934
1.5305853109964376
-1.2149248706439544
0.4967001827391256
2.188177797641716
1.1938885637851733
1.0443670286877345
-1.2554841469531666
-0.09259412825112749
0.4463036993006661
1.1802861246502054
-0.21975728560072672
1.2255578310068358
0.7854173457981286
-0.26461226936115245
0.9187957003095953
0.10421666448138474
-0.25922867488366935
1.0672860926688594
0.5825065751557542
-0.0089954345001403
0.944633886219696
-0.35028366993219406
0.3890870531495909
0.479635978169359
1.5322316642061657
1.3764682707501108
0.5767562557945537
0.38920235667353226
0.07664232780624444
0.8501817075181325
0.2376649040412827
0.46013849219033953
0.6797734681691134
2.183602147672229
0.7449954400091037
-0.3618118090306679
-0.2836957808562313
0.24008040471460818
0.789014847125331
0.2354480141926626
0.26085198246693475
-0.1891533764447253
0.7106240676471309
-1.8025051992813346
0.8056487466858966
0.9200030107216618
0.20662725693852077
0.6023665128501074
1.3416704601434162
1.8828764988145992
1.0512349576671915
1.1181611922954489
-1.2670964150414958
1.0264806389656318
0.6307729602842347
0.3567725302339926
1.3614062906791384
0.6075008199552543
1.789983626472899
0.48588426306409416
0.43721179872996996
1.3994195759547121
0.635187560031483
0.2316681834224546
1.1233486565501791
0.9339214673296848
0.5637711643036012
0.07791234458937545
-0.6542356477941591
5
2.4125241622074296
-1.5642811751297316
-0.18498830212209622
1.4979612026145945
0.6040458854483659
-1.0232149487397557
-0.0698386063032425
-0.6334495265483004
-2.1827694560295763
-0.009442241584706754
-0.035539032592529274
1.2978117707935164
2.609953866246807
0.9252947384698573
-1.4689689774934096
-0.39342610606019984
2.6599436800917693
-0.5891819452874787
0.9620668696796375
0.006889125309354843
3.7917686520757354
-0.13932241076499763
0.7486614363033184
1.7813974339415946
0.4394559903109473
-1.1047945365588998
-1.3324660615092077
-1.4963126579959043
-0.5968075465050845
-1.45796829082405
0.35498802560010945
0.4006478661974653
2.0181515424990217
2.4503618923785777
1.6970293947015105
-1.9689441085082897
0.14394400347126002
2.7474635400585994
-1.5549119814815298
0.5374579391366765
-0.5784838200310155
2.2216680506324074
0.10260794137224893
0.6035691051894878
-0.07433518799131761
-0.7051408729756136
1.0556992053696772
0.09269944224036902
0.3340965754803608
-1.5924371401782615
-1.7795159674829661
-0.509244702840449
0.06090294410183804
2.4506157129497237
2.618885439277588
1.4497487897604184
-1.6427895445570164
1.1212492170003332
3.3581649619772476
-0.2765046567019513
0.4203274996498013
-0.5882425793434458
3.362633588926518
0.703471769556039
-0.1875819077277053
0.8427962830068714
-0.6118755431667632
0.3506289193270623
-0.2053638188131196
0.6624756726191243
-1.133373964654336
0.13148427505498936
-0.18047318794878023
-1.704046369715675
2.9201941805027163
2.601902385176288
1.9245777659863663
-2.036220880082721
-0.8875288464389852
5.460571405101059
-1.7790403002392985
0.28112319177669237
-0.08502661252237681
2.6545920217256866
0.7934845472263448
-2.028822771620039
0.7364259703358678
1.5497214303173743
-1.39056922149173
-1.4068308125015339
1.818180928315377
0.03315812983498529
-1.8396443844649577
-1.7056564292755907
0.332653747302619
2.7413639140141908
3.024804316818697
0.8868647802642587
0.42971569970634604
0.8843599536573616
2.6836013062807766
-1.4460462402581797
2.934102005123748
-0.5166879248739947
1.9506355406367528
1.49292738683825
0.7798140308820781
-0.4965247906540611
0.18480369688431078
0.056115124367295016
1
-10.231830395008517
-12.136013990186681
-11.459476001384015
-13.124454746609548
-12.087847433182544
1.0924979084357362
80
3
16
-1.463168642081287
-0.4507379784198823
-1.9884965568498982
0.492915951090768
-1.3667274453659486
0.6336984884466078
-1.132221411721763
0.6563806761356284
0.6149037947899728
0.27045508596875134
1.3079681981575604
-1.8505986934441216
-0.3661585283584562
0.34375930843427693
0.6814854546149102
0.292539246855599
-0.030207490831213102
-0.3429932927277543
0.1061693590218943
-0.7096076991314849
-0.11208392303478594
-0.36791243432239484
-1.7941461274706922
-1.101478130573655
-0.33071512016441995
-1.0787393961644072
-0.6551152059054389
-2.0211459872085786
1.7677308339600029
0.4953360524947385
-1.6447440799591082
0.409332792804195
-1.1023168079041679
0.1801534034271887
-0.7141864650288599
0.2874894271369169
0.4386635515499945
1.232876155074023
-1.675545035039123
0.46245128398785007
0.7283500379779229
0.6187037169556382
-0.6089760804210951
-2.0715321774236544
-0.8370763208700333
0.20213756020958312
-0.9146733577113713
-0.7007388067497946
-1.655726038171243
-0.5432127743283263
0.27355124352776683
-0.557016504636025
-2.965869112799278
0.6376396207421854
-0.4282268291355615
-2.0327340128007445
0.403478388160148
0.36458133161239914
0.673793091610911
-1.4634721991606865
2.445081570249352
-0.7783502199110208
0.7746759129214006
0.45049224058171516
-0.2694415376388165
-0.845525370410424
-1.425139322130532
-0.7571639011104442
0.617642640251533
0.4630080970886818
-1.3288569911220094
-1.451404127312459
0.6959945620452533
-1.5367890568717975
-0.8967256114469329
0.0774132523428807
0.9800999094428917
1.8493846530712252
-1.371237522033332
0.1935364878086296
0.5862640418692703
-0.9012413569258467
1.4475727621114896
-1.5576990834482307
-0.20281475064570223
1.6951254468704193
-0.9473972572835685
1.1112815821648783
0.209869595598704
1.478524301061345
-1.6502611662452784
-0.14874915111886633
0.2981795840994059
-0.2161500007120581
0.4467217401917415
0.6665166840834751
-0.5911742923566772
0.32337828315637723
-0.8984685903052976
2.110318963469799
1.4913446799423238
-0.3061662168743037
0.08692828183881868
0.7272338201217023
1.9778023565861973
1.5580954892307046
2.9181155747884615
0.2613444984987155
0.3539593894671308
-0.48072740743516906
0.9210706700922451
0.8905937282884906
0.14995295050710225
-0.05398384223601329
1.9919622475740042
-0.19430936518225467
1.568729843957767
1.1772879769525015
-0.7326490445587533
-0.3964401122270784
1.3306371148323262
0.43474376501515705
3.1202336233551304
0.27925195171728595
-0.6199647103946608
-0.48550562274933956
1.3801917605544844
1.3964030555977487
-0.22523397805313475
1.0058275634641982
1.9478823197479056
-0.8463044815174896
-0.3392910207137876
-1.8053863485079615
0.4277038873740873
0.6927667752678587
-0.4001462139511473
-0.6202256017617959
-1.6575143368047074
-0.3351072566048576
1.3557342055779247
-0.028498676867709304
-0.26150776898876293
-0.34243434560923697
0.6082107205332147
1.0571464248356057
-0.302185370036391
1.081304962284546
-3.288900163326146
-0.08462973084920411
0.3998464969366956
3.6274014485871584
1.6075851396632084
-1.5630642513114554
-0.4065417300177759
1.410161882673563
-1.5276835980742536
0.8460938374348963
-0.8435634563889681
0.299536783594759
-1.060953628395748
-0.05841361070559561
0.779491800997282
-1.2416888187437298
-0.6409702840160478
0.839129090574626
-1.6321994938570854
-0.21257132963075823
-2.905105450936949
1.063115617191941
-0.6355939549073456
-0.1603375544676418
-0.3540506748107722
1.8063039898585445
2.470337659146559
-2.0820606063025426
-0.8314780055848627
-0.24256021108352077
-0.7025367739815105
-0.6338212964990749
1.816643794222807
2.0656407726824333
-0.4818240492636042
-2.1138139365433193
0.3698589635297343
0.7291012888412461
0.25718256883529184
-0.3121646067028846
-1.5348721100162284
0.684652002769237
0.2018919585524363
0.6816668931514516
-2.576135649079656
0.899098096037453
-1.6088900900636764
-0.29753289043004744
-1.9668573078882936
0.7455565509217633
2.122401177985345
0.38124522276901257
-0.2627541518193619
1.1153094693042793
0.17989756431143064
0.7599061506002815
-3.775847428486396
0.17971191293806996
1.176983487300175
0.4191543388200945
1.9922183215848315
0.880761252346311
0.7544626854490566
0.8803778365805914
0.8323175590766139
-1.8190327953594794
1.3629668620501623
-1.2189205334241868
-2.2089765992507093
0.4092286427815899
1.3485479730678256
-0.0963133767772569
-0.4618110718205161
-1.8474592665447973
0.37619748725680846
1.6920489530488485
2.959657020833937
-0.006126975662305634
-0.6106819939715833
1.501058405494875
-2.05687496746358
2.8868010556720995
1.7354314357044125
2.3406777452003116
-1.1117251586648464
-0.17711860839089294
0.8284341233280789
0.8067731441316807
1.896120079602466
-0.4634143528875044
1.0082104727339882
-1.1310453878632987
0.43196975376905083
0.7104141432806944
0.9016028245917488
-1.2391143062748913
-2.7617153396399834
0.7100235672830761
-0.7169041821275024
1.180984400651581
-0.7710804573270582
-3.1514954572666407
0.11337216886775614
-2.3643399291903022
-0.6012048357314796
0.20868792356345092
0.3651244047009231
-0.04600249766462017
-0.13892704158216213
0.48170855023761205
0.5262425154258039
1.717888436486993
-0.958363280658343
0.7776612932826237
-0.47043438272600085
-0.02155902826604076
-1.2529857714611106
0.2728858342815295
-0.004186799723570361
-0.7739298542563094
0.011896101914328522
-1.3462186265248892
-1.9896262419515112
-1.0932206105577882
0.2846929786215486
0.47161736355705525
-1.1238959258508097
-0.5918326705302231
-0.8052874767573455
0.7405270430119331
-2.1537743388777715
0.5434253278621894
2.2727260500524205
0.12873743691545764
-0.6368465943132467
-0.2479574120458785
0.13533547452268407
0.7793277862924601
-0.5787203224285777
-1.9634101268791966
0.3422042286347086
0.609353573408389
0.007080915280530068
-0.9094793092474392
0.8941248849131753
0.7392040526682068
0.8361123423630612
-0.8362259024911738
0.07085811152669799
0.9718419260174455
1.8040010960554664
-1.9921005184963874
0.8179206019938307
1.1786098058219976
0.6262465405546348
0.29459825731093797
1.111690883089115
-0.8023076549980123
0.9379350398797505
1.0655758169043077
0.2585225412531467
-0.9300513297063889
-1.1480496337892188
1.155386630563457
-0.9937292068539293
-0.807593040894768
-1.7434712517007531
-0.019595796419721066
-2.045073378330165
1.4968819598079357
0.7956823013185063
0.27809665521077576
0.5149538212895601
0.39951726613991245
1.3447912961902586
0.04644245444426114
1.376452721080089
2.624697469514587
1.1199350359550007
-0.6885236182792063
0.3279276864564913
0.9172958577839104
-1.4986553243396836
1.9319082607831295
-0.6091755484445943
-0.26254181048882225
2.2210059185057602
-0.9771095609227078
0.09380674487546635
0.28838602250954093
-2.2642243589699462
-1.2998515703815887
0.6401423602416668
0.7569783037983596
1.6912016426072518
1.7247908650723918
1.2317770603555602
0.7450963218435382
2.6372608961770636
0.5787669502010293
1.5190413115545818
0.213257641631576
2.059759391315371
1.5182398382774638
0.08910307246747592
0.32493217846655253
0.3775292852615229
-0.8305724047164962
1.617594706868192
0.2690936445411905
1.8234960505363775
-0.7911056020789501
-0.13671396331345032
2.3157826339171406
1.2055392890915626
-0.8713548035900281
-2.587243313664614
-0.9705007653376824
0.9012273236340836
-0.8971652210610214
1.0606983503731313
1.5218276693528068
0.932398461481446
-1.3675463014446008
0.3878349641419919
2.3065273459769933
-2.0277129014844184
0.11376748137583097
1.249898767822254
0.8594132319814805
-0.21739853285873187
0.6108307912968048
-0.9676020005000983
-0.4880560790096591
-1.9849665589373704
0.34981473800433904
1.7595752318675861
0.6290132024988517
1.1132954227209102
-1.8858370211597122
-1.0173406935098888
2.2385424999682053
0.6974331932058475
-1.7168048788351504
2.028263605419447
0.4979372056352287
-0.2842803434805833
-0.9230181235026804
0.11207478769402365
-0.18219279068437452
-0.033845576515436925
-1.1495814632569281
-0.337997355500238
-0.8721346120990203
-0.07441736840099222
-0.8570324442494522
0.5080991259131192
-1.0547004903819348
1.004751399540891
-0.5990957618267592
0.0738556336204407
0.8864245392919872
0.5537738435769458
0.3974983614207212
0.02042818948109984
-0.13999187860998014
1.590525965274081
0.6590532889683262
0.26065755868845153
0.6606736736461378
1.1170207667840337
0.6806321376414184
0.9934255297378116
0.005319805533987143
-0.4185227336679628
1.1942283379969763
1.0138340712023448
-2.6989242049323616
1.540482048222983
-0.78402521946702
-0.16084969391564552
-1.271146369445523
0.6249394998850193
-2.793555303759962
0.42805365431940645
0.4683555361198055
-2.3115713943786824
-1.7103850306493218
0.7356898940305684
-0.8821065014981029
-1.265282769322173
-1.98723698953788
-0.6046162617336053
0.06586826361223845
-0.2108071923771393
0.8755782426856216
1.6685531381425667
-1.4235162914840314
0.5387474672506699
0.9948155210754976
1.0201649464767248
-0.21375671945360675
1.085010911532428
1.0690383679936561
-1.9030643695687635
0.5036198797226703
0.3919834600144342
1.0802250206348227
0.3868456427057806
-0.17265906235039788
2.5495881155639277
-0.5536306289142356
1.2861620481992164
-0.545622806943708
-0.3080677569835586
1.2495848332068014
1.9566578049407688
-0.2538444030705146
1.5066042586597732
-0.5855115539023852
0.02461411408810257
-1.7361602250989623
1.0826520237749495
0.610101905884624
-0.6701522286267529
1.81447419863647
0.6751985221953579
0.08926680263830981
2.366339283107422
-1.1268286301650512
-1.2804244587044697
0.07232031707768075
-0.10294441285323101
-0.17230165433603242
1.4250061326620522
3.009770781657301
-0.17059759531734292
-2.860938167105963
1.1684996466151925
-0.5742564864558231
-1.2722173668204761
-1.6992742644735477
0.8931054229659923
1.3935931389710896
-0.0875441056615939
-2.05287122786142
-0.9828320573383188
-1.1911100430746917
-1.0868668837751003
0.9942488644075317
-0.38435717646316436
3.2200988251813416
-0.4172474323297469
2.0899419082610056
-1.3389715973736895
-1.8801788074198356
2.161489141267957
-1.7291945221350478
1.0418227990297755
1.0197405345605912
-0.07019260063610383
-0.03778986458144885
-2.8693419445368624
-0.258011628496427
-0.09122325871224601
0.25119644885047243
-1.783181929843274
-0.12290012020796737
-2.4450512194025342
-1.1269750745250129
0.14478975351271964
-0.013002152713285198
0.3674728173947213
1.1854120660739067
-0.5036651482151038
0.36385584590757813
0.6044594290684915
1.3244736873108436
0.5017254202612482
-0.0419136322453572
-0.11834474014653809
0.3850708152694897
-0.8647447730216639
1.0061636967162308
-0.04165477733683394
-0.9303141946806828
0.7399633503187011
-2.4060225429477504
-2.1263418611652236
1.1190135725436983
3.880423561721268
1.047216230015625
1.5239215427825854
0.8392844033372769
2.130938941521902
-2.081038088663286
-0.8505357933011349
0.5296511383768792
-0.04867379364247371
-1.7672343104116257
0.015413143041027099
-0.3041216301601823
0.7527937457399284
1.791927575000555
0.9708580293192418
-0.7438693609239396
-0.3082286768977922
-0.0657581230719302
1.3206682886790024
-0.8622991051784293
-0.553060426551852
-0.5149563068407917
-1.0757301705374576
0.42642640123155345
1.5644550622478568
0.16085734576674013
1.443820077699878
-0.20600501507096422
-0.4079683481351646
0.27880121706848
0.44572849226856903
0.48232743182265037
-1.0367942093600149
0.8719512755122591
-2.471097558542149
0.5378393554047675
1.0636274341575935
1.8548258233964041
-0.40077735488010335
1.087282960381023
-0.8695219822548622
-0.1917638748629442
1.2773894849220295
0.11327462845138142
-1.4653428435330074
-0.3778425651349246
-0.3477374716516717
-0.32936673221934726
-0.7395802852499236
0.17146518839092825
0.4513702279187696
-1.0143640657748887
3.4273815809146755
2.588850438744552
-0.1457538645968663
-0.1530947883740918
2.408119417216286
-0.23201385324207371
-0.48505601564015693
-0.32401541094450625
-0.44131182890218656
-0.4823915387940197
-0.4997448760812226
1.1557315721405474
-0.20070230819778664
0.14818705294023088
0.6440228958777626
-1.7935988471141076
-0.33352007122755606
-0.25187009157882434
-0.4152940517310354
1.250549367643098
-0.495904572723132
0.41847947097988086
0.4054435633258944
-2.1528047006200266
-1.067042199442748
-0.2518548427277156
-0.7930636662583057
1.1433093708305226
2.64251031792493
0.22898822799929197
-0.07285160335981919
0.21839739024438898
0.30277572840246114
-0.07607418361927339
-1.0597566804538632
1.93248473901199
0.6951629286421739
-0.3585373453127155
0.6558291338542819
-0.4326623831921463
1.1716755191103208
0.952113150113291
1.9908525901546368
-0.40985508177193086
0.47758619415903214
0.9298702202942257
0.8126321800844248
2.4569753456941847
-0.5967151394598305
0.6474922154793911
-1.5562313051144954
0.2977497439931987
0.774900176830003
1.9426635040738967
2.691437821030261
-0.6745859497957349
0.33532902039588813
-0.7479914961556312
1.6871904018440889
0.28911090857606664
0.07322593272757498
0.7618507947241783
1.6795222694349417
-0.17793674290397907
-0.7966807506755362
-1.3251546977845539
-0.38999651949743763
1.6919430908732482
2.5052252050640975
-0.5884450939745762
-2.2706761543451273
0.022227554134788843
0.5361648504429131
2.2432862073987976
-1.0451313288211979
1.447635679266363
2.8655906449555215
0.4183065799703897
0.5340312269770926
0.8968550764595479
0.7137047156435826
-0.11541060594248712
-1.837723220014115
-0.49941562595280453
2.4713276759749854
0.09400882962358637
-0.6892500397470702
0.6436086945976135
-0.22931356496840605
1.355852440129574
1.5366450963913947
-0.1290418900213204
-0.5580355326571871
-2.551437468561073
-0.9201811115019797
1.0191096145009495
-2.522365682353263
-0.689538161704206
4.365438853486704
-0.7185501363092772
0.7243270459589314
-0.30382473621104694
-1.6653124528754304
0.35589383188871465
-0.3681114122610798
2.127554515031488
0.9197546222148864
-0.9018376809516437
1.3885682479395418
0.4061274405119426
0.3926765438558044
-0.21601525073271124
-1.863858288326758
0.6204921601261321
0.7305627606021742
-0.8541567509118455
1.23329054661869
-0.36764740462747664
-0.28899673032128737
-1.5250231237519534
1.137686004055026
-0.0454096254150193
-1.9145128263130209
0.1157534537879822
1.3893751391141758
1.393850343576357
0.4489920846481411
0.8154754772006094
0.22190167294929625
2.1726783968176426
0.7116121465995688
0.7575909938598376
0.5537481103503448
0.6654180268945596
-1.0892035832551332
0.23003691772456708
0.16556270349226535
1.0620425439568062
-0.900392658057223
-1.3153296922349504
0.3628115790336338
-1.4409635401240912
1.6912138212924472
2.1317551932832135
-2.1479828498027898
-1.1305562455600802
2.985852894914059
0.035613099990835284
1.859926342514893
-1.9871306071358665
-0.9763999045322693
1.8053794490884607
-2.011742489116227
-0.8453186677628043
-0.01893998951144095
1.5985040000477015
0.9764660003453646
-0.364302211627344
-0.8070141643921217
-2.4759348512337125
-1.167495744252303
-1.5145381833143299
-3.340911814801395
-0.6847654883234541
0.6780335711482738
-0.16142372699001287
0.2191480351519791
-1.4659262281174086
-0.14760426619452385
1.0986741929682087
1.2741289305206271
-0.03637901022046424
-0.7310898901764553
1.0604011306172745
-1.2256054448072333
1.7379134667529568
0.7906501740872526
-1.2262538968697936
-0.3611826323607931
-0.7391042939649966
0.95158104665363
-1.3524925250394597
-0.22119158057829735
-0.43183079044160105
1.0486170141251752
1.3845464721063683
-1.070217285894212
-0.9121781773176271
1.0716372132124545
-1.7011024345187666
-1.14981070150245
-0.18398355797390856
0.3241632133654866
0.044402429348819404
-2.1818777428574228
-0.4552492098438954
-0.6455056464708016
-0.2745278650373493
-1.2242957669285908
0.9121596364576205
-1.9453747555371874
-1.263539845382143
1.1979994876597033
2.116748742291113
-0.4415903213973681
0.05229432502657877
-1.603342036889516
1.1826879503448626
-1.5204469019378122
-0.5458035440044697
3.2173904223073166
1.2282712447970863
1.7738998060665578
-1.7624658215370719
-0.8524464395969736
0.996219209202658
-0.5837882125706712
-0.909485107545816
1.7665671098730724
1.5362539204233965
-0.6020773683011618
1.38476654742305
2.5538568181715737
1.1978799140185294
-0.48489752583904616
2.280423504407632
0.10589052807899138
0.016231928420862986
-1.5823409585811015
2.528234564503771
1.070505789090789
-0.0639456611680906
1.3744392368312464
1.5520729580191956
2.576720357474498
-2.178629386235562
1.863881157870719
-0.8249281508611075
1.950040566142551
-0.2439702213537071
-1.6838435357228545
-1.3362154401312338
1.4627665678154536
0.6661787856348178
-0.26251701483000456
1.0600054769429894
-0.3879971693213113
-0.8032775735579081
1.9065519104974387
-0.4417750086379922
0.5367841375322805
2.1786299357665775
1.216006742873604
0.08158829884769153
-0.4895511964552819
-0.8773673539824021
-1.2135168074725804
0.07314803099465897
2.375165156867904
2.4779675481899375
-0.8651791040213798
-1.0202225442551827
-0.9166818748180984
2.103808717504697
-1.2624073210364897
-0.25852400580349016
-0.8762184666276067
0.42179846009708744
-0.977853973471595
-0.9349634929730104
2.5870660433593513
-0.8424933272623119
1.574868953532115
2.0601172038305924
-0.7677907536233753
-0.9293331790999722
-0.41696865109571174
-0.006415034717193624
2.2433926214545967
0.266836296830621
4.33648152844715
-1.8379722484312877
0.4978436989876058
1.5281665780876779
0.9281302803385213
-1.3284760131546762
1.4103572145455119
0.39638063310664784
2.104605867148832
1.4707646658909561
1.4041870927710218
-1.3947745153380926
1.968490197258956
0.1377686743222452
-1.7166231561400365
0.06051987106534438
0.09862636707119335
-1.8783883627709603
-0.7694430431757232
-1.265569285572481
-0.4586507606421637
1.4374181678519098
1.8924687250753642
-1.8332519907768807
-1.0804158292465953
-0.7401899952580706
1.331470751464357
1.273050493919579
0.4751203177897957
0.45910649354027827
1.226582265506469
1.1647492605095735
1.968124992663946
1.5149253279871486
-0.478572617925839
0.5311370471702768
0.39280252516324893
1.2405252690408906
1.5094308567278727
0.36329124018509096
-0.20415187793673326
1.394073383224309
1.1385571558641736
-0.042828460618935145
-1.3786996256355855
0.16757682820351882
1.0376408564335098
-0.6099651634725931
0.5081945841867941
-0.431565380250406
0.8680450710171436
1.0149262896282956
1.6568034333777928
-0.13655917918559793
-0.1017867203980501
-0.7125156134737558
0.7248157773419882
0.29895840087932024
0.16765039868172252
0.7311763950281731
0.6132119862308638
-1.116442864578503
0.1895522180104297
-0.7347147195795497
-1.2215758631415725
-0.3711434251887137
0.9801518879104241
1.3149869019465252
-1.0686719602339383
-0.07239689957270498
0.29919990108875505
-0.18889651072849323
1.3048537356130483
0.5749773534949756
1.123930644171855
0.10303447029789146
-0.6502283531469115
-0.3226166494853678
1.369309656065848
0.8381070799836862
-0.6896783215053092
1.4264532886168566
1.5359243766441866
0.21647623561889445
-0.7831322638709987
-1.2468933510041935
1.307423028342171
-2.022734861080712
0.3490629661623123
0.9899611668572859
0.045071406146270074
-1.5594641150723394
-0.5014021689377447
-0.8524543934987415
-0.9285101959896881
0.22686734839788825
0.36793780885227945
1.65082380839989
0.5606198261633369
-1.7230679573277596
1.1345053716305056
-2.66135554461274
-0.6468515786919443
0.17980116980900157
0.23756157523598811
-0.11151547054415005
-0.8651815847236153
0.31737818707485
-1.0662009448747753
-0.8079239837279261
-0.7251867232473217
-0.7013014930019464
-1.167642921848804
-0.6782124362270351
1.7843075698390665
-0.9378129169508449
-1.9922960404641326
-0.3273744770445103
-0.5414173188917467
-1.612710081352386
-0.9735162550172038
-0.1762772672666581
-1.319959183211198
-0.532765727589007
1.0290465541225056
0.8691764075947669
-2.531530730520332
0.02821174160452311
0.4166079361975358
0.33735906787370284
0.2938259340897466
-2.2506549013712704
-1.8908573183428197
-0.3292921224897904
-1.5820852722063727
-0.0964723751701479
-2.012679584432399
1.3743415220944457
0.347591174584183
0.633543066554195
0.32760175130448516
0.2757583391218536
-1.1762696964048733
-1.8524715993872793
0.6903179131346824
0.5900920325433726
-0.05048291072702072
0.7852671259174875
0.5770235912160608
-0.26482319457226283
1.7509059667005582
-1.2142924232210985
-0.912266659972971
-1.100064937139858
-0.9136314059945464
-0.7748480089707005
2.150959763111075
1.2812471048289307
-0.3710966227166926
-0.4227823537077081
0.7728366837283589
-0.7284168111759058
-0.828522642138003
-0.16583798045270629
1.8740857614323274
0.49319703691545647
-0.4037169018049509
-1.175320569167772
0.16934610152715518
2.0660423744112233
0.6109293925905503
1.8737605497175027
-1.4454853357941804
2.1774247019858297
1.0004368206455612
0.8752970187437122
0.8366605835928486
-1.111461915034662
1.8548563054810219
1.595892266151968
-0.6132696643666682
0.0224966760697404
0.3340764124839337
-1.33575425278856
3.1892211784051447
1.003968624720966
-0.5851298242281131
-0.2481605111808729
-1.1035704355380227
0.6037104130116145
-1.5728111311945334
0.5865002703396323
0.07084226857966358
2.147958281509631
-0.7141520674368967
0.06004499880908496
2.3610755685701075
0.13545651864664165
1.4143939583159786
1.9342155545225785
-0.5164563030054505
1.5364585674627926
0.0014678062023615601
-0.8343795107318541
-1.4738920936380981
0.5675866887252996
0.16229346372006115
0.9434072279244387
0.8858891779355018
-0.41206580205247223
2.5664873699799613
-0.24892324919306819
0.6281852782039912
0.06490639294344946
-0.7283378230742389
-1.6625704553955365
2.0149851072625538
-0.29643632576427226
1.2789587258727582
0.8252982875958943
1.922294946011463
-0.15669957403980794
2.857468628142255
-1.412478080822189
1.3230199664067168
-0.7549953330745767
1.5070433166359294
-0.7459555226803087
-0.6117344965644175
-2.323416550919577
0.4215732167937328
-1.0640729488864973
-0.20750830539498374
0.5146529903675257
0.8157211990297359
-1.295187891136824
1.7635008616557324
-0.829244381195291
0.8191048011009586
-0.39195959664714786
-0.8465708382259152
0.6105741845538659
-1.2989303279215056
0.45553194404039854
0.9923726527849547
0.028430488262533873
2.0552221854077706
-0.9375117341161198
0.4397111478845351
-1.2966395138849527
-0.43643496241992213
0.4298423202852707
0.16761276094767835
0.19739756260269029
-2.5582420478699817
0.46127344081606086
-2.6212284429867037
-0.2706571215219129
1.2327388994459028
0.8637102913621068
-0.7179207129005055
-0.9907439508964596
-1.251052554267454
0.2776736870465397
-1.568439957764685
0.9916892881074809
-0.08833628632694683
2.007854782817417
-1.1389899093550009
-0.8779768008634797
-0.007808088571604359
0.6097834002244884
0.5884104312818612
-2.219576794018109
2.223873465750358
1.5480520628176067
-0.7595372178968278
-0.10917944283166375
1.136050887535679
-2.928518359039019
-0.3679951882236322
-0.911745432207627
-1.0226312249290042
1.2553618337880443
-0.6769054495595065
-1.0747924625459122
-1.0988677638770163
1.874996527943636
-0.5548575338503406
1.6171715043355384
0.6284053247982047
0.8194188337367759
-0.4361984736711716
-0.4253063151785777
-1.4435171156139643
1.0004011227059804
2.8974299814102626
-0.10187492023699204
0.09585967262955743
-1.9943786234975267
1.8843842921627256
-1.2228809234287317
0.6467535207188526
0.11985788607279048
1.2024357333309708
2.9510178621037317
-1.8881314277369348
2.6010052191048847
1.6669624309736573
0.6984978852420225
-1.2129155369002695
0.7103344468800488
-0.08800701817610448
2.5461462880371353
0.43622339069727734
-1.1517411612292345
0.30504295078088756
1.3998831608857298
1.6054030975441242
0.8315974196357048
-1.185203478393784
-0.7360318710296573
1.839378698668013
-0.14290872010241118
2.344115735925986
0.535438007403381
-0.34229239666866257
0.8495023173765589
1.3524539654231453
-0.41807047596511576
0.30886944540041494
1.508400017661869
-2.8447043533200107
2.9473223070785504
0.3484349875684126
-1.3515931618934633
-1.315430570960163
1.4178429775549781
-1.4506577392767106
0.3502384921665035
-1.7452625864657625
0.7640883862270983
0.8599447632420512
1.4876406728127674
1.915414344115354
0.39239663715681244
-0.03850911603364974
2.439549082360961
-0.9907818105418558
1.238936820426221
-0.7602377771785638
1.1566014948575671
0.800332029435945
0.10089130102653596
-1.227109769314808
0.14092212433474954
0.8100151730697946
0.9418264117975097
-1.050848444058945
0.1006621363088334
-0.27374109143406344
0.4908602770057853
-0.5907500011200247
-1.016850766683183
-0.4948871401755849
2.5317742008048887
-0.06522791206246217
0.727406852650668
1.7324838497974395
2.022201908321676
0.9639200406786907
0.2392407495665042
-0.18960688363456152
-1.6303741092234487
-1.084399394922402
-1.1167139213530204
0.40850481075713135
2.822058481281652
1.8872408911221612
0.020785782708113085
-0.05920027084493687
2.208334422975879
0.3407213571895877
1.5417354655717947
-0.9847507803652321
0.6249397034548188
-0.657464213671551
3.536663186835114
0.6318027790738883
1.209720604288776
-0.7540928044236604
-0.6264324471473256
-1.4021270913440864
1.2168138162389532
-1.365533285718309
0.30389421255741306
-0.6422135436905974
-1.1824893760323532
1.4778919925020857
1.684650236388324
1.5541195982008138
-1.5064919011289368
0.284105275666163
0.7281700499219836
1.808625032634341
-2.7769515588406364
0.20422942019799736
-1.200625013411295
1.9496661418977517
0.42759819553363626
0.20726761492907636
-0.9433646819227421
1.71523091589639
-1.2572355260556727
1.8499114618651802
1.0979210394175805
-0.1349433020121213
1.3468537340703493
1.6994716232447142
-1.2889349771660201
1.1703535484818128
0.8395062718128758
0.12171206195118955
0.08252577905325094
0.16404291355494904
1.6463581938782303
8
4.563844579834047
0.7907372228960335
1.2996775958049427
3.8473565871066544
0.24779682644892573
-0.2618113039209885
1.9938761639065201
1.5109029137864376
0.06020378216856005
5.020630381087792
1.1855081144224737
0.26807338396113733
4.172563723250623
0.4736695615485074
2.0068926282411867
-0.25752954031874997
-3.29319456851351
-0.2255640065304075
-0.7969220555489837
-4.110001396033732
0.802920433151031
-0.9255437255399255
-0.7779187122003537
-2.0226371989120255
0.28425925042195926
-3.8194636408360614
-1.2068887610547054
-0.040171152765301116
-3.5333843454114136
1.2157213677141228
-1.6057954723300059
-3.4096790963649553
-3.7228136855371106
-0.6418385671819395
-1.9180804592712826
-1.684706654565107
2.4355869399128327
-2.2066699264553042
-2.0198378353319923
-0.8258884878911349
-0.09151659492787029
-3.5892115530226447
-0.5801135575292905
-0.3603782570719722
-2.9095955284877597
0.291581011204035
-1.9316610491913597
-1.6452086059505127
-0.6852685156882893
1.3127164448693736
-0.5063881175936998
-0.6682242185308216
-0.682513901192817
-0.7566328149718992
-1.4005893710986315
-0.6194071861516139
0.7059895542626511
-0.1036157551293444
1.170264893469995
0.4683378147779945
-2.092947062031163
0.47227335223785233
-1.839677572053754
-1.8455790175227862
1.978259292164246
3.3236435823742823
1.0657050832824913
1.6265111681961881
1.603165287821151
2.0216651871668745
2.137036805324867
2.133374038547629
2.5067965690719864
1.9188353150128608
0.6238756919031696
0.855382083051648
0.20928581266816132
0.6253179147198725
2.2264736155809906
1.4269447060866163
-4.56001788065722
-0.57199867730448
-4.532594447483213
-3.6529017819186085
2.423549385908297
-1.3919245119442136
-3.7387610873188923
-0.08112135255307358
-0.38616448426861383
-5.3347113470611704
2.372837042676261
-0.5551492337603575
-3.1096712079390283
-1.6088522085837054
-4.135624850976618
-3.3510485040282365
-3.3345411626205586
-0.32285048421928675
-1.514246023070612
-5.599756630470527
0.003961401917194171
-0.4787965333405528
-1.155206554527352
-1.089713733770927
-0.5943024853343449
-5.8963223387995365
-2.0601286750789045
2.813492963095136
-4.69625375844162
-0.3944838379152504
-2.5522456796834936
-2.6040634190079524
-3.835177102683745
-0.2488022714650704
-3.380326842063207
-4.706170978711061
3.740015798035293
-1.5596182332026884
-2.630766323271407
-1.2368234435720926
0.11051521584461954
-5.669182484992772
-1.5267351563015066
0.20671378610615773
-3.4506559604503355
0.10408753625917411
-2.478556916698552
-4.231701513452854
1.7747180163696095
1.3160014358118313
0.7143269323376079
-0.4732279421401152
1.2634422612474858
1.664122335131949
0.5390751409245395
0.8717014030476467
1
14.178379825041999
-10.521807219514715
-8.943486766745071
-1.398168627991738
7.797066403591243
-12.81869765496571
-15.311937692908936
-14.373483191952886
-0.8434478758064152
