80
4
7
-1.593387989810328
-0.3178941237304348
1.7243169377431953
0.5493677942447298
0.08973229620477605
0.7291399492764165
-1.6950777657163092
-3.0711812055843892
0.041001014928625595
-0.6488177325912422
-0.8633038066422754
0.918619300536617
1.706708010105727
-0.3972550364691999
-0.5883288972026058
-0.46072188712686707
-0.5014245440917466
-1.071822199875311
0.0277623273554718
0.4846584392557207
0.297896854205637
0.8214470649358646
0.04514950543991664
0.04974891411444271
1.6470467000314442
-1.8443728335369198
-0.11685650577399243
0.47844276517996986
1.6114995694955951
0.26366454317705945
0.988240574136819
-0.06349061399792753
-0.19716744047073698
1.6893529215834255
0.9353177324754397
-0.6447827080379016
0.26326525388017574
0.6138235769063074
0.541797761875205
0.4025568614159561
-2.3010588854207716
-0.3450256266601065
0.14020322572037275
0.5362728350669373
0.2217771710382967
-0.8296425463379157
0.490295401511887
0.4836357737334708
1.2656325056416
0.27263224788713764
1.4212782185401205
-0.23339713072124246
1.6145859139766636
1.396809490581672
1.2664282309741515
1.9104371304878738
-0.6293552201027259
-1.141107913362324
1.0378282814778939
0.19234583393613153
0.1893742248304794
-0.9325654093452486
-1.4676437526653245
0.5134228435648781
0.8536543627647558
-0.473752141235379
2.3736422875634355
0.5361750917635946
1.185812060571652
0.9420642329827942
-0.3022422649975918
0.05757091128580026
-0.6625686195025957
0.8716146389554554
1.907863703454641
-0.12138983186641962
0.44582943663783314
-0.7601071832069504
-1.2714297736621443
-0.506907264050225
0.9064431349163133
1.0144637880793141
-0.18716746334366338
-0.48328459619571695
-1.4673354488287187
-2.6749739428731276
0.3207706719970749
-3.0586390604683324
0.44926079680535314
0.4181460774134337
-0.7342733207042841
3.371644620707267
-0.7245827427673909
-1.9796566019397648
1.4256192277645896
0.8981297562346756
0.9411206510078474
1.4418564915938523
-1.3072249429905454
1.9583761111586209
1.3866352476792787
0.02650123724175235
0.9577875715315167
1.4846020762143775
2.0944028506080414
0.6653089765421288
1.0766258737813732
2.1905521250587356
-0.664797597667392
-0.09780154751283526
0.4585555456133548
0.5036046318580694
2.3463813739516692
-3.2897173755679203
-1.2359659119585775
-2.1200958595216215
0.9326020728855969
-1.1589154369133237
-0.28504364708105634
-0.7424728371560468
-0.3334796717615307
0.05101111014135614
0.21085139490274776
-0.19944903445796713
-0.07570397003393296
-2.7397235880919766
-2.199561306389941
-0.7420472659405425
1.1847472863800044
-0.1507502101500774
0.02340481475434688
-1.1602830073976065
0.47162612542443355
0.449820435200928
0.7320842289380314
1.7757333468153913
1.7065984668852308
0.6682460298026125
0.28351029196775496
2.0457007255607227
0.19174547465189157
-1.205076336204143
0.9540050352283035
-0.5690729589074573
2.7545842980699193
0.47074477137513093
-0.8145297796820307
-1.2054113225725576
1.0593804029833556
0.5522224163544942
0.41027021570969824
2.16884210662901
-0.46024257292670495
-0.5179629043152499
-1.1683337385425832
0.5977844332480449
1.2134257809642972
-0.5033037678512262
-0.558937401534793
2.2906214170248336
3.3254983831982803
-1.5748736185424728
-0.39305904637467015
-1.4345622474496023
-1.0255825106774015
-0.22712357102464265
-1.7872464244014543
-2.138172115713619
1.4544476373282218
-0.6784268001574215
-1.0550582733499934
-1.0187052848387679
0.47940448203365094
-0.4740967243498799
-0.20090801502839808
2.1833930973071674
1.9420964162942762
2.2180766898414617
0.7037047366437592
1.627143852942712
1.3576938796361646
0.6046574091050091
1.0959081844884677
0.4096503760429678
-0.783337071367966
1.0702523524302014
-0.22988488851324443
1.5247565317360228
0.5898402277457828
0.8190356748252223
-0.01656806392353681
1.793167468794128
-2.5031004949512594
-0.38970434023135453
0.1669729415555369
-2.4054540892303615
-0.3772505420996146
-0.9924349722016932
0.9970723361530347
-0.8697039325829418
2.323344531388071
1.6117090932129894
-0.045529970622759354
-0.06220889116572803
1.2756243596914405
-0.7324403852164529
0.04426843237281562
-0.22319901374211362
0.9854906320671508
1.623678341610569
0.754424050393754
0.5064826891855796
1.8529111809666055
1.294893439863383
-1.3589612489162186
1.0896289235076946
0.1357023215626793
0.2266051288660805
-0.8546661109636418
-0.8689477167824713
-0.27654132566925166
-1.260595640931068
0.05044408010509163
0.6233449588171376
1.0174793278929761
0.1413359270684525
-0.23126529767971568
-0.03743893214682012
1.26286844965095
0.5541053799728836
0.6285885329177349
0.7353538253856832
1.8593734481329998
-0.7182127826437709
-1.23024751643289
-0.3120694211109302
-1.14012520765773
-0.6027956270194578
0.7799142280135175
0.42716796456492384
1.7381823127291531
0.8642733288118837
0.27388114139591757
-1.7930768508070511
-0.47999256835125476
-2.6925173755022094
1.424883987375233
-1.2234980495645214
-0.33654388755869047
0.9518649028188068
-2.1918811421896707
0.8662836914718373
2.270549866590027
-0.423816747004505
0.5600178021164146
1.2935308040325788
-1.3500831720796398
-0.25490500576398756
-0.8666662832701373
0.7089626592371138
-0.007953489001652415
0.5562344287508226
1.290026138581673
2.1443335335067424
-0.36318770850178766
0.19532367526186353
1.093064421226768
1.575040671595075
-0.6793137056496686
0.9318749446168518
1.4809741199947337
0.7534608371042154
0.7375613289017288
-1.8226924510652083
-0.8835428251092509
0.10062733727923066
2.2691547201853712
-0.2289181886753201
-0.3839436603927465
-1.4588531375984102
-0.04008477068543324
0.6512177436541526
0.13449801925013247
-0.2819667065507546
1.652623976146315
-0.27820930188809745
-0.3074288599585103
-1.0546798626885934
1.571609558410602
-0.013270440961857269
-1.6064938407324059
-0.9929734053460731
-1.049982727793104
-0.07744870354987962
-2.04258241510462
1.5877488262681854
2.0449370024988247
0.34504259664489234
-0.5374643356828784
-0.6890268317806569
0.29457106820034
1.637287597879909
-0.43090448915172685
-0.12439746471689794
-0.770476407955203
1.79336776800744
0.03678713904721659
0.2974591151265868
1.1185392561817709
0.8996336079379731
0.3437505217433777
1.260061578971929
2.6171403557069035
0.1435833233537473
-0.7885298945680186
-0.24051282716278527
-0.476040014576376
-0.265290307347523
1.275096592471403
-0.1323768837598883
1.0553319180240983
-0.1266516633350893
1.2710607238532339
1.5848913144070222
1.473120554598113
-1.206186668153148
0.09318619651383993
-2.681894590935564
0.1498359916680248
0.6668209983721193
-2.1222317724946445
1.3231903512372736
0.9383582129604391
0.7750604844199931
1.9014945541172374
-0.4889299172487085
-0.6482418189367787
0.8925516794647429
-1.6544278990207317
-1.2180905653609386
-1.607028447233786
-1.815824141134737
1.3949882609329936
-0.2654970606541378
-1.6672519793857117
-0.8851355244768071
-2.0879551494612434
1.5553951668385835
0.7544182502262197
0.8319900867156921
-0.19425606876917445
0.4156434202648188
1.1503018198307697
-1.1076932287336414
-2.292393216482203
-2.367115190770834
1.261956383270945
-0.43775147217927063
-0.9914212425154519
-0.7437240169758432
-0.07849687138168111
-2.463695055739211
1.1920537464355805
1.8593809193689983
0.44095765019484673
-0.7002889530475542
-0.08375430605340335
-1.750066482263412
-0.10451256254384961
0.6398502057768823
0.008720525917877892
0.12946422426836984
0.9809432925960483
1.7640800676200108
-1.1648075239112958
-1.3174663039988037
2.114487567648846
-0.4103267357015011
-1.3855015552186805
0.06707077790273039
-1.0480248802983305
-0.08613390798182546
1.6837732613772665
1.9508223646431722
0.6701440979371196
0.3809173952066852
0.7189313215695274
-1.1530261230083447
1.0824650654930335
0.6643742170382412
-0.34239133208285755
-0.7525776799818318
-0.7787187046744104
1.0885706481087096
-0.5483326163512832
0.2168965051416119
0.6849159000356574
0.44213095629731297
0.13517341551027
0.532672321560065
-1.5674855232419107
0.8813269584707841
0.3436859757991505
1.5048906161451587
0.6078092473318459
-0.8574680720509943
-0.2812649162515154
3.131437280046731
0.4882104519765583
0.045157924906306046
0.09460344734564384
0.36013217971523465
0.3789544556248949
0.7036847879492797
-1.2748002450016913
0.29435908706129965
0.05400505239131724
0.7734040443409788
0.3263371123726308
-1.3629213601185972
-0.019152911248022646
-1.0372703791180025
1.5573173867206218
0.16588869653746308
1.1275713536271565
0.765706057542536
-1.6138614418597221
-1.3738343480448139
-0.6420982059467587
-0.9267238851353023
1.70496461487659
-0.5500825858250876
-1.2200927612300458
1.1548029012565648
0.45946161570197663
1.0312449308411682
1.1193458992337944
0.651288662096855
0.4693600312559483
-0.7021292947245291
0.6462942929493989
-1.473905445022188
-0.8472542165476072
-0.2974002754840624
-0.7699893066757547
-0.9894359175537654
1.9743978556005104
1.8034804821166444
1.5015429893392427
1.0478696479866672
1.0234027811146573
0.607368091846172
0.09850725708238514
-0.6150637532559082
0.9867637895168455
-1.1998273278236664
-0.5008426923313534
-0.43646402968875414
0.364224985211736
-1.3780190096847897
-0.5407777780372376
0.238691916892479
-0.819333493002302
-0.8167080492510337
-0.5492393959001579
0.1550616814008044
0.3234307078238638
-0.4664583483439001
0.3457125533870579
0.44845435187244703
0.46182285274222834
-1.8228375832477626
-0.3603706008863233
-1.493778273986513
0.6614593412501591
1.499213723135882
0.7565000026118401
0.4398675222543583
1.5641429079307454
0.9833501875771847
0.2956307510344776
-0.670719714133438
0.23299786219691232
-2.353576236492988
-1.6314546343688618
-0.8754464797421999
0.44279259403358473
-2.051461930453801
0.5769951170101595
0.8873254254392287
1.4226612606771618
1.5289309223340795
0.2180140877465395
-1.5734067380941859
0.9170913563271258
-1.7825822196167813
0.2053659258978756
0.752438599279815
-0.8569051786242085
0.6864919479555402
-0.11280687001104908
0.557699713369062
1.1236678619023623
-2.325825132896682
-0.12143154325181604
0.8606946162015601
3.288045220542297
1.048952756312589
1.3057260291107609
-0.3760940900662059
-1.5242139035803748
0.6001649746910221
0.8159246367637708
-0.3910053994413667
2.0617732939423807
-1.488535211484051
0.11012668141554921
0.026621730401912846
-2.1598187530788144
-0.18252064601918333
-0.10722416874041875
-0.2219544791887917
-0.11812716573705345
-0.5195779474526481
-0.346071071742198
-0.7721801546310455
-2.011937106310373
-0.8469575952058751
0.5995883987692268
0.27863862442604026
1.3122585995832499
-0.5304103973067169
-0.9565198536557169
1.604164335839843
0.8638645785515175
1.5205381053416218
0.7183027161383574
1.8549991822525669
1.7741670946860681
-1.1394695001784076
0.20465210287583005
2.0645884513905557
1.0032792377139579
0.8587610704568475
1.1518530909220015
1.2872677150903138
0.05444594102927175
1.818948612218242
-0.24452429470819848
2.820929294381389
0.22678561824029175
1.3921766311685968
-0.6996339336046062
1.0947972176043088
0.15251683884765932
0.48031889021358504
-1.2331389459332598
-0.9037212127581093
0.17010705437269752
-0.8523095277547618
0.9848529381692988
0.766634837159071
3.846266375380716
1.757304307063266
1.5899846673104254
1.8196364666375806
1.5302465492150166
23
-0.23028178359038873
0.28206583129947743
1.9880608932634458
-0.1315227924375662
1.8586758655746216
-1.434330348258422
2.4485828036025783
0.8116470074756975
3.6618308391589816
2.3986720438648472
1.0025198265639488
-1.03698263298312
-0.43116261471717243
0.9845290599276614
1.3590194111743934
0.38220960849032687
1.78085806446276
-1.584169552304479
3.4041803105962205
-0.3789522471654036
-0.5436578084194095
1.2981349673776523
1.861915359475306
1.1093485265090088
0.5054523177059613
-0.3003040010787702
-1.1922937725304692
-0.77455869639227
0.34493541930741445
1.7292127717314705
0.8746481505154603
2.624067162330298
2.734596888136454
0.3500902656922308
2.3240162505612787
-0.7137001006933061
2.193317611455969
0.2453612392805439
0.08027665990832374
1.416974548266596
-0.911893136129456
0.8032702205587972
2.185309768570276
-0.1606388115900769
-0.15042316666046346
-0.12584132914765694
0.6195134402468274
0.29503303898375477
0.05942224263894558
0.21159494876939536
1.29204245142237
1.4972882000429448
-1.3700684005593542
2.2740301561430236
-0.378863564906538
0.4313885302407545
-0.028452886699267682
1.137528031895823
2.34192638466956
1.3756166172485584
-0.5020917326061951
-0.27568640221262775
0.5998521847083973
3.231343519785152
4.105196473862267
1.8130625763874084
0.13610486481931455
2.6094418533047667
0.030853389368781695
-0.4701762696853255
-1.7375063638736905
2.836608576177815
-0.08721645103659349
2.806299492267799
2.044960931729577
-1.4585102837141988
0.6260966387422152
-0.7896628763064883
1.648881429994468
1.9021125683032076
0.5552013624227958
1.6128072078935247
-2.280881645681726
0.7436493096656224
1.4260909578874028
-1.6539672696426977
0.005634356665634277
-1.555663277496068
0.7670410037098101
2.5542306275018984
-1.9872693433227662
-1.0164341637225627
-0.23303925059332284
0.7604012017738164
1.1125233278803137
1.8847852307409567
-1.8954465591104666
-0.2773330193202985
-0.09816977084604739
0.6482530152773875
-0.6583886087445443
0.7895100001189577
0.8488438003950621
0.37636306302358996
-2.5740028484758386
1.3952485544132411
0.7100804321105485
1.8474838689025792
2.7751010233583275
2.0129422080353248
-1.270128967766573
0.5143472111637177
1.9376919192968536
0.9666891371258184
-0.1540203485546346
2.3910544811720538
-1.0635452090874566
0.5286652880938949
2.0807899071729623
-1.8199560908397685
-0.24363243448321198
-1.8618890373953927
-2.5321670656190247
-0.9047042104505411
1.389473316121467
0.3855093734111989
0.7025131707752356
3.230555562344458
1.2123499913173812
3.4021318865831667
2.080135650556874
-2.4648731401749506
2.0933552312100407
-1.1064385889095483
1.963509720664698
-0.5095226844917876
0.005846940712096127
-0.14092633693637618
0.1768507330180694
1.851584750849398
0.5133798965325425
1.6508724822955603
0.8398109773518165
1.9162242727398202
0.26724990539986243
-1.6381511833963205
0.20899608622134946
0.4142651073350823
-0.5048916053793887
0.8443616008578939
1.1381894137897994
2.8174279225692738
-1.256678550088161
-0.43715535222215257
0.9399037629089538
0.07068872500200832
-0.937880502020464
1.6504597466979227
1.5066566596303628
-2.2967192661173836
0.8134841622581207
2.3758355725955593
1.0577370122053906
-0.4963661933868445
-0.557463322490998
0.14689516919900547
1.2970033122888418
-0.8228372095558699
0.9388611177622735
1.0734748361050852
1.676907193806549
0.22730561396195648
0.9655867431254213
-0.6031687228028484
0.5132228778473331
2.285500758566213
0.04546469703607983
3.316473388951882
0.22232032073405902
0.6049263792207009
-2.7670994236508073
-0.7122531043329796
1.6427358616442356
2.5190973798509386
5
-2.1515497835393953
0.4688929288703113
1.9180104557031288
1.3404691185935018
1.6803925513157716
0.5182728363031975
-1.6276533750877487
1.8309640337662088
1.5510323046686025
2.254816546169665
0.8933970131984094
2.432388707368153
-0.20928811627468852
1.7679526369303784
1.63428838881706
-0.8028287604373234
2.721513695537731
-0.5180117084272382
3.1945832110056496
1.7490613385301956
-1.565200742518441
1.0404387679005844
0.7889148538974937
0.35373715743810946
-1.0407974442873906
1.2804558870867508
2.9135014159034243
1.4844851164884143
0.5954646332536884
1.4979729563610409
2.295240083729635
0.9237018506126491
0.8315573560479061
1.1009173788809665
1.3597316295758606
-1.1640720938527858
0.19049064907103747
-0.7669992148456339
1.1989970352266937
1.3414969089591458
-0.8704702402050203
1.168951458142781
0.4216709786980978
1.9512446621521324
0.364474070388614
0.24801405503752985
0.10106822699793158
1.8128648850052564
-0.5763732762228866
0.8249293282605481
3.00204932458961
0.5261762082767009
0.31910184970793465
1.528396012640339
0.39691570585418434
1.0939580538935751
0.33049987779485834
-1.18727010677144
-1.7227933994270033
0.5569434096025738
1.3025970368333566
3.1024718860657967
3.083765066135948
-1.2881873884452326
2.4085862512102887
-0.2174246623896351
1.0897707563329853
0.2739663097810123
1.6080054875389116
1.6675719026143048
1.0162010132199983
0.7960269317699091
0.9973624818275987
1.8072162476929496
0.4185704110598122
1.2190437299807406
1.1279503224613197
2.1157422815125195
-1.3077540643584438
2.538957504311264
3.632835311171553
-0.504886305448075
0.1536892224599195
1.5943594882411134
0.01986944810020619
0.35624721916099883
-0.4924549807090518
2.4804658788755214
1.1952970894620905
3.3433916982096967
1.246666444694954
0.8959101488933858
1.9462895346716065
-0.3798213529777196
0.309188239695522
-0.3704864780018282
0.6325886945865818
0.40552813405717425
0.38876809471740614
1.7251365773830283
-0.47691085167130054
0.7201385491737115
2.271558000093158
-0.0639640963067014
-1.4397298101820073
0.20053437012342368
0.36075071243284546
2.781747795991372
1.7885995814382372
-2.1373612618540863
1.052976632147072
-0.45514618493165326
0.4909298999672206
1.407746779658662
1.1414777949950592
1.8202304346481188
-1.7359723789534158
-0.14758131209773995
2.4799022177082524
1.9962456080536197
1
-15.060218420394209
-17.7755438785782
-18.19997159669933
-17.413116612178978
-16.798301831315964
2.2654087513471053
