80
4
5
0.38091834052819584
2.3903174832915957
-0.6009896606971648
0.855007602004333
0.3808342372758937
-0.19709787279050844
1.1393548770242161
-0.3008311286630425
-0.43049594258148205
-2.103199049031255
0.20698147248403237
-1.360359842595644
1.930675172055266
0.11519251441088471
1.6213778054161914
0.11111802496645609
-1.3756969798966048
2.4776316182751033
0.8173662640920131
2.492991471298627
0.010068491628144285
0.2490548186811427
0.7618391337837719
2.5296645009931917
0.9398292788779655
1.221408142621074
-0.5655787165189717
1.1818569876479115
0.3257110141990312
0.318065142000462
1.8723657193667609
-1.1004105852465198
-0.917359964485113
-0.11132504693582358
-1.5946602027337784
1.9591579406104584
-0.03515292452450022
1.05912709259343
-0.5093538959248856
1.2585203082925902
1.5483330041985475
0.3650361197962519
1.6347732818618235
1.1144398129185304
1.9454715821282962
0.6522070948346921
-1.8445511060070878
-0.09160299050691775
-0.1869214878309608
-0.330346898822281
1.3443757146252608
-0.07097969364362589
1.4720046140285414
0.4634182410520408
0.6454220399466278
0.7360195374491505
0.8494749463240865
-0.03692283641888308
0.3209307961124439
2.042958056013692
-0.7103204921953175
-0.35744748293521394
0.7381871971872898
-0.3238217669049682
-0.16109292546926302
0.5319577642838613
-0.2154120332943552
-0.6253950843976399
0.5677773896937026
0.5925637033214055
-0.5632916195160281
-0.8501823702758852
0.8804972871928856
1.5268451866057589
-0.6195207579740266
-0.27729955357210284
1.2098374886793388
0.4053807024402579
-1.1079101787450882
0.7401041365349993
1.7463793218458183
1.4751164802536907
0.6676162646915392
-0.7661490217470182
1.8136278601128735
-1.0153060108763636
1.6228067063857965
-1.9838637978002551
0.9053869841508683
1.5359732257852123
-1.266106584023414
1.1521463260359381
1.7284167478093535
-1.5676861095397552
-0.8990869931791656
1.4557718118531122
-2.230803679074811
0.4955850271924958
-0.8745289590286328
1.4351621169609425
0.4190394394549541
0.8590920183142646
0.5342497423123966
-0.07368699542688334
1.4276086335934528
0.4240672165091969
0.9778264410778409
0.20859900129274872
-0.04513604369769407
0.3590874805522997
2.061615029413403
0.9210275647289167
3.2842226454857593
-0.8244345455137675
0.3208767740471696
0.11793384982278628
-0.21295070635138738
-0.329131131695604
0.16617236243723982
0.10588601221445645
-1.9467870961020908
-0.9047455946360962
-0.745172418186362
1.6665618591306326
-1.0712813350835293
-0.8173879496935037
-1.7741719948135026
-0.5188315176253347
-0.1988465602101666
-0.9135953417793464
0.047016150096885895
-0.11109746871050924
-0.4056454012316036
-0.5304495109491578
-1.1233000024159183
-0.3526418608774793
-1.1539505278386046
-0.5544597085980068
0.9564663749768374
1.6031511528994196
0.7870993879018059
0.8841526382549364
0.4313839776500803
-0.19058650664844606
0.9132917471040687
0.9143155876189331
-1.2149693090854148
-2.3136570495038495
0.17724975806639445
0.2993985298677908
0.657095680900103
0.3275441726210981
0.09236088795129728
0.11521343754084842
-0.5908631611769946
0.3436789999072677
1.8849030797299886
1.081377088003222
0.3329217925396971
0.628198398301552
1.0211876658146117
0.7250640506339217
0.7212825978362792
0.20931973533392007
0.715527247858953
0.32879110504905495
1.7117644008829094
-1.6282129133695384
-0.7207929631088393
0.2853063238459017
-1.8202639853189977
0.7453292316516684
1.464864694331096
-3.2991947985727816
0.28578774927878
3.2810371531746667
-0.03674936464832874
0.7074415998454344
-2.7108175167558075
-0.2186974709728295
-0.16675801549032498
-0.8633007259953409
0.5433925636035721
1.7681092838458912
1.3400081957755883
0.659410368713536
1.5690029432806285
-0.015843873360222895
1.5813953071489706
1.286131395063155
1.1429962016198436
2.09826194567927
1.499416796857946
0.3093673010810689
1.3651621034187413
1.2151597775953573
0.43908125226653544
1.3801780585679297
4.050408497609157
-1.9205644580521646
-0.8308400877661497
-0.6242590553080043
1.370404780420324
-0.1701379495046912
-0.2842216453541927
-1.2728657742233351
1.3313381511853546
2.5061937019658034
0.33997522253744267
-0.23277504628770407
0.4573682953992269
0.01690375136651915
-1.5931297421775088
-0.36907638222619177
-1.574582588942204
1.3809261325410669
0.36139354850312433
-1.536161505093912
-1.430791735960502
-0.19914360824614352
-1.6259699405534953
-0.773782816562239
-1.1710334846923716
1.4802900609029745
-0.41599358310863566
-1.2801664190791895
-0.7162382783621235
-0.1453597042102946
0.5151583075166396
0.6835998289762547
2.0628470692154703
1.4798151920876952
0.6627744583433256
2.074955697392213
1.2766750322524658
0.844978326771102
0.5353863604721434
0.6247726414053104
-0.11667912106165615
0.8514563071530014
-1.081142137678619
-0.14089093312705256
1.7396998941730228
-1.294935003383895
2.0322271943741628
-0.19476143327484197
0.9877706283752162
-2.036811940114036
0.36413212650991567
2.079373502167765
-1.3872378373988372
1.6876554563026132
2.449279436104328
0.4352172621525991
1.0522404945950572
2.092040577268219
0.8733488986432949
-0.23295111384616773
-0.23629519147070915
-0.4322918347554116
-0.5459891173985075
0.6488297062936492
0.4862598347232454
1.3053636761886962
0.7119098628455016
0.07696764634692252
-0.1791129715792822
-1.5302027525194042
0.2630422924176918
1.8037764837777681
-0.1884389822199717
0.48277154190884974
-1.1978166614415156
0.8282519896069608
-1.8188249931330436
-1.2854496047572521
1.575937729932985
-0.672253127845145
1.3780257029484537
-0.026645417294036168
-0.7264363553088343
-1.232377241446626
-0.5649112972111787
1.0355417435650596
1.90213636773679
-2.4356827714329587
0.42437013974213156
1.2475184163254645
0.8617510818444807
2.6461380604164937
0.6820057388541226
0.7392998590000538
2.0045761931720714
-0.9133573596682033
-0.9606993311376769
-1.5985774714512617
0.7417376282065147
1.914120072611681
0.25331789769883434
-0.18044369620829762
0.3757056256181084
-1.5588650597364933
0.6545519958483446
0.12204625801895483
0.18403048090690383
-1.511156751421395
1.406619944772723
0.7706018841678073
0.23969717629229562
-0.10156233314161389
-0.15808522386793172
-0.34724232825326007
1.0405413264522538
1.0924349707496195
2.0433282755887934
-1.0731320015246462
-0.12563015066609518
1.696924857501042
0.12154730910738687
-0.1516138835930458
-0.38400527739335005
0.27249901479775096
0.16652485085529278
1.1220735023776258
-0.48396787385698603
-0.6343364232271957
-1.1464853339744085
-0.7935818743031584
0.41928762454477075
-0.3422728269160194
0.3142557060770506
0.3172575305199685
0.16222303243815467
1.7208739362963248
-0.6433347157153015
1.7558000707099497
0.9126785160476836
1.644325056442444
-1.8914656311770635
-1.189139943053107
-2.433419226023766
0.09629404763717439
-0.3507763267770789
1.0799665840613415
0.2377228884612327
1.2094862513809281
1.284851288803151
-0.43989803162057994
0.5893525530845916
1.3284258415301786
-0.30488785159970294
0.05619158583465762
-0.3833558751480143
0.28477191980482564
0.6085943298266179
-0.19401397749240795
0.5117573909936353
-0.06239566460202542
0.47766630927251674
0.4981866083832639
-0.2869549084032986
2.560101452520767
2.354085759947222
1.1930747265049153
0.8293137211903888
-0.48435906021922237
1.1153164958151724
1.4201326961244765
-1.9078618977297819
2.0392048358114834
0.7143178613641998
1.1926600487023906
-0.1888093296070412
-0.3464653352582622
0.037872690280256735
-1.6904955891863311
1.313237800148816
1.5776822804296478
1.581396807432062
-0.09236134322443824
0.42213575844504886
-0.12886391701267325
-0.2174211421809959
0.1422161453016878
1.560293074188489
-0.43318507875455425
0.5961351924750532
-1.741632729743602
-0.3896844153916208
2.284622551079873
0.49080048089232864
0.17106842616120727
0.42405200001646143
0.37244347201874145
-1.0804691638493298
0.5609145169034779
-2.1628703885562977
0.17934465452513854
-1.2002626115326307
0.21702420562278352
-0.2729041450403167
0.7746452529964145
2.1570480774902796
1.258251745369123
1.0648545004469936
6
-2.395048876886484
1.3394663767483947
3.233796931437126
2.0824509492547296
1.652393164546228
-2.649107588301021
0.18930512578633835
3.437572777219913
1.9510955921894253
-0.23017436468193925
-3.854247135437439
0.11412888335158822
1.1700048052922036
1.1228904844637226
-0.037196784930188825
-2.984953959106177
2.1008840232337755
4.333344669915031
0.3264601592523197
-0.26751377742946647
-1.8975571706093701
0.8641863773029134
4.877567541382134
3.2322378609216815
-1.5016125538593952
-4.487534066290009
1.549772280258532
2.072891171263948
2.5895175009129856
0.7115270323241167
0.5973165474760174
0.523909309771409
0.5544411717235932
3.724629815782608
0.18972173124003325
-0.3769813455551279
6
2.977730249613084
2.3805062099539693
1.2112834199567666
3.6452119520063637
3.341249237882992
3.8933372425161457
1.3355663432680849
3.553986626253031
1.78118899456876
2.929503072200994
3.572834649647283
2.42748941739862
1.829326320178938
4.1638940601635115
2.7101012964058793
3.659214746502898
2.263842005519213
2.3046969517925286
1.7397753747257299
5.719196564566874
2.3490255702903395
1.9220119136719231
2.403111636529387
1.3515379725182735
1.7410646914802037
1.1412677670783682
2.348450462873602
3.680028113168411
3.9480443900866904
1.5091249984948654
4.347040975237878
3.6138320098554346
1.2575550475147146
2.192597412043881
2.881881660519711
2.849619766605433
-1.1928458569395186
0.8809204256386199
2.0512515329287497
-1.2091981312593585
0.48932737568679874
1.3317209212658003
1
-13.726434511242767
-13.89298443832916
-16.255227780789443
-13.09796075158435
-15.135194708655634
-13.71940547012474
3.001222473305374
