80
4
9
1.2583920614600914
-1.0442553777969892
0.5471679593287573
-1.6940598248068917
2.637825866270081
0.9432051717542987
-0.40928642002610505
-0.6465822748961663
0.2538492385712637
-0.07210827858403196
0.14904777813072428
2.30454492915232
-0.16891065917509396
-0.8332913969738882
0.7540851455553983
-0.7799586691231988
0.727681789194594
-0.41233035130807605
-1.3277660406442995
1.9179329017078632
0.6921209824946446
1.0065761164184066
2.376613690841287
0.7376327231865591
1.944104171387285
-1.2704605162646312
2.6953394820385523
0.4638492204082824
-0.057402354083289475
0.36163834867208505
-0.4772433052311531
1.7162378736096133
0.13807856625648485
0.4400550507945809
-0.7395118417874464
1.1309235561219877
1.2314074533131145
1.2649268163043887
0.6238727175028137
0.3389138452175714
0.24027694832914415
0.7332350110400603
0.7374439143611452
2.0164309486846186
-0.8805028002352308
0.29762985149803567
-0.4743951533199887
1.8509449257414263
0.21560415912940378
0.1363792666405026
0.009761344835724897
3.357714476246901
0.4700460174413276
0.8250145749554465
-0.7656320359313742
-1.1776785094613835
-1.8199167527165663
0.49705137445007724
-0.7830174309596287
-0.33045313963939926
0.7115956940080652
-0.950754528569024
0.899962394737857
0.6301431731922509
0.42572320403960734
0.14388700380818756
-1.7843254345064834
-2.921173560707282
-0.3477694470278678
0.7080796526082878
0.11803136314164679
-0.3985830580830337
0.6436330566841528
0.9656035752500828
1.527736943796766
-0.891924964490152
-0.8540298989897673
0.11296572662473284
1.290662769677181
0.5329766930923003
-1.5520413089043863
-0.4831048306172981
0.029282199334809397
-1.212614531751226
2.1646311807855128
-0.7422532291084146
1.6190808201333904
-0.6986407770496578
-1.3806070155903498
0.19690908378860184
-0.8013645849656674
-0.2893214683434954
-0.5600854728522117
-0.7505637067474507
0.8709754263537904
-2.3395891526056083
0.7756072685244346
0.1968340528842909
0.10165968988218772
-1.0079365321104516
-0.7216901985809753
-2.5363124066823444
-0.5368089596733885
0.396128178428075
1.5914106028055914
0.7731984724655537
-0.47295075721351687
-0.7905753613189213
0.6406136055025451
0.6046370629284903
-1.9692658129744376
0.08179393814735748
-0.11332990339275384
0.3601460137681967
-1.4635678640457868
-0.5168534814443363
-0.45523764072466166
-0.1249002981970048
-0.9951056698533135
2.5052414533895333
-0.24714434012232164
0.06302378664682129
-0.47350671156162527
1.3137690061116383
-1.9658772996130265
0.7771372851617232
-0.7201320288040218
-0.2176660282954535
0.2680076843924357
1.0691829058934257
-3.25219508333539
1.874814470175062
-1.5108838305329444
3.979870606926474
-1.6987408906671932
-0.09606418209880932
-0.9227173145481337
1.3728955909953022
1.2174816863098379
-1.4919208957454062
0.5504654198342536
-1.013834635309358
-1.7497820662538182
-0.67879257935491
0.29213534545558495
2.0410828547969238
0.361541518682255
0.7295855647283279
1.6730549665663044
1.2170018739839277
-0.9058304185713281
-1.6628466556968398
-0.1619687697082173
1.7181387787549147
-0.9801469147731311
-0.027809249354828404
-0.1137799517705121
0.7582688865860457
0.6305695803013411
-0.4729009842929622
-2.622911942390707
-0.5351650928222248
0.3897916846070185
-0.1431619348380175
0.18879100831822127
-0.04776762792115376
1.0197745819179824
-0.15792931136101213
-0.8434362426817261
-3.6215237192465346
1.279871855079535
-2.054019847693995
-2.0139358386662
0.08759242850905498
0.7120383761851853
-0.047176449848318446
0.2026010456030613
0.9405555831772084
0.6190127404290217
-0.1607767067656246
0.36332851328273735
-0.1973301836671632
-0.5750226752291638
0.2785122841837809
0.52777189367332
-1.1782292500528977
-0.06064382281391649
-0.055071178252990294
-1.1865927475096352
0.15431048333247285
-0.739643937566501
-0.6632938232375097
0.880324336817888
0.43478989752832786
2.3689811907031233
-0.460784325950065
-0.9206528574895121
1.8832362580399675
-1.6038138416390701
-3.111707833494003
-1.0292359147731274
0.3861190158336457
0.2844353342201477
0.12326019578821121
1.906110160694868
-0.22505446043787758
0.5238818663383578
-0.13329502815618016
-1.4190817985237008
-1.2872641171246744
1.1854068710062489
-0.39202916893547124
-2.589239625625613
-0.13825776910686893
0.0954409562790952
-0.14243744339229933
-1.805994791716515
0.5587510994950203
0.2476972443316082
-0.5140951415700578
1.3717532470271052
-0.1969913313649984
-1.5194569710957075
0.943165222974581
1.223640222010977
-0.3224182015863984
0.31164758966576406
1.0560901684330075
-0.2011284917357061
0.15854552973218597
1.862999504671935
-0.26339315816409287
1.5922494515428214
0.15084796129496175
0.3377376923565742
-0.4410015790315164
-0.611343537780111
0.9926773378439541
-2.4104755441483383
-0.9959205846686192
1.1156303608974785
1.763401682333478
-1.7240201854998634
-1.0902046710198936
-0.3201709186520341
-0.6183924092818723
0.101074205998538
0.7331676203015302
1.502158242581022
0.9227815465399287
-0.5997810198414181
2.334770035960453
-0.7124229086537825
-0.9628526105876557
-0.7720215273115227
-0.4228050125197056
1.7373670557708185
0.3310055455500562
-0.8971530858077937
1.266488841696931
1.9685804024200653
-1.4738702975429243
0.31947099696570835
-1.4336746945542056
-0.685271573156091
1.1007314319020893
2.9985684006798694
3.2371913172238003
0.678391454377614
-1.2859648618043888
0.5388863321173627
-0.14843222130610545
0.4340475415776294
-1.3302788913315482
1.5886827155961984
-0.6903612108570867
0.3703961088563043
-0.8066653492677254
0.6883868972366439
-0.472040026256016
1.2678285413680195
1.473810717824085
0.8698450377348634
0.12143163403696226
0.48252749280140056
-1.0501904969188425
2.387670836210681
-0.2178646379100635
-1.0547473113864703
-0.24411030483111004
-1.6326287251764897
0.486887898663462
2.301602002409434
-0.712929498753249
0.5365042713935244
-0.8455440819030726
-0.2331396538265746
2.8921466367385205
-0.728078498540236
-1.724432866964634
1.136416225576265
-1.3755950817559515
-0.8921589550417555
1.907860817550353
1.459655792403156
-1.5281032082443573
-0.08527084815312014
-1.107329793784317
2.7251836655123802
-0.2274971475730978
-0.6579512474736099
-0.3315960600611081
-0.021129698669542257
0.8629884662721907
-0.7806864337979392
2.1130823856676524
-0.39050112277120097
-1.0959072765897053
1.4001799189435278
-1.5611962139867672
-0.15385985134801702
1.1582101313492825
-0.21157600618842315
1.048278736566559
0.2604372943972407
0.24783340251131947
-0.880879127040275
-0.513739300892155
0.7364102836842072
0.7710078934418649
-0.49868782902732495
1.040754953756868
2.5482998811245805
0.6159507082204927
-1.719085083775815
3.480765463639646
-1.0183593800545914
-0.3693198610816848
1.5922576128488983
0.4120703979522249
-1.103305012792216
-0.767697610019718
-1.5940961539486207
0.2128747790440214
-0.08292569308796131
-3.482319321202206
-1.9152476004626056
-1.33479026814578
-0.19782971105035052
-2.2712943742959224
-1.5107911112641295
0.03631672433130369
0.21024853363977958
2.8804565385356034
-1.3574858310345495
0.13065325442914114
-0.42745569001439454
0.021275782522970188
0.35837342726831023
-0.8970754517893489
0.5806532390770023
-0.7115103565003447
0.06146689250749268
-1.2373735088029127
2.5381124048284462
0.5978566334119945
-0.8278192451588182
1.5502880903078253
1.03671647196422
-0.9080784611044743
-0.1321404304842397
-0.973088825289108
-1.6181180522814302
-0.9934464600738118
-0.059404715981844464
-0.5131820184924275
-2.1705812291579663
1.0721505304886334
1.4253081451122709
1.33880303341495
0.2845764802578319
1.4227504343522643
-0.6039089856132287
1.0592035455864428
0.5302955172710366
0.3505058265808625
-2.1605028364810517
-1.5664788452508367
1.2745077067117565
0.3245584691154937
0.5776217875271025
1.701060887845261
0.41500381955954097
-0.7020557570690015
2.0596459891166248
1.8963389608743397
-0.09090941052861203
-0.8492498077386501
-1.0950798880805204
-0.19814938786261477
-1.2212032941844257
2.9751510336026117
-0.36392973858125127
0.8077175981557562
0.5529011764346498
0.6070772738049752
-0.18977509930989467
-1.0592598104898263
-1.2725701654573849
0.9988278456843582
0.0926465210690274
0.3548608801344756
-1.8212061784137177
0.09482056452295179
0.4965128219106539
1.2976919938860043
1.4305149399795425
0.3390320467403218
-0.7034223947069375
-1.3240811149473788
-0.04498995883604506
-0.2267675003848545
0.5249840216004373
-0.27829406673699214
-0.1618666951010937
1.035794490993113
-2.186146826945962
-0.16412725220016605
1.4629080949352442
1.0260146641930827
0.02731377786877518
-0.28347625443268754
-1.9075763570840187
0.26157639107312475
-0.08602047765711636
1.417325086798679
1.1781670963775275
1.5121864474831295
0.9205720050491676
0.12838021919088072
-0.2948585312247296
2.2856277736186215
0.7792289659349809
0.8946142417520785
-0.5164379199561837
-0.654182353677491
0.23432528642727626
-0.27912805418473224
0.1628614342594069
0.485792101018316
-0.8454418673951051
1.134407794825997
-2.1876603364190883
1.1217041978147864
0.9492168269868904
0.13970048802767907
-1.3628192125443843
-0.9896357426972582
-0.6530244169428271
0.27798055504201696
-0.857029244848617
0.8642269198889098
0.6045910520017286
-0.26037020696086266
1.4463059549092199
0.03805275038437053
0.8205038302761336
0.219035614506401
1.4517413614781984
0.17780149270035248
0.685493829589385
-0.5149883398570889
1.411590780952429
0.7225027630958152
-2.751453728291887
-0.25464168094246414
-0.9535500024051463
-1.713382549822248
0.05166414485362665
-0.018624774640039463
0.7416062839155915
-1.2792847254180986
-1.305701940815091
0.3618453456021717
-0.824068523129011
-2.6995172139555605
-0.1312398930925247
-0.09681552243967059
-0.8444024937234458
-1.0102020781338394
0.10872586695245065
0.3078839117885414
-0.13330841026054863
-1.1601695083495898
1.1201022785851327
-1.1706400886248913
0.997192350962293
0.7360833972974616
0.3396135961872897
-1.1474670013544175
-0.2876586737813758
0.614783696557034
-0.8339510133678598
-0.8615298582521864
0.6634091499358937
0.14479408648645437
0.6829303610433274
-0.8724089419303362
0.3975849650551341
-1.5586852181881974
0.27593411163253534
0.012658563767244321
-0.4846562210936228
0.20435483886231692
-1.2301150812710522
1.0666021046747527
-0.25176922788658446
0.8591167712079405
0.7805815705749687
0.14085272201458876
-1.3707066231341256
2.1133329439889232
-0.41482836504204346
0.13137706616986114
-0.3032076196600565
0.9801654015190936
-0.8553672282430452
-0.6455402406275568
2.000263163820485
1.4711691359257553
0.14219789203351377
0.8429111285410998
0.5224424417108506
-0.04863877727088682
0.5917891326580058
-0.46417972641381466
1.778101851532458
-0.19711031546370023
1.5500165169904678
2.694340587725572
1.2706420052767748
0.5257275698349959
0.5410172881812849
-0.13793594992862046
-0.2151875611829565
-0.835028173643874
-0.9596602384678445
1.2259114549611017
-0.4841922045087486
-1.2112119053996486
-0.28787181348060076
-0.23049644065869804
-0.003411321709306442
1.2976134038751073
-0.1570498801076452
2.2164445960370824
-1.5845236109644047
1.9708376513519181
1.6933391430641853
1.839190479730819
-0.4309306834964121
-1.9976060620466103
-0.7802212567324129
1.3919438333171235
-0.48778102805476803
0.9099067921822526
-2.107442048383165
0.26425387178120396
-0.32515697077211614
-0.0020064497685063354
0.33937715407390623
-1.6570314156483468
-0.4815559684838169
-1.7588955254202978
0.9138425910136513
-0.8642456457304325
-1.8613858324053612
1.3631066436393389
1.3238298869206822
-2.1156721443527755
-0.7333333357711384
-1.3961338832233818
-2.033693366152741
0.9789481809096393
-0.8364220287908875
0.3953227049838367
-0.3611527964321789
-1.3121947421196798
0.8938241475590982
-2.318677215590024
0.45097596118982364
0.49387932316530136
-2.0305755155898257
-0.30829592394957955
0.12624031877235126
0.5029194124394192
0.1838771895897785
-2.173160840306068
-0.9065035407173397
0.783281992085871
1.224551810831909
0.14537951303723273
0.26311168785520483
-0.3854937899560855
-0.6752263552743429
-0.2119222279994444
0.18325407496249352
0.4000614239237651
-0.2909014350596892
-1.0446812634302638
-0.06476429861796953
-0.9331557839765309
0.5165758623063564
0.3326389725272028
0.08656629602986891
0.9977368199764073
-0.9866130605732742
0.45593662158782666
-1.1063896541954714
0.3240730012217313
-0.734381707059288
1.66563177230127
2.3052711913711392
-0.9097756852610209
-0.6704076545414537
-1.2996970215239982
1.216852709095128
-0.04484142280358322
-0.11905271313386617
-1.706208932884488
-0.7480993416037286
-0.865625028921208
-1.3917988054783519
-0.28255923724283216
-0.17233561391976504
-0.8458911362392838
-0.8760559925991824
1.0876119376880486
-0.14494508642102974
0.4540871385649184
1.2408506342509684
0.7404386278135875
2.156897333970029
0.5610551242335652
2.2316235724366904
0.8388526177740793
1.4741036113700066
-1.1214346106217497
1.0297891479050623
-0.6835048972155316
-0.2821068233679471
0.9117826093032262
0.8483320840088491
-0.5220611066824014
1.3651337440380045
-1.303351589301636
0.8277642194378747
1.8880804578450827
0.6919107732300745
0.16304705253950863
-1.5607245743774705
-1.0916153492303418
0.6548941561113157
0.18859118682804263
-0.4036872292973902
1.108684996701898
-1.5096694406380886
2.221239075763091
0.12512585419739458
1.021846233609198
-0.39619976237797283
-0.25072578918132127
1.9700920747847854
-0.7493258825029175
-1.3036112449870227
0.4354997293251536
-0.2736137635643224
1.2484422451937727
-1.0547735421886324
-0.4198611602811259
1.3348443742370073
-0.6413738624808414
1.3848250846360437
0.8259310430896427
0.6870629852476194
0.6090687893999078
2.4734023786103276
-1.2276798577214165
-0.5457157964564506
0.21500963284635488
2.118881663065622
-0.23235452860037448
0.26867299992014415
1.3512644236293971
-0.030600288310629553
-0.18097235151781985
0.7523589230396324
1.183142546063098
0.5483170260164018
1.7849960521225596
-0.45814520609540105
2.1178146039090815
0.2604121463825362
1.6440887044543377
-1.9741939710471066
0.8206659856019518
-0.24334583747398827
-0.8958064779239371
2.0442313413617574
0.8567366342694192
1.4841868367360467
-0.9230609614206432
-0.3619883402357912
0.8164872951866744
1.8873170310108889
-1.2198046586613278
0.7212545360423225
0.4416377184939972
0.8073330183750772
0.5981317193083018
-1.485208333459289
0.6101915963546249
0.9066356167405782
0.5224904120811193
1.142372567214152
0.5646777128848551
2.170330071750012
-0.19561356659620024
1.4099945605877289
28
-0.28645902830568154
-0.08099114225890885
-1.3970424724095336
0.9670957815333148
0.6961207289694648
1.2186728600417345
1.4621783599102727
0.9836334759240575
1.1180548407953717
0.10196269453074444
0.11697332746141231
0.16352690988052196
-0.46124786800177875
-1.552553859787807
0.2336541494023784
0.45701802008377723
-1.1550249220716082
0.21231924653504253
1.2280384477910673
-1.807765898707341
0.540270793928028
3.5179747628882003
-2.109877642632294
0.030547701717287032
-2.476854581503766
-2.4469452129871234
0.5284677198456152
-1.2546178668133359
-2.3785719630304865
-1.1230704646175889
-0.05486170434468843
-3.6499154072136566
-1.7615169912844046
-1.0533019652698077
-1.6188435166660269
1.8296721549848185
0.024635948542491737
-1.7198298235668052
1.9843418206737753
1.009911660741524
0.9064584826119818
2.9203741638959912
1.049896188192121
0.8084872931604076
1.2178222410838162
-0.5274687332603047
-0.07368397465526208
2.213552775730094
0.6755148545722095
2.1819326261443934
4.1917294743824165
0.838029385308708
0.823934220108725
0.724486177388443
-0.2056935972450088
1.323788280334046
0.7879433055063787
1.2550383505676193
0.3515840328494065
-2.1478687156072582
0.560887905993937
1.0712004004078928
1.5496630139970056
2.533116955517422
2.8431150380416828
-0.2781139127948833
0.01845075024105179
2.8682699613271114
0.6140559494392256
1.5469410117775824
2.427670756888686
-1.8629322417861367
-0.5165705209254361
0.35692255796037575
-1.5134467123735627
1.9132905886225353
0.5866443864855204
-0.20261817076255817
0.7674896164775954
0.4196817110263885
-0.6494936337460768
1.539286228521325
-0.006093876044177861
-1.717115337347179
1.5064424018094835
0.666749760122699
-1.5649954895366351
-0.24337838111469948
-0.3219174488386918
0.9911949510678573
-2.3012534629225634
-0.7025920467837511
-0.5128996441171303
0.22652960721665885
-0.2862864376849503
-1.477698875015264
1.3217040230009676
-0.11904874905186753
-0.704597318972814
-0.08658956153567969
0.1462345666023682
-0.17695232654235882
1.0901623134997027
0.8359398872777338
2.6306093128597587
-0.429128288990627
3.2928496055686978
-1.0468392909554136
1.4759958717879373
-0.9202572947223198
1.4507960002722804
1.1832659243591992
-0.739050800760812
-0.6053372030796058
0.3983031744823015
-0.5541248550548219
0.03528168670959882
-2.157168135766181
1.6942284344945011
1.0484015351644942
-0.9868189312789509
2.321731377386184
0.9116401303954569
2.3248681662628323
2.182920608218902
0.020897834922882524
-1.5224725361764324
-0.2906849005013051
-0.1584382550533131
-2.1502414216162027
-0.7908828161621066
1.600986794860318
0.5621387799719024
-0.7508764683567626
0.6348239347729028
0.556815358175617
0.48702748825107256
0.6345446831419346
-0.49455005281620895
1.217176966933608
-0.3491677972510736
1.0001222934306429
0.005574828500415865
-1.1594213318409046
-0.8948520241496558
-0.620111996544619
-2.4791895517070417
1.71111308420098
-0.006038235156072588
-1.1470797674372026
-1.268899862727253
-1.3512899439818555
1.9539840307186007
-1.0160294778302814
-1.0706699899305616
-1.4701221093255383
3.6786034009004984
-3.1525606457503916
0.32503877881544363
-0.25673896532647694
-2.618920746765159
-0.032306920618122216
1.3600948731271156
-1.4994973447234117
-1.2580419379877574
-0.7047947957726344
-1.7987884765748565
0.1429698013104504
0.7930848569356868
-0.8598102723759058
-0.8050460509225366
0.27105399611031017
1.1637085428257066
0.024730273291634665
-0.15232163428840906
3.5446745159279387
4.777947657685132
1.9268861621497015
-0.4176383766683121
-0.2662298470133439
1.5975494729430753
-0.6138951168822473
0.201367628441785
-1.5990759810102557
-0.40005233746430646
-0.02739406060261553
0.7369764867800999
-0.7170923451107067
0.7388823676690884
-0.16533994655768605
0.3987668399355137
1.2546621182584459
-0.8946045913408143
0.9851363901044514
1.4373312074641422
2.4458818997694864
1.257461415873934
0.8301307233736231
0.9748783571609267
-0.622058482367087
-1.541433512568484
0.5394318187740617
2.3486579067196565
-1.466319989499578
0.28584044617282645
1.412319713457632
-0.36686102818010813
1.757570700419749
-0.11965886285582851
-1.639474440041553
1.5713259268612079
0.27789895868344916
-0.7882309436043077
1.6707512494293388
-0.5399231611416179
1.6419969619620793
-1.6270103476825335
2.487183028093107
2.8394562235810286
-1.3390977502715484
1.1533262721023059
1.8291641219268504
2.0444335743633855
1.069412360103204
-1.681175426620967
-0.25971548810464906
0.029101511432455554
0.08995477775572815
2.2865283246621897
-0.36896455370901055
-0.30545985987049606
-2.656688598617907
2.2134813584331443
1.7520175430716047
0.7802124861042572
0.04319125730988046
-1.8456139866976586
2.0650286667857034
-0.7505754578163197
0.06424103557917263
-0.325987097692644
-0.4858155708840873
1.9743660935904512
-0.8993912431628289
2.967975074416606
-1.4635272662545349
-1.1929988959446591
1.2045983533112157
-0.6052265796322178
0.23515950974448466
1.4613192041677117
-1.3344827138824344
-0.7711994864954774
0.06439224431734811
-0.28040144435024933
0.652096109351806
1.7972331565022734
0.8368698649040733
0.16398773107875014
1.0603696389015806
0.06599402537825118
0.15086087392346764
-0.36979953493457907
-0.8676291128700371
-0.14597119696883848
0.5769473905670686
1.5073707528023408
-0.6638661529915324
2.3260609274243573
1.8647068635951607
0.920717611499358
0.8341607024375369
1.485682614174359
0.2853684388351445
-0.5520679692645218
0.29460945750650924
-0.3621075555873577
0.41274235188594366
0.5029513658335703
0.351317070178653
5
-0.853564612990425
0.5662688382025656
1.1369779444890489
1.5591902916413285
-2.862759580606755
-1.0557714905081852
1.1777570798093724
-3.0962268775389212
-0.049269810002762475
3.180139219104816
0.066751408409176
-0.2928372916728207
-0.12289109795916976
-4.147435754137436
-0.3684999672076747
-3.6638303230068945
-1.3726396098373042
1.029533986956839
-0.044540599867504076
-1.931089068295785
-0.06852558222569419
-1.6443266959907865
0.21307241599634547
0.7541918707548543
-2.6734498667437907
-1.6034194885486615
1.2211142333131952
-2.6899236489470244
-1.178245867838317
0.8419584763074422
1.3876148292188903
1.240660997321417
-3.3622051507412833
-1.0806042245982623
-0.15323510426321618
-3.903752670275364
-0.41308481228390687
-0.32791129777947847
-0.326596038628611
0.14445406237677139
-0.46506461161446705
-3.545829161577174
1.0759149511147514
-1.0817481426055338
1.9542614189496201
1.4323609789609406
1.474333850554105
0.16578024305281736
0.8417053602224093
-1.370830819017696
-1.7448150120275807
2.243472940480391
-1.3774849648330474
-0.07566369751684052
2.9984374734410766
-1.3406001123260347
0.22714582422893506
1.6684118922437254
1.188956155906163
0.6340600490764219
0.40398719374497183
-1.382036303866137
0.25661872193674495
-1.1686831354690568
0.3755950215408141
1.601332471234839
-2.551599569609148
-2.6205558189345943
1.1951632340163414
-3.178868930771185
-2.3030483568813036
-0.7386751459661964
-0.06366020166670641
3.915283462655957
2.208464240009911
-3.5540010620513094
0.19197741339902386
0.011777005619226913
-1.9226514253049567
-1.9538581829820834
-4.420003785251207
-1.230826417996415
0.5697245771353002
-1.0781661382000447
0.09016151599406068
-2.5535965239505725
1.1340773914615232
-0.3512973813794163
-0.38313951186357187
-0.5251890460001126
1.6183095090109632
-2.5450075462782435
0.6693604143693018
-0.3833222403974323
-0.38241966306041764
-2.5389261703131534
0.05596525953584097
-2.0169898882360027
-1.0152111224670552
-2.4168053942296983
3.5964377454455936
3.6343453211909362
1.3119351606524927
-0.763799364347378
-0.8194513502739564
-1.0381307905685158
-1.6597639547979364
0.8975198383509025
-2.2475964459715145
-1.1546095954818762
-0.44041025783146037
-2.739375803927398
-0.337231605127462
1.326350353737032
2.469897327665681
3.5973189516018675
-1.3667955866309656
-2.176004854382375
-1.5604016096069828
-1.7929129821515783
-0.2523763160163692
-1.4369461735885194
0.9152414600047416
-3.046296622606019
-2.0674418591511796
-0.8434510146493386
0.09087518766104918
-1.3536318509735656
2.1855450721080767
1.0080606957044025
0.4459665706573826
-1.0885719480500928
0.3835485921820844
-1.8903873320891733
2.072440421243539
1.2749217398967203
-3.357591807353822
0.6556515520554916
-0.4015097019582027
-0.5552548837140079
0.06032070177535465
-1.388453702149242
2.4975930406605227
0.8461880577835217
0.7476573123174403
1
-17.306439693723643
-18.019663692477835
-18.008263161611094
-14.85494546791678
-17.426599348571525
0.8833078167357524
