80
4
12
-0.8016655972935808
-0.7789975637659884
0.3694227055690727
0.18897241915677784
-0.7172717987822325
-0.36810874474777505
1.1349221041705924
1.051633512942232
0.32227287630736284
-0.20492078841277525
1.1336624693884123
-3.72382852580395
-1.3694345410915887
0.6944495243707104
-1.2781391744947985
-0.9153155582931863
0.7765023800254952
2.142459008517491
1.3227371493101208
1.6880338729709954
-1.6914972098059258
0.14745330492924655
-1.0726689655090955
-2.0406694357883617
0.5702350611316511
0.9047435425918582
-1.4365435895140575
0.559615358796319
0.578089318996225
-0.29528190339002647
0.1756645028343779
-1.1612081929057274
-0.4195401409039527
-0.177991773377743
0.271695020811892
-0.8671356828633734
-2.3625842755651996
0.43543270809884654
-1.310449528766239
0.5265574555968837
0.1376687086871966
-0.4023406135372732
1.0476749194529944
-2.3028983739883873
-1.507172278586982
-0.5706970732911806
-1.96066949120716
0.02992374475144812
-0.38839072420152726
0.2414329043658648
-0.11584043091300444
-0.36417837300125055
1.6775974526003723
-0.9709949490508077
-0.3866942474516765
0.8151073672633378
-0.9782635430929442
1.5680296219807488
1.591614369917584
-0.2343900501039905
-1.3356372885415357
-0.8625423902181256
-0.6397268415961984
1.0125693444639992
-0.12559916407094354
-0.7565324601819122
0.048845773626400794
3.099406376787
0.3887391828938562
0.7345779791812909
2.215486089955622
-0.2914486026010787
-0.7899469818619844
-0.552049100410382
1.0793897557717202
0.5777191557369816
-0.5124250501312819
0.21707405029189986
-0.19548947010860993
-0.33916577761731664
0.2704517683111477
-0.8651397911792237
0.4227983513773797
0.0632259877082909
-1.2327138999147413
0.07140047688651634
-0.012499526683059143
1.977192480843881
0.3701216322244849
-0.6627020343078579
0.9538369305084304
-0.5943986243842079
-0.8416851711220169
0.8823994006418431
0.22987301664215115
0.4101412704330321
0.2852061013911238
1.229630458943615
0.14846515337000785
-1.8884123178286571
0.395033413604333
3.807221531426792
-0.3578471899206095
-0.1114970388707502
1.774276655252073
0.5717267875548595
0.3912736677815401
-0.4836456594827127
-2.1331654370539153
1.2123794039955018
-0.3555335722134439
1.9624571328419271
2.3012716430402915
0.7801544962358439
2.005622694982524
-0.7182989201536651
0.5649375921443631
1.588703000361713
1.0684760436385037
1.380583671115581
-1.2359124437110003
0.1985252484326389
0.04180583198787421
1.4437004385915084
-2.6282887892545617
0.03503138910387395
-1.5258093026784825
1.1889757614909024
1.563332123402783
1.5001270596274536
-0.11748813113984609
0.11364646005484427
-0.2272457100229016
1.267718808363999
1.5263581361160474
0.7096968004510306
-1.741295782904766
1.2544462140330335
0.2296387934386262
0.05140330136825933
-1.0760146977235119
-1.6728703217894025
1.495275866365065
-1.4003941061226368
-0.23005187707514513
0.9365477163059998
-0.030032603901097802
-1.0434675562118325
3.523295515948081
2.343256035073344
-1.6057271250273994
-0.7319302848215968
-3.3724554021171174
0.8437793369122463
1.7475498853334928
-0.7795268683357941
-1.1564973547080755
0.1598041341217082
-0.1406769212231294
-0.2032785826812638
1.3293323106592745
-1.5300148035773946
0.3918796359508045
-1.810691119446868
-0.5095731599385461
-1.2271232713378193
-0.42819220374007755
1.2440287444773885
1.0152076970120567
-0.40112301526785116
1.2124503801398796
0.3828740089379975
-1.7083531766942932
1.5397683193076064
0.6849897302619683
-0.040125992027878477
0.9286850855516787
2.9024988650290027
1.0370463115040565
1.3510515664531881
2.0152906591415594
0.06899461429865412
0.2909903632804607
1.6967772429172756
1.1891832959960242
1.910893852783397
-1.716203506636927
1.2882357035152805
0.1722778391064102
-0.3913355789076974
-0.5932302661946477
-0.28320341373627783
-1.9610943114477637
0.9690476243153211
1.8330248363031902
-0.514079592362673
0.7488570775467196
-1.2937270678017057
0.7989986821795381
1.1449190573558412
0.7845824214552812
1.6452677474883088
1.324711886483522
0.2311716972198516
-2.5823670190333576
1.4315807768015991
-2.3752240361321837
-0.6629570175914279
0.8675305284009776
3.060341257214235
0.9754349439720813
1.5308080722637476
2.015411253803798
0.971227045094014
0.2862769671683345
1.3859410505141618
0.8643391745908376
-0.9281909857898404
2.070594202177479
0.8005518578719829
1.1127583294573984
0.6895541528037513
-0.10224693036005647
0.9938498603551852
0.8217716752280285
-0.40038803915491267
1.0041998468441637
0.7179618644173424
0.3642011289876699
0.7061743832244128
-0.21423588814324973
1.0354436121857833
0.2023089577805677
1.5357810985907498
0.5618159438552346
-0.8082597301688911
-0.3580908109398504
0.996726193587217
-1.5322379107294124
1.1701092747535813
0.8379910596360975
1.24455097095267
0.4862814984759585
-1.3302636072505472
2.029619706921308
-1.2259861808944859
1.324731876090772
-2.2691177818227386
0.3698130868546103
1.0915559568470703
-0.3789569632240678
1.5700265985588229
-2.106669757173373
0.9720630862241083
0.8104782669936822
-0.2153970140688556
0.945304134010413
-0.11397352132209464
-0.5889914927100139
1.7981024696356616
0.411632385126214
-0.25277561338747223
0.9419065837698548
1.5515122554185228
-1.3246585597958342
-1.3668459006777542
1.4345575136493893
0.4778188823349244
0.00886426447324648
1.2501708702718795
0.6790806253669203
1.8412536461646691
3.158501655329776
0.28695336866430016
-0.23666198952712025
-0.2753633681284053
0.9938632907201861
2.791651535870542
-0.9257235002428504
1.49512542413494
-1.1871937573419997
-0.6931682656504701
1.2439150546853772
-0.616969751127478
-2.170800959196976
0.2663323364133155
1.3440237523352565
-1.5782055005991955
2.2248242661085795
-0.6868195374141001
-1.928287125560649
0.5508165284263435
0.5419988830665201
2.0361844983709654
0.7208214057833873
-0.1386337552834117
0.04623849039528875
0.6572395576318919
-0.7954936251515667
-0.6989615142002514
-2.222848929155206
-1.3942314438197325
-0.23531539823238137
0.8576055526042003
-1.515334183760528
-0.4717543263229399
2.096803910572084
-1.1804835242392655
0.8198537741120707
2.4507698715502113
-0.6619154524001394
-0.6006889793049205
-0.46061315789439344
0.6900589794985227
-0.27137904924317113
-0.28363654790923876
-0.3794778097884798
0.2162016778229006
1.2071438037431557
-1.895192765690543
0.045066885105037396
-1.920776366561586
2.2750384769448475
-0.7635502987749251
0.46048263027452135
1.8386249125722545
0.2849727612555135
-1.5276939084421854
0.0071714930894190634
-1.3833080076719595
-1.1335963829221316
1.4037026016388128
-0.36351342953730886
2.284380195496401
-0.6206171978182147
-1.7672746381842654
1.6962481568483072
0.48711932552093395
1.3910437064601329
1.8171672739407583
-0.213557518004117
0.5739695608190175
1.5043652153037739
-2.9646487067556704
-0.3040383533287834
-0.3686607916558599
0.08896975817371396
0.4099142086259446
-0.25697038452453586
1.9456431808330852
1.2518565490482527
2.1254360243776342
-0.407321870413314
-0.5903392999946543
-1.055023872354074
0.9044162955304231
0.4381421420387203
1.5725756369735928
-0.3791378642560132
-0.5342791454727799
0.8529755266035293
0.5650283126457009
1.2503372602670098
-1.1827713083809164
-1.008401908525609
2.2611266185571637
0.5767092685173683
-1.5934667455095461
1.276701844369202
-0.7836834506767242
0.0207784964794667
-0.24559144746704475
-1.5971829073115782
-3.0093561722513376
1.750269249403858
0.1208184759402815
0.425839027873498
0.4167962768444392
1.8493142102158096
0.3624598119136789
-0.16108812134902534
0.6245241605447526
0.6002698957434612
1.0332267658351448
0.399175585691063
0.2971240236854473
0.5156686503168976
1.7741893014315333
-1.2895687997039762
-0.4658795356641559
2.1883649783842642
-0.541722021202545
0.6921014823215788
1.2840681342376064
0.4861773684087977
2.0770189224775732
-0.3425862347046542
-0.4077230306445769
2.269075234595546
-1.2435772485752552
-0.24422150654235875
-1.167054057876855
0.6817027690184918
-0.8051650420860452
-0.5172385194500448
0.3383198568387654
1.8636854700646426
-0.696997095083228
0.279952264671769
0.3160767870689397
-0.2201622065804565
-0.32690488765986186
-0.5135358476499582
0.05086510176358455
1.2085647867887954
0.848375753849195
-0.6713592962844197
-0.3566260401911099
1.1038518586217916
-0.15851553500438956
0.8258407072517107
0.6425661287085441
-0.7261672121234367
-0.46269610352805923
1.0787349607166352
1.331498502235269
-0.8884617101994479
-0.13453791245012328
-1.758370627664228
0.6906252544579276
1.8815066617590301
2.2678703641129205
0.589036317570284
1.58147043800994
1.8539402802433318
-0.19777662032763227
0.5634268856721405
-1.4965636241818359
0.07488190419456649
0.9413881521622486
2.6832551058640965
3.2743210334353754
-0.6966562186777814
0.5917248102282839
1.2063068686796392
0.20897448457374537
0.4010797475944391
0.05448476826931775
0.5644562959986629
0.3515970404652489
-0.041906711935720466
-1.432840203256244
2.3127922168954225
0.9798085874479953
-0.5712062022968855
1.1950099323609051
2.01380861890966
-1.1718378040168023
0.15377416437840408
0.6645489602012694
0.42550381671214116
-2.1504700344403163
2.945315112236724
-2.668867865612975
-0.5597291054105804
-0.5112165736368479
-1.1670265031954634
1.2924242790750284
1.8215928752527402
0.911997976057906
-0.7359706815842649
0.11153957500228069
1.4921551126923618
0.9479605917064405
-0.06249232946344444
-0.1478414629135486
0.09703560282701823
1.9229092466012152
-1.8054432985679605
-0.23369635691275045
0.23697571503858955
-1.4731816179590205
1.6731577630043086
-0.9356877672648601
1.3725748772502393
-0.4564108600355084
1.4009039696196541
-0.48953751692496794
1.357701905531999
0.30314381592558
0.06565588777561925
1.972718716170698
-0.9251592682129325
-1.0892821431530235
-0.3742750376672104
-0.975969618144892
1.86836429303503
2.9115550611214105
0.7470231971609744
-0.5750112937804586
1.0099298313916856
0.12938357325910244
0.9670317777847526
0.7842457159364741
-0.25041547805539366
1.2141469919049899
-0.15159598081697048
0.8295739369244913
-1.1034251852584775
0.7856977000560151
2.2285206976247416
1.8904151567894532
1.712976879822744
-1.0932664513894461
0.4437542621785201
0.23104248996853935
1.27328047196917
0.9957423046520276
-0.47927034635856713
-0.09076665702507039
-1.0527930362181566
0.025195210668844562
0.4304239171954518
-0.5681002126987389
-0.7193422133772482
-2.16005001796298
-0.23903899232077225
0.2377384522905273
1.345469237036707
-0.3328206834672726
1.090851068399245
0.9977186440285776
2.269921528330475
-0.7839040547996675
-0.14029972944135996
2.0415626738864523
-1.894097085867739
0.10766769933960824
-0.9111216963615804
-1.0616356636016548
0.5067476688695932
3.3049729456117167
0.8618767428484276
1.1511840763027406
-0.11932887192371057
0.5604052720299296
1.2271941632156336
-1.1082472136925532
2.7041368456568793
1.3487436381028495
-1.5141167025304185
0.7168035002415104
-1.6558077120959953
-0.6387017229620839
0.5086707404555956
0.7500301786208028
0.6120280708947179
-0.9555786845062125
0.33639064989809425
-0.5002117363462335
0.5351712710246518
0.20815413596879007
-0.7152050073081748
0.154435150732621
-0.28401910883582077
3.354043653083059
-3.4960682160538465
0.34365025748376066
-0.11968204678309802
0.47600625728974527
1.4048085740799752
2.5278410906032343
1.0590622936314555
-0.048165445167656515
-2.370420352115672
1.2077030435797629
1.9004601561577508
1.2668840706221356
1.205828751927927
-0.20794357097347485
-0.8380123260366331
2.8653487958670163
0.3935496698887853
1.483475521014775
0.5634972140887782
0.9193439193185693
-0.600164105161534
1.7199290946854853
0.10036795077554723
1.3170354103898456
0.6995013606066726
1.2166908032375143
-0.3137682162521331
-0.4789857830314238
2.612716978216334
1.0416891664318262
-1.4833033415428458
-1.67764431810498
0.6402548147961048
1.6324499818950085
-0.5516987639016472
0.5054918331969438
-0.6519491383882322
1.0040532263615676
-0.591494985004989
-1.034141652379733
-0.3380693754754596
-0.8012297766936025
2.0486108596166956
1.0585942681296316
0.675119496256501
-0.4295297432003814
0.2796536660974866
1.1398149778576119
-0.3260491098030885
-0.7127855510884884
0.004942457561967379
-1.8918183726712006
0.3442847541541324
1.132582450693811
-0.7279682952243516
-1.122017553505013
-1.2891801474974485
1.330052513369767
3.3610329837803183
-1.198497575176033
0.7487997577991117
-0.6008627851161472
-0.3761361561860023
-0.2948781653649373
1.709346055876524
0.44862689376655124
0.27700837561169495
-0.863560033705723
0.6053016885037017
0.8115977896771198
1.116759785934594
-1.465565363656149
0.8304875409862533
1.3628375126402235
-0.9956049151236881
-0.08129535237048711
-1.2871481247299663
0.1298052311388747
-1.3620476829079096
0.30629450927809315
1.5303796460322663
-0.1923125039805923
0.7170170655741326
-0.5025945600979167
0.5008537781780349
1.5278501712626378
1.041432189792621
0.2547276082140799
2.476991911766177
0.7539975015911765
-0.15410754690869452
-0.5932771508585422
1.4662440372655126
1.2309232925447302
-2.7164967436489063
0.6127867058930169
2.027169895243266
0.8863882636922163
-2.1983936390301495
-0.0046360197779284585
-1.100412231848453
2.8107528236961943
-0.032874971769688066
1.115726391607133
1.6139805143870432
2.4151080201074158
0.36732897639351686
0.060465437230870354
2.283535132767273
0.8138523252301029
1.0460466590228172
0.7370775361978165
3.611707276643016
-0.6767069917291961
2.119637773464584
-1.7744134447660644
0.8973945538745326
-0.7598173785224057
-1.865210431726443
3.0489612034376417
1.872148674067968
2.113672772121168
0.8704566601588011
-1.0044344332234496
-0.0786608933160906
1.733735100592587
-1.8249561370985903
-0.5131638081568309
0.9071384428280299
-0.27740558981936325
-1.2532692464929147
0.16739426463755674
-2.4497049270801803
1.8346457560751852
0.1999176410527034
1.0973587376235243
0.7177042624791803
0.8091760330929965
-2.516538748137826
-1.576833807806428
2.6460560528744135
2.141183152917526
-0.9683787743503368
2.2595767702531133
-1.2765340990079357
0.677099143950348
-2.0270827234628865
-2.078011859522259
0.6259051148120872
1.4419516709993068
-1.7350519359468537
0.694789542983312
2.0022823026725662
2.7502188752990384
2.0702171978291055
0.24249741478537057
1.057625555104076
0.8232243831580827
1.1240354465858098
-1.973582867884847
0.6958771565445058
-0.7010319292598491
-0.06801245405437592
1.1472367564216963
0.8753101119738783
1.139630461771907
-0.5609608912109567
0.45962515825063194
-1.478593963273199
1.529104067496134
0.8230382681965264
-0.492206388268272
0.8585105682732116
0.10687232023122789
-0.18888392545153143
-1.061713854763819
1.6711484188527805
0.8270092839124632
-0.8259705013411877
2.985515975654664
1.2092152968020193
0.687722071397354
0.6031478358388408
-0.44904337500723046
-0.3028548807213097
0.7896961874916356
-0.7639300488478912
-0.7588294155412186
-0.43149102610503814
-1.6109388220066958
1.6981914216989222
-0.7836935888877735
0.3301036306768496
-0.8307019474448206
-1.2475331553692532
1.3422224234888325
0.696780778404767
0.7942193408880192
0.9270380182708503
0.372161779614179
-0.5965206056853766
0.23926068994133218
0.4569133575058072
0.5149263440705036
-1.2040402223417708
3.0313822261083962
0.1498030625447785
-0.06982641976801736
-2.826469246982891
-0.2438238330485547
1.4290563270556746
0.7418346918356126
-1.580960818231777
0.6555130537036558
2.12441007778682
-1.116697102832159
0.40984510530191376
3.355784269852991
0.22765661479098018
-0.5102305901610519
1.2796204822644752
-0.7610313526997463
0.8370902082548177
1.5394435470647303
0.19392060767324298
0.06568883714407708
-0.5833872591053985
1.4895715207760374
0.4173452005739225
1.269377535796218
-0.614733184461577
-1.5393439321655813
-0.4796317146966073
0.2529608466031269
-0.31476591821257444
0.38362934468091103
1.7114387821677395
-1.8245242118902654
0.7455932702728543
0.8993310269380562
0.8723276761347427
1.5837085405997693
-0.2844606096834272
0.30899229516823734
2.068058618412766
-2.129065441498534
-0.6715596216794022
-3.850096760226173
0.24721315558313153
1.854829330221117
-0.24840958214598757
-0.022743037366908636
1.1114831985518516
-0.3354441088481593
1.0583663916038184
2.1452225525967554
0.8135054615118001
1.8156213041538702
2.684939202740881
2.0515812673752083
-0.06916381550822932
1.1837681287932573
1.4073467315095751
0.3119288899068927
-1.1075270978346001
0.2393257233967649
-7.948935004559541E-4
-1.3112444167646977
-0.8323786889834476
0.22246851428751535
1.5891928221896985
0.05556066248116982
1.112174401261199
-0.4770154667086482
1.3110791974318081
2.2904080006398435
0.33726879318559605
2.3208489571471143
1.4424817825373188
-0.30001149940677335
-0.2326808507222015
1.1367923283990093
-0.7237156360940605
2.425424537156767
0.8432119872266581
0.4918933801981795
1.5737550441192054
1.530736764859195
1.2653675294662006
0.5987155089806354
0.751642650941092
0.22466188928345568
1.8793845179469852
0.912186152658157
-0.6111525325361068
1.059563168367329
-0.28778191556927735
1.5308919870096394
0.4760936263922919
2.3806039146070095
0.027270092639468866
1.706099306843724
-0.9224669786737287
-0.6695647765709063
0.32383980690223063
-0.8892418631403163
2.433288875356118
-0.3665435705623325
1.1955302356927886
-0.030106568355803
0.47704256872319384
0.6875110971891737
0.6700449338056814
-0.007621539667061469
1.6529789053712212
0.3193939898042257
0.7925954788701352
-1.3137889708367332
-1.4905537726450857
1.7210795502757417
1.128945707481315
0.023631398983425568
-0.04419447871354461
0.6133934913548679
-1.4827734851770287
2.3488533910150533
0.1596762683501416
-2.3865080794496665
0.5548675415125178
0.05306545381544447
2.078759527917914
-0.20159017006147817
-0.47083992051786305
-0.14951070730994545
-0.3868455416415648
0.19059409876046543
2.199464465954756
0.9468023980473014
0.8022360205349763
0.4643549290650441
-0.08878446754940993
0.5439791212957042
1.0932074641821758
-1.1403091412572197
1.260750527298519
0.6923334348144442
2.3935497798166674
0.5656748783800131
2.0666259071744033
0.6519327524321957
2.6515924386218526
-0.7994518848296589
-0.17630955684023533
0.4553181798134098
0.39530234570556333
0.42622793504799894
-0.2711691401922767
-1.8521317063189502
0.15199308218754096
-1.5121594860460676
1.2897098143952723
-0.8751337304361506
1.555095070675777
1.0503545822683602
1.6482502388342704
1.2090893032375112
1.898463792718164
1.749521291918892
-1.044112728467675
-0.6139881743680529
0.09504314181307148
0.5087902116980664
-0.7747526809719248
0.39904952872680116
-2.147232767822826
0.38663638024947267
-0.7576019525399029
1.53018900281258
0.19536807708267537
0.1374405866043654
0.8501751513189207
0.21037187788354936
1.2208195722651132
-0.5093623976657121
2.7305534494515107
2.1043774091672676
-1.9659033365983771
0.9064023197092435
-0.5686467401297253
0.988394055934869
-0.5174239173499706
0.4942743502548234
1.2353048738567671
0.8668989853791931
-1.9243781419908024
0.6515636709275652
0.028129479198320782
-2.4420020218935976
-1.7242857460140635
1.0384092816557466
3.1321963140967366
2.9817204126534698
2.8262183879864278
1.7128916506129155
0.5437433718478758
0.14367351080296606
30
0.44117295253170624
0.9525534226594216
0.8093608393956623
-0.4059215742560419
0.8658221965574835
-0.29276151568826236
-0.4156782034252964
-1.3210402671171584
0.5452970063431508
-0.21821428374276944
-0.6218701027786288
-3.3875205195490437
-1.227270851673359
-1.831322692162603
-0.4918707994074476
2.4339380242712374
-0.126827027728571
1.8462311561584974
1.8426799982051358
-0.9287043375569796
-0.6150263464409976
0.48954384527520983
-0.2732827929717001
-0.5256262027979149
-0.4891216099232788
0.5148115287344027
0.5124229410897632
0.6645781059962117
-0.7692829293685558
2.5400911027944755
0.8189443383771153
-0.9095164855166992
0.06214407311582465
-1.3082492912174166
-1.451950354213793
-0.6795644179600195
-2.057632896442781
1.8896984729306965
0.33698847092912265
1.9447457982911507
-1.1663374290835848
1.1089630506815942
1.0893413954136846
-2.560951611403129
1.6866833740119564
-0.05297570640862554
0.8411181207422174
0.4446464158282792
1.0628162017860392
1.7932921372266115
1.143166460049374
0.21504406414234356
-1.9331220812551158
1.061824637426211
-2.5933529639499024
-1.4400336775865685
-1.5056195089018953
-1.3129999791517035
0.3824684523725059
0.7421986676795598
-1.252697097432115
0.47154076340674944
-0.5395623109669934
1.9766218553181416
0.45917415878550394
-0.22853113728906044
2.8849945620049846
-0.09606964368856231
-1.7091918330308153
0.7852336199393264
-1.262686150027853
2.033335733217966
-1.4851967962121961
0.10363152712073131
0.4133073125301581
1.7303163760259497
-1.3947331326482455
-0.3051428135114465
-0.5285028382952118
1.904726383154799
-1.6726853759789297
1.007640774445318
-1.4658341123325416
-0.9239236152273858
1.9997214373070096
0.05731070502211005
0.42042688589409416
-0.9078202586841506
-0.8872280671866193
0.9100062109574486
-3.853735179344258
1.8340719781994834
0.16499560918655365
-0.11987179497616265
-0.2541866198979741
-1.5656686399598656
1.0693441683245044
-0.2240928542560956
1.1719590178842392
2.1632090900208554
-0.9062820178535383
2.383422618954205
0.4168858649240935
-0.7979708213301966
-2.1469565935203807
1.0938611969315568
-0.7805622773679125
1.837746533306618
1.8842639203282634
1.0147578708942353
3.7806241680074426
0.31903666414429166
1.8216209996774897
3.313472953988142
3.43556570229512
1.371852265960778
2.0076292715867576
-1.1103210910553833
0.07012795479420023
2.307113086744073
4.494138010709568
1.9385988327435628
1.0054199948904783
2.732322444667882
1.2897334073486295
-0.5155774097051606
1.3566230114060498
2.0242477714483393
2.249975081703666
0.9924398033205646
1.7472919627199046
2.971389141104413
-0.7589196802483636
-0.05460162490035095
-1.2127372746216922
0.10145370972492046
3.300325764793623
0.02086084462288662
-1.1912453001149774
0.6580186494883304
1.0648401351719543
-3.484708838373777
0.004146276723691396
-1.450441493795534
-0.6325274602409459
1.7723321151452498
-1.1221186900167153
1.4224789860184377
0.23478518790065106
0.6974440784846759
0.6861580135936001
0.07723054987610467
-1.6051136371005688
0.6184199122244043
-0.5161953378468396
2.821113544954352
0.5160217716298715
-1.263446046782585
0.16976583022673508
-0.8720198411415516
-0.6435610729234517
-0.53990548517079
0.501183079923483
-0.2674167970752151
1.0001640247991288
1.61075100237193
-2.1582421883072778
-1.3923461623659836
0.6289604487380932
-0.8836311516681412
0.16449851847149963
-0.9785505935758673
1.4287644116002636
0.4034172224646862
1.4023628816480378
-0.5478882971866454
-0.2973995432257961
0.050376196640123126
-1.217374827169896
-1.5728857849043982
0.9385610212337377
0.48581990308251605
-0.04403676809831687
-1.5626196599575746
0.352339746465012
0.8751363775601425
-0.3318241804266924
0.4647519111731265
1.219322273040231
-0.9627133944882079
0.7314806464987054
-2.7474112658876395
-1.6548264555480434
-0.8855330401605522
-0.6047822590687045
-0.18022724791993394
0.4646383494748518
0.9784900224953359
2.087974294995784
1.293300554442303
0.43613837174387343
2.172645927287043
-1.6907065526003238
-1.0892362834208311
-0.7552306677327385
0.2375008201120562
0.8326498816817273
0.4821661023922627
-0.054518381277971546
1.2977058234640775
0.712124007181886
-0.34669419537720036
-0.6970560931623782
2.3713546589175496
-0.3723082797972622
2.477950172708247
1.4810942918768182
0.22664227348496915
-0.9251822212337925
-0.5147962979458898
-0.9230094510110652
-0.04300047369661354
-0.8024934263808126
-0.4011144941093622
1.223569869608629
-1.803149971601071
0.9735563645922736
0.6882274743358566
-2.2587460997693145
-0.14811663263657776
-1.2212592409395628
0.821936929767549
2.4260549228657853
-0.70065771211846
1.6383185453032911
-1.516372099930392
1.8922423921010414
0.3605899364006995
-0.06565299812500604
1.3596138579136614
-1.955557516196602
-0.352604744421297
-0.6029689091369208
-0.9923362688743048
-0.13763116848167725
1.1823305812065903
0.9345992162667156
0.9531361656489767
0.7537129723223668
-2.0521050500026874
0.8576029350410559
1.225342314828854
1.1405485596833018
-0.008081757004691336
-0.9242743037779634
-0.7496007980251688
-2.394971471151006
0.5436227737572727
0.6395789172090353
-2.124968130164737
0.3253485372936122
-0.09863402298267204
-2.54318973610028
0.7549464366744604
0.4526688355357132
0.2602256979893857
-0.25591704220369493
-1.2833147326264198
-0.28584121667115525
-0.01858214301991288
-2.0079322365816923
-0.17444704189861673
0.5184224318501244
-0.604644834510623
0.2338965063778989
0.11163967547898651
1.5441610853070946
-0.40889718780289436
-0.9668184888886517
1.9346955363577145
-0.9268538841713995
0.8440605666346773
0.625905945329597
-0.1903108643816467
-0.5907316072363621
-1.7795076994669157
1.0568954608653571
-1.951084145263797
2.2120769273741545
3.7867020303222194
-0.40462832406457594
3.6772137541229633
0.8668526628728928
0.3185553720693129
1.730591677255232
1.1012086976674043
4.353558612610916
2.5639758017164214
1.8974707733936542
2.0655828457888554
0.9743005669679393
-0.10384791738263245
1.2822983082732031
0.4249179262857241
-0.49661809702223825
-0.5608126453673311
-0.28731173161130286
-1.2402884360768112
1.7536354952028916
-1.8936139145070876
-1.416627094521455
-0.3368229703972813
-1.619442409292232
0.36436848006717587
0.11774995255249321
2.189596650673406
2.010471792597405
1.1223348505352004
-1.6970831035155325
0.02242381437649116
-2.7355433505668896
1.2543999040812606
1.4473439270747406
2.183907344173504
-1.131780676930534
-0.849254268982345
0.5052516437332187
1.82835225868403
-0.1396690204936187
-0.41533262406575505
3.5709823512039285
-0.3477211265634075
-0.2690826855889461
-0.009837337803927104
-0.2800858703064779
-0.3323765584047849
-0.17823017766480387
1.460415838803576
1.3478584125264483
-0.45519296944247667
-0.9469794085843077
0.2288241238221098
1.0445249863844472
1.20156065043674
1.508606923548414
-0.6543687461907615
-1.133853570719617
1.6537209053839839
1.080260429385705
0.43808217819839684
0.20932886502489498
-0.11775301632348842
1.4339459684981284
2.010272937583285
1.8696101843238462
2.11073036696347
-0.0686049590579453
1.7888670640859023
1.3980369314188734
-1.4373574863846057
-0.13102165953284672
-1.2004773611819985
2.4307399537094243
0.9930628867059537
0.03119679748243479
0.8554824529482616
0.7010253206024385
0.3631140080935324
0.9616148165837881
-0.9432344374252091
1.4172839248450555
0.7271357530212536
1.457456415907506
0.5992406607454658
1.0997942304906296
1.3411829052691917
0.6697541658547048
0.5379169159405051
1.6245620765339894
2.098431286951294
2.2771643959651433
-1.3766370720634313
0.8549027303157136
2.18671748172403
0.14311317402740045
2.4406935152551483
0.8314440916115249
-0.5492389933450464
0.4732968996421734
0.7785301490460567
5
-3.337872860243244
-0.5069979963801133
-1.522505708798293
0.848479027526902
-3.436623412378239
0.9921775242235074
-0.8450798115722749
-4.229406773846498
-1.9776117849684067
-2.177252651003579
-2.7433105810125555
-2.718021477459625
0.22554963310013704
-1.856121842214908
-0.8857631113753944
-4.0061931381132005
0.12210650536477338
0.1155028938824498
-0.7080586696639903
-0.6781049831510166
-1.257055908457448
-1.061380083600421
-0.4214896687303264
-1.8817761808704494
-3.2713546295605225
0.2901594463242838
1.0313687971130594
0.33986747317102134
1.0369387973033186
0.9629563851016445
-3.1847797164943095
0.15109262131067336
-0.6066934859749795
-1.359649495864314
-1.1851496695003239
3.6194863448247356
0.9169538789865038
-4.356923532388485
0.6446298067544473
-3.795966299885358
-1.2451081247690652
-1.7795034717605023
0.5126087122499858
-1.100753994609837
-1.813315609604439
-2.812931328718095
-0.11342744148377215
-0.11506241443958205
-1.3978564549943566
0.5909304534964845
-1.0315812363853305
-1.3094838588590751
-1.498561923774663
-0.5053445825474223
-1.9361174363535743
-2.7966986830514653
-0.13291510328498057
0.13337946981790197
-0.6722262065650363
-1.7831648672534586
-0.7603703438752343
0.09137370331523957
-1.5395471655870598
0.04600988034739382
0.33179082874614313
0.9083670691737035
-0.3227715918556288
-2.5960892350970353
0.6050831743433682
-2.7345341594570223
-2.554217531736522
-0.3199201363174449
1.7644464374404811
-3.340922118826517
-0.230214016793737
-3.0436540616840677
0.718046998215303
0.07865489803496209
-1.152460161581954
0.6956337398893911
0.4174487571957019
-0.7975764489233839
-2.045122903081167
-1.3770922451078786
-1.9059670579907813
-0.30663232354695363
-0.7513408547946603
2.6390346831093634
-0.09625628141485269
-2.462105577403313
0.07024405989278773
-0.19973512902549778
-0.6962426291381765
0.1905256466186363
-2.267563724649755
0.4962774444039796
1.8141543513851166
-3.2416845579755424
-0.9666077396869941
-3.679847672948382
-3.3578902376138773
-2.4380474623239183
0.17349719294832044
-2.0590814460839235
-0.6709197457704567
-3.2885330123233674
1.9502988581853884
-1.2825082455443861
-2.5933071337299647
-1.0072066727772757
0.9908428354691655
-0.6918509244587111
-2.1916225746723494
-1.9838889580952463
-0.01116310244013294
-1.9994636079008925
2.8574365961280486
1.27503221158627
1.4188330899839046
-1.460353772120392
-3.0662986942213513
1.5568172182692346
-1.40226569318862
-0.2884843148958047
-2.938287518775173
0.5781745384473151
0.20599626709984245
-2.08220765773951
1.0139757531507505
-2.852072900422963
-3.061999801192613
-0.03351307706936354
0.5466540262053317
-1.746114909598233
0.7814661117382316
-3.43906748160356
-1.2298724448611411
1.7822047653390198
-2.4950143367883713
0.3767127547374777
1.656449246994737
-2.8949182479107094
-1.6425638562866374
-2.11157967076918
-4.135011965575362
0.5829018876677472
0.1956130954796112
1.8792243727238485
1.3716781606912265
-0.22565306947659564
-1.780356643881545
-0.6544499194373766
0.9341001315636924
-0.2965693173988525
1.1822849645545175
1
-16.870198814670918
-15.263008739424547
-15.962781192126208
-17.185127149990933
-20.301471984565875
1.9542146372147693
