80
3
25
0.022500004426099673
1.7747963198465304
-0.40107282328586386
-0.7398135550886231
1.6662802076378682
0.694656258128435
1.40773575843556
-1.072641717786402
0.6739625762721019
1.3981491978754275
1.8161335238278082
-0.15660654358838974
0.7340383795965135
-0.48150683287802587
-1.5349442276633385
0.6543776099775045
0.890566396204104
0.29044083826922845
1.1244679047788577
1.0832519873839985
-0.16915888480002808
0.9291325592904659
-0.5478564562068087
0.7497553554530478
0.1190566639875822
0.9810307574910004
0.6608821627128474
-0.44716354437444955
0.45809303043631483
0.8678673816769448
0.3789677501141712
1.2513967860808974
0.35315976023503026
0.8634140961092993
0.38388156309156385
-2.535241363031283
0.2776699847134596
1.0152982574882787
0.33116204722202586
-0.9009201988240154
1.9362366683086192
-1.4838549319249132
-0.34878327387405106
-0.8048590828827702
0.41177674725867036
1.3775140296044714
0.16737012384832162
-0.3232147569315943
0.04512638425937772
1.782756985695901
-0.5422217780878877
0.7497367387884544
1.1502202139045559
0.16669551331044055
-0.32927847076468386
0.7144096333777696
0.1104981670525973
0.2674143504212645
0.586610205601991
0.03423516188103773
0.36428554462886337
-0.23192369289196355
0.5874680447890094
0.12655255694489653
0.4920031849540163
-0.1582084520242629
-1.539886514377439
-2.9176289635191677
-0.09227300044551137
0.7199783312241141
0.1270207110651648
0.5656311890137
-0.5818638493260316
-0.7850028549410438
0.03922466493864286
2.2608302617723806
-0.03058127540426999
0.8647585590638593
0.7115886734475159
0.441023187557607
0.2864489945470907
0.7287114498034262
-0.07149733232417745
0.3164856707748401
1.2994935629151485
-0.6530574682658715
1.2852327316880223
0.29307407743682895
-0.967975919609462
-1.0028924745547965
-0.48345619100905624
0.13991926667634946
-0.10850426973390698
0.9137054498911356
-0.8590151649007427
-1.1664621308350436
0.3086789449137784
0.21879505815641698
0.9210044380538087
0.41344979614456456
-0.3667257786352653
-0.8230604446757248
-0.6118955478767003
0.9594057390348811
1.088719671900469
1.3197435451940027
0.8762500246448806
1.2758105861451947
1.0390832817754891
0.7598761962947572
-0.14972552039153408
0.8989779897250876
0.9242286803869014
-0.047215897966642925
0.7554062493608875
0.5865761459960936
0.7679619422535917
-0.8290338298280686
-0.20880141996314966
-0.37601878450861426
-0.5662723824701755
0.938035437993024
1.00867667959681
-0.34726599793378565
0.6961170945025128
0.08503786643920758
-0.4271898046560133
-0.15590740109314205
0.12908105453885627
1.264709219709508
-0.2332365636640948
-1.2418975452315895
-0.04240261816105217
0.45471714243477196
1.5161528075346136
2.3449479272658125
0.6244248322466314
1.0842773185366532
0.8885610632040928
0.5449386732137801
0.8088845828711395
-0.8461977269190462
0.48473247637667777
-0.7620535640985371
-0.6201798894022795
0.5360175966749566
0.5653950753362811
0.36203459720862863
-0.19366081442893462
2.133092536962095
0.995820589097439
0.10399309809763184
-0.16273754251076217
-0.9852686860362319
-0.47881435228218877
0.9623516265062386
0.24159575659393046
0.34810327369296196
0.07767567963777447
0.24494600194659538
1.2593504146324632
0.3127032534976224
0.5466209201328684
-0.6635829434467935
-1.1527842458319413
0.9126327079371391
0.06533833404397424
0.489204752625659
-0.3206965831869367
0.7876151416038901
1.192077884157176
-0.16337552046934056
0.4138854778251174
0.9158673690594779
0.07111455580948739
0.8288774276053184
-0.09860797596289506
0.9447272325749679
0.5849947121882653
0.4046583601959996
0.17074696551280286
0.37147180428239346
0.7227018836699177
0.6425501789690367
-1.2088483785088686
0.8735527151642765
1.6459562283657894
-2.141700118518244
1.3660949720845519
0.20903941427476788
0.062032642271184796
1.1215957865413448
-0.37527767596130596
-0.4959895267284609
0.12681864901017165
0.40669129073722293
0.20366563242073046
0.05535496390968468
1.445987605619204
-0.2870920064110071
-0.5357424969626925
1.266333808089977
-0.34093191932797434
1.5010310967667095
0.40654858361384405
0.43142941560424614
-0.7478573620651713
1.1576653066096363
1.6465260890483853
0.2905056175708823
-0.09577271794267266
0.019964251611386537
0.5189245781754428
0.729975560759823
-0.11297534015178637
-0.34028749400198127
2.1181111300340767
-0.05216110338091423
-0.10191951719559103
0.28025857808850213
1.6789535664447583
0.7431470444938514
-0.2876028069949403
-0.014237138313583444
0.917672374441863
-1.0735472061249585
-0.4026397490908035
-0.7166219876666654
0.8132771442052487
0.31926421132348454
-0.4950854938033953
1.1108704775882225
1.2142415218607414
-0.35138321440153975
-0.15921984731612754
0.9176652463606448
1.4565705008221148
-1.0487925272197152
1.5078563914753178
-1.2501091831836768
0.38990200465755626
0.10920602733856616
1.0403192898050968
2.246704337965314
-0.0882533887703138
0.003107596758000257
-2.454654307907652
-0.5499989349869631
1.4266926457821052
1.0864823351204735
-0.3536486605970445
0.7275946840230336
-0.18272766801135576
-0.11628915620755073
-0.25963083268859205
0.6411456368334263
0.7802522907674215
-0.466114303247382
1.3573827600813866
0.6486301705948755
0.01914301975135617
1.2063401144444201
0.9109299694197727
-0.31684556857349344
0.7845432893371098
-0.24723580235666112
0.6624592867884787
0.4386765614221924
2.0628927213878683
0.5485994195201744
0.7263621114943041
-1.0242333482190804
-0.1887535230748831
-1.3228780865166663
0.06966391388117521
-0.7660938560271233
-1.3280518655437508
0.7969320353209638
-0.14310332691628289
-0.09999324380351506
-0.0648003130082804
1.3098210352324882
-0.4985696411943013
-0.8012123862797859
0.6174246577936253
0.36347099851604503
0.26155491551165977
-1.0492482708302846
-0.08082795133639527
1.4984465968432632
1.021385431240641
0.6919577154487597
0.291179291554671
1.8153296736983595
-0.19191704919837252
-0.017160367807106128
-0.12580369056756915
-1.2188629055380207
0.9079866199052977
-0.3150794654448308
1.4254999128581614
1.3522321547924958
0.06540657644425404
2.0958828549357467
1.8294894041329277
-0.1436063707202121
-0.849915645543583
0.35564555307701595
0.39990383729404155
0.5209887226670021
0.4390926355861703
-0.08419768380617673
-0.3560378866034656
0.25173202183400956
3.241880705178469
0.16360805848676005
-0.6779540788121408
-1.4180438848602157
-0.4148553729967791
1.0333168759059779
0.5188610263920058
-0.2654856837545127
1.7143554200366922
1.1735613688915831
-1.5449793683793593
0.2673605136419235
0.7298194572473894
1.9445241991686755
1.2994672043236832
-0.1305453984387457
1.4019213839734397
0.5808695740681753
0.7815446727980961
1.3025945485117327
0.8470639214125133
0.35710917236766154
0.7223546369716545
1.3041347266066179
0.26874205377955407
0.6572383094510592
0.6949349179408111
0.3207775638710827
-0.7143934318473745
-0.7249940070018603
-0.44011858379435237
1.7867933886849912
1.2940239850853505
0.6739736237518328
-1.255288438207211
0.7022395140810476
-0.15091270983680033
0.529641833147463
1.090543858996551
0.25987893767784065
0.684190449586161
1.1220307907322882
-0.129540344706391
-0.6132877245045255
1.042293436208105
0.508458799778967
-1.6765338290237815
-0.6531331477911784
1.2341496469121862
0.13587517786718406
0.166639310932393
1.0965224961489994
0.1219307131922979
0.5341324559692003
0.4226599687672001
0.39465932350289373
-1.829305986208399
-0.4961883494826662
0.041610239917149267
0.6865004677627197
0.8845730141977206
-0.24671213922680418
1.7044118022782064
0.49312903484716275
0.1691554848801518
-1.385224139283576
0.5856928289257675
-0.8589307118376965
-1.0812690797021687
1.0495153504364336
-0.04321699285787023
2.1178642569371844
0.32328999911189765
1.5732037691804688
1.4650255797590868
0.21008955355158004
-0.43343325967782087
0.5841813778717584
0.44072754374704787
1.008497484982097
0.732760857988191
0.6166935554643747
0.4009576094083004
-0.7629907652391937
0.7590025828828878
1.0305424582952154
1.9104378790977838
1.4654937299424442
0.5280042696927805
0.5098214896560669
0.877886334556674
0.05909847885955456
-0.0015517057301450074
-0.1496044330146874
-0.3916611342977187
1.2083721824787086
-1.128152945111092
1.0725766285860634
0.1745738565425784
0.4986507900094407
0.6193460319500066
0.4932018037661872
1.9086953313741253
0.09795350271216229
0.3514191750249513
0.9561303530892291
-0.38784782260841144
1.0106424996157202
-0.18702174445596903
-0.8273455380341571
-0.2905017967964696
-1.1500363254083825
-0.07854873433564777
1.242709409485708
0.572827735678966
0.024475976863049184
-0.5069328986593854
-0.16505893024234408
0.7679622009866143
-0.28081050378985983
0.9611781944521115
0.3352381606585651
-0.22647250714252387
0.8101480909780499
1.820359975829015
-0.037103006873727966
-0.561366445959679
0.4462764633485249
-0.25552493479712385
-1.2027471962353884
-0.34646589674365325
-0.05845154175955544
0.7142040813408888
-0.6719948091845583
0.7428514028144637
0.5076509980445725
0.5935354192447284
-0.1245663362177288
-0.8803813431235368
0.6487323565747128
-0.8037091456085059
0.34530842185910227
0.44083177537417073
-1.2763311968429816
-0.10146885613040085
1.072147931861767
-1.7417413801381214
1.7726015974728517
0.26286320213187325
0.6957740824103056
-0.0829874480275069
1.156572570353113
0.02978330357374686
0.6187506595894836
-1.0504994444863232
1.3654184345508105
1.1041576157699282
0.7637374472668086
0.023745804101175327
-0.14526894750751113
0.018651184619790297
0.5515728184946691
-1.1393822109704148
2.0094300217641474
0.1128457826896389
0.8273910115033465
-0.05042105197343051
0.3233693294221407
0.6014089050514082
0.014219463325015655
1.038684789059974
1.0088355712054873
-0.8610109775784707
0.12321137981048803
0.5602689006141027
-0.5379812350324328
0.0081047053429988
0.40959086129573274
0.8320078968857388
-0.1801226100675187
0.39662189220563276
-0.514969029688277
0.7639500533285655
1.3373820515197796
0.5316524624243198
-0.0791493589234974
0.2123410632985952
1.1473492111238572
1.5586151456422352
-1.3519951417465053
-1.2689435350430385
-0.3265501676279413
-0.8727182627693683
0.04379272870298719
-0.39321383153959855
0.6151644510713509
0.9932661946757481
-0.7131415434874074
-0.2705973127632821
2.1617038963120105
0.8066950223373832
-0.41346745354299475
-0.25030248438918906
-0.04281446467365106
1.226828538344859
-0.28531798196819735
0.8894359111649628
-0.14088371191166688
0.2996757871210083
-0.16563167921784053
-0.3352011553729245
-0.5063214688069088
0.2973907170079001
-1.7074483250063792
-0.48593621581874946
1.055561229948223
-0.23686059239507246
1.151326586946498
1.0516734894428377
-0.6612498137760299
0.49563948676577935
-0.4073223215248193
2.020879487064075
0.33283588943311926
0.8979602930811282
2.7451204677607968
-5.164780668984736E-4
0.18635141526853333
0.4195328906192128
-1.1002124034179732
1.2849406763078435
1.4304506327329045
1.044577600539398
0.43277862260955396
1.4017217482400344
-1.4244934182691285
1.3341202020478802
1.2809507299121239
0.2358708791192334
-0.2728699880686903
1.987673863254941
0.9863901733815345
-0.38709205596019636
0.7395076972952622
0.3332440344360439
0.38011224063600446
2.29539834162064
-0.5204856568416651
0.08339371864710354
-0.6968039744454065
1.1360938146359425
-0.07998244140948238
1.6968299782455396
-0.053545691035653056
0.1373080375403953
1.5515590955210226
-0.5039263488634131
-0.31453241913504915
0.13166613336049707
0.25243933195772467
1.1413209824632706
-0.39531231877749545
0.07786038931244585
-0.587496525057534
0.832788619407086
0.2145875901938784
-0.21162643602800293
-0.1994499801372583
0.4024403273252557
0.16310831971230388
-0.22428077376819391
0.34379334393233923
0.6871106592138264
0.7053016003741533
-0.07896494109228286
1.0002418597737184
0.12136478666441339
0.6026021310502229
0.6235052492107076
0.3600491333125131
-0.48183806667709084
0.5667054038189913
-0.6302556008648378
-1.619199212905462
0.3660504823642594
0.18155408125120204
0.07431203686572685
1.696325016699501
-0.9514450853375008
-1.257095261787808
0.44585518446639255
-0.2263612173445629
0.9602071005188332
0.1733435912802365
-0.4655931772892268
0.5037851864957306
0.7713682620773145
0.05426844029616944
0.6789714307375704
1.1645908018546702
0.5747951785031264
-0.6147584167343991
0.29189767074603573
0.4009739732809466
-0.5069852886636085
-0.7989800013025036
1.435173486144681
0.9814545686418669
0.4311991820363116
1.4317144101098016
1.3215991947034071
1.3338376503276437
0.2879762814424973
1.4860169072670693
-0.37970762681317244
0.20986114424846555
1.8507837582184083
-0.003728873555245593
-0.566056020816204
-0.6180933289937841
1.0527051050061502
0.8608605635796931
0.46641076903425716
-1.137885807369736
-1.1180901111830244
-0.17983792945722507
1.3854801171268356
0.264512988174867
-1.1448820471131764
-0.010406940565191161
0.13442104262987276
0.041880705675916875
-0.3018283322658272
0.7638413007841118
1.190255986635187
0.18201503016086912
-0.6657267227883487
-0.16846476910110292
1.5260126151630378
0.045336462476339864
1.1636199885088316
0.7413175736998663
-0.8664806329592709
-0.14605895318753065
1.1786667165111369
0.33669744614870195
0.48026748257660873
2.0482134393688614
-0.45698371039928054
0.48113805410377414
-0.04575648371834315
1.1528281844377821
0.3578924891544327
0.9277894914063448
0.30466360732650405
0.5423682810734939
1.105179973512466
1.2092517264123976
1.2105568364772683
1.1160857697543292
0.5144960093691177
0.34672057161624364
0.49885204002996425
0.17200608206068663
2.323826385396113
-0.4642321089362594
0.24838335937116754
0.2515748497591399
-0.3609528088438817
-1.3009323176603558
0.8177642558813003
1.6371238783070226
0.2400372832997881
0.7152872541264933
-0.37520430773928287
1.4138725989960694
1.2363854753911416
-0.3121678872467123
-1.346786447190787
1.1419302556633186
0.09830833705773388
-0.3265006811028455
-0.038271128485728126
1.782045441485218
-0.08731420768761575
0.28842320594039855
-0.08557950519812271
-0.031151547199626872
2.391441036061813
-0.050934264344536975
0.7679308601287186
0.530092985657471
0.03569624851706214
0.6036090418476602
0.03767805432800321
-0.7863618421411688
1.2000541942597112
-0.4300509123929076
0.1792423534293714
-0.5953065283681656
0.9380184009556808
-0.7248964759552918
-0.20352485201598303
0.9447790021029103
-0.5274529946768001
0.7214426552234419
0.22072371166934254
0.9579996389736972
2.675884403234513
-0.5085222620004722
-0.6551343784625908
0.14893014674153504
-0.4977609262478497
0.4292932211278605
-0.3271580312187123
0.5948365322369288
0.6788992016935246
-0.26059062193497345
-8.163024852045481E-4
0.3707803742898477
-0.5646097595563117
1.1062179977765518
0.7336918575046188
-0.17124120903712065
0.497262610368377
0.5485828428979531
-0.2527085235337932
0.9254481031844544
0.787520204815345
0.6636486524050825
0.8685291418366005
-0.17546104752545255
-1.0649776592163527
-0.2856809925085864
-1.0015586859650651
0.12149379488088971
0.8229781698128044
0.011225918091503855
0.9949382748951092
0.03912909276613373
0.8302563962675347
1.2930351637125876
-1.236844892949025
2.177069289443115
0.827642296891939
1.9127754694367958
0.46636737915979615
1.167849547539222
-0.0585020315883267
0.1142347573243187
1.1778503131303393
-0.3145835337972985
0.257747782143544
-0.35713516860322747
-1.8773536322904931
1.0802582237791052
-0.25633908749819506
0.26013136509348234
0.013607618826110487
-0.7103574093077717
-0.979786933845866
-1.2537455511888254
0.9914842608557615
-0.10804477591690524
0.30013613484045387
0.15345131913321047
0.5123115525519633
0.14712117418950987
1.6287830168514845
1.7015019119996562
0.9887040782276879
0.4399209692405178
0.4342019348312748
-0.6934957611281066
-0.20097733872772328
-0.4422156951355811
0.3987387273282001
-0.6064719922271011
1.1083146722793824
0.267559211167186
0.7028591793061084
-1.2776716894835645
-0.3447637928089145
1.2092110660178443
-0.568809991074772
0.2603270676995345
0.9689745538568567
-1.5988605886201708
0.2753713778296575
-0.2211297856567246
0.2191501350863216
0.1278521398074886
0.6446204685921535
1.1784426821994178
1.6290716166735428
0.4911276806360245
-1.1505590065881977
0.23028844608997712
-0.171851027230689
-0.20159868402058323
-0.4061955033248322
0.9112519423554359
-1.2727175638482455
0.23171520473688056
0.7872285218097077
-0.03441725902334215
0.23566374931776635
0.3861447207033428
0.49064074313805606
-1.3943149161234638
0.4569221170931172
0.3623888380921098
1.6784211837394818
0.8180411629615502
-1.0222201530559403
1.40240209226266
0.7467121518537967
0.625414163036434
0.1770344090445708
-0.6768529442016786
0.12469975732948081
-1.2720467740574997
0.9136525241317227
-0.7487581578037302
0.06663679976412784
1.3355264838828167
-0.5135669428850848
0.4810684686429579
-0.6724189091085018
-0.137865292757824
-1.865997882510933
0.9790927752414825
0.8006711431750686
2.0537862004401033
-1.4638447851955059
-0.33857075558377103
0.43997026782995496
0.12048557120927697
0.07610420548076563
-0.245395544678141
-0.9167747333617421
1.4384485080576992
-0.6264624413413326
0.03164679424360901
0.73838236421363
1.3278251226489426
0.44260025366385614
-0.3998844107557351
-0.2830509059015841
-0.0120687404339813
-0.6001268182022754
-1.3492631690703287
-0.15628752446818417
0.8878319905397697
-0.7211123506804895
-0.3761926028412589
0.5695718747109493
0.8675770227952152
-1.11632754145952
1.2006330564935956
-1.0396927184159237
0.48677254338168047
1.1511787400176572
-0.05840722812874694
1.7176218308873283
0.763832999535068
2.226677551677121
1.3367296939895679
1.7869314101776625
0.04753888069262519
-0.4189486777730665
1.1873798508686964
-1.3622680601237296
1.4721404406298904
0.40659416473329024
0.3714338481452012
-0.5415090899785577
-0.46203541750043087
0.5370515467639867
0.2778737003478955
1.0241321080252233
0.6572410088455134
-0.04519909244806408
-0.09090385891164496
0.8534858203523161
0.4344197715297064
1.8736825587013237
-0.20491392933021885
-0.20632507968867264
0.6650901033943689
0.5463479831849326
-0.22134877822592625
1.420754551302469
-0.07694529482705705
-0.013296028301940549
-0.5290089405897451
1.2028813712998216
0.4503298457084253
0.13531371925122693
-1.6088172161940317
1.3890027180530227
0.8285092136560839
0.8446578835805271
-0.025816444193717203
0.7662859919720733
0.4751938157824196
1.949199988526075
1.2890095758754403
0.6908664363211142
0.2399043750130035
-1.0169030075326633
-0.39789757928491404
-0.148947465368852
-0.45728652652844165
-0.018859543087918637
1.0533850508141471
0.3215904888260942
0.3028944886034711
-0.22491155008127697
0.7628285857382561
-0.7007200938903801
0.9588314911337805
-0.6239149982817679
0.9912628839168607
0.2258086338588594
-1.3095565497382393
0.9112088474547966
0.3830726110997309
-1.5939974393039689
-0.03336435734577446
1.0190177315160676
-0.04392000404145383
0.7487902502289496
-0.9956677502492218
-0.7448612586784357
0.2783704048946312
1.587945700675519
0.727548676227335
0.14214918213120598
-0.1382325217875612
0.785463161070742
0.21421839680929775
0.37701178015965764
1.1172892182226006
0.29678641561166674
0.6926726341094075
1.4021478892887433
0.6555196182708524
0.31387450117806187
-0.14367460383095473
0.03672422046894614
-0.25167951008218864
0.8519050883454748
1.451768690515055
-0.5349102611130087
0.2689053385103309
0.6559225713265497
2.181206456203345
1.498558245202084
0.568176754604613
-0.021001295296319743
0.6075414743709971
-0.2832017352763093
-0.7472081039193863
-1.1177552850944799
-0.6290903114700762
1.774428484718502
-0.48873017888642173
-0.05845330123694313
-1.3243363806906254
0.8931904386647537
-0.6791013176326877
0.9530873620341709
-0.17647549874251808
0.36632769616005373
0.15268240005377579
0.5664234266609319
0.7684065947920102
0.3667175522638125
-0.8427713522837097
1.321907665180083
0.6752739213963237
0.2273470773571722
0.5121491155029689
-0.9316034580874082
1.2114606629650584
2.4849694641999123
1.4500196234101521
0.2346037068358732
-0.5220741977942783
-0.1735028629061296
0.6541630680444401
0.6287758624415876
0.02915190076522182
0.2586289732836941
-0.7170989593790923
-0.47309962304023856
-0.8971437158655763
0.5193487401912572
-0.7361968975500637
-0.5257913081037193
0.975802447732405
0.5528366404939209
0.6396153903745972
0.9787566242407256
-0.4374272648369877
0.7105970371749113
0.7420786299727323
-0.09044883579003292
-0.5240722725394824
0.1964648073106967
1.0005030056497841
0.9207039012204024
-0.6175909519810372
-0.5952833725995156
0.2768654445553228
0.6780576216178982
0.9748878492551409
-0.6837786596442363
1.1401754834361095
1.4892612123276097
-2.2280264086650834
-0.11042158620562637
0.7168853360647456
-0.5035133782213055
0.49464444752410824
0.8481570132964195
0.6051648393347475
1.8473419464303016
0.9854164710893794
-0.5127129837393263
-0.10260949460426141
0.9394655580592134
0.12020236707428335
-0.39129877574019856
2.08176889963658
0.2441616018469385
0.9779292896283153
-0.1639860026449074
0.04745885900872963
0.9770847059875781
-0.8045362640697792
-0.6247858288041165
-0.2267634307504514
0.3009256780042289
-0.3356401996722229
-0.5727866587927817
0.6700425964073609
0.6765110488187918
0.7244736120840013
-0.3025499155216847
0.1596199435667544
0.12611923311058182
0.04767385201882697
1.2681980175152257
0.751434432862462
0.5927325762218656
0.7073012095893206
0.49021116794555686
-0.5293919032075963
0.14670831957569963
-0.25057315697380417
-0.3965992164676781
0.0684575963351167
-0.06663648448415384
0.018251161388465817
0.9906983790800308
-0.5083152782326833
0.6740818360655713
-0.6842803461146992
-0.7596780890723709
0.7362647720945507
-0.8200180144947821
0.5548264412995715
1.9136464089348657
0.017407642177253033
-0.3438007220980099
-0.6382846777414739
-0.9263194057998094
0.16630260518664852
-0.35813453001422524
1.0202671358369417
-0.2882122840287805
1.156402979727957
1.8109093812648722
-0.10164500817983102
1.2007224681534205
1.2224694342697104
-0.6386960887981916
1.2554046196486957
2.3124692233328994
0.09469641475339263
1.267232531902238
-0.12044449513874496
-0.21301605782875505
0.15261895047255417
0.9598112239229584
0.8840958955223244
0.04489723291093637
1.692697690196915
-0.0031928865900318903
-0.7492589220607554
0.21858443106136805
0.3467880601578609
0.6191961838752316
-0.6719821892899687
0.8618744766862738
0.6921642846625365
0.42288527855972025
0.06729340993204384
1.7117481938676085
-0.07873975465887777
1.04664259576999
0.4489134264943567
1.5082914798276903
1.3035853545244618
0.74984158771313
-0.16738694937663265
-0.35701723627531823
1.8319139726706564
-0.0015550193144245952
0.4705817336746301
-0.03830761227012849
-0.48508377965670274
-1.5553216963702607
0.9024542801828572
0.9868815859052327
1.7169798185063676
-0.6461440180732636
0.5514065884483926
-1.7351132697624445
0.38518440408042737
0.9705071219939494
1.390978747036669
-0.5954914948463277
-0.04934140932688661
0.06161973224511921
0.8988834913154996
1.0843966450528872
-0.10075654502555584
0.17353567212227156
-0.12535573742677095
0.9129301353764495
1.326104881153218
0.6122148549212518
-0.7680427709744209
0.015678890645693937
-0.060623807335697034
0.16879919955634082
1.632196170988745
1.354957390399867
-0.5858051344860189
-0.6687820585964346
-0.6066417328919479
0.347653467088975
0.3447910849177165
0.8190843711747154
-0.6083233954882385
1.0387929446416873
0.5855036251117779
-1.2727156350971185
0.653124083607784
1.4572064698003728
0.4689498325372234
0.6206406158722363
-0.8085702585898353
1.1933922040723002
-1.1066564598759645
0.23213394272567528
0.78471438716357
0.6651287549395037
-0.29699306133597425
1.2480965412248275
0.522053347918743
-1.0256734353477515
0.4138974657896041
-0.3484121857559414
0.4726501808020862
0.04781308409465629
-0.2914847801329467
0.8844514321112235
0.4924116583297083
0.3458570229619345
1.9653461676585677
1.1843242143301425
0.08471108098299482
0.4462746258841977
-0.39516661528740904
0.5782529945847774
-1.2202838993909324
1.3364082563129658
-1.2121941293358913
-0.6578746893267993
0.4011025748747396
0.4957509394439159
1.2136507987515737
0.8478583153243954
-0.7749437803569525
-0.6299601993993067
0.7111598785856283
0.02010228416540122
-0.6761321445384132
-0.34650449669709316
-0.27023606368288666
0.1539009394906306
0.44995585775790836
0.26947789939198674
0.0879385195448988
0.3822754583389238
0.23434838330346022
-0.1617749873038698
-0.4925311822533622
0.514309005801606
0.12421553292535048
0.4655118421796128
-0.07574169951704146
0.6436673282992554
-0.7286645238786701
-0.2582029003484405
-0.6058801063216082
-0.404228207630285
-1.2990788356517893
-1.292360839529726
-0.2882228998127456
0.15154268500770912
0.38868136436489437
1.762562647447981
2.2093746853977736
-0.12464127104119516
-0.021638939923316974
1.0097894377952958
-0.9816884721704859
-0.4130530354285788
1.4447870855554064
0.5324996065962369
0.009711571273587613
0.9243138490509515
0.44200340570163027
2.0943049835516305
-0.5538820742018323
0.4916660981325468
0.012640730369096367
0.9120025443122949
-1.6707633045702528
1.0892036405462282
-0.5217581240432071
-0.4295706578649695
0.20183723113693497
-0.8087541287758097
1.632383428301272
1.1027226391379716
0.5485379273603553
-0.19452914275684388
-0.07328276894638541
0.30518110587439573
0.9664105395409213
0.3126186296532919
-0.36582317816525917
-0.12468837474032837
-0.7382789423654689
0.14337912408629352
-0.3695211415414809
0.5617778330698492
-0.5173852223857208
0.11504483168748193
-0.26301693122095493
1.0852770306261526
1.1264417579572217
-0.5146471964415367
-0.042303976052716324
0.2044035888257247
1.3742052135004754
0.24218664167942971
-0.04565281549301135
-0.2637282582026429
-0.6810311080360603
-0.0862937072365819
-0.6787017185209596
1.3060123562969144
0.039148959018303384
0.7825692967291178
0.8381789545159939
0.4174369355832331
-0.6808161199248457
1.6915254981701493
0.08488558719894047
0.1694834936268227
-0.7225793712908997
-0.03177004902064748
-0.0958446586128176
-0.3502558764233955
-0.8252617675755557
0.5260757002513691
-0.8216569414758953
0.6435738202336697
0.2454046592404787
1.7591912795172775
-0.620935329996896
2.104750622170916
0.6887770552064838
-1.5011641816317638
1.1006485140186453
1.020011338447859
-0.3899928479697501
-1.5021080752774807
1.914502744906433
0.024820900540537788
1.4396326698588477
0.47727244737310476
0.25571028435672194
-0.23326079378326608
0.3556627016150132
-0.00801204835842792
0.005866527598527155
0.5025702122098682
0.034696714292031035
0.7057352902436999
-0.06600932829392547
0.07487375193537354
-0.41386685866150397
-1.3093660167128223
0.5584038714331885
-0.5997076186993174
0.3088858490106369
1.4459712124341046
-0.16185501725832213
-0.03837951384945679
-0.9148382638030305
0.9194082554292646
-0.3489263693324776
-0.04765073418243772
0.903573441484568
-0.47594679651649413
-0.3274265511125797
1.5478122512142058
-0.5526464728416732
0.5389306688337547
0.40407517567175777
0.48521500035934956
0.001256395938305864
0.9804959184952735
-1.7508578205558576
0.8677486239411957
-0.07035431289255421
1.2541992154149735
1.7123724321253275
0.0251349984389021
0.40816493115271296
-0.7435151909919993
-0.26622040604883673
-0.561936063757589
0.17132503821458914
-0.3633192012983944
0.6723855175517557
0.2378734353825015
-0.15155908424785045
-0.5893448543254567
0.6802130042573014
0.8082653474420691
0.19175217754275267
0.0064492602051134315
0.865030266718774
1.1934639897569403
0.41280247042498724
0.927873671335101
1.4904026823222023
-0.6424199312771861
1.848355899195903
0.9001210147312716
1.4345323411899213
0.8636276865450396
-0.2806879444303257
0.48658999193566926
0.08609293461645587
-0.3085737095256731
-1.2774484897023175
1.616468202872051
0.19393173200974353
-0.7713861817118455
0.2764785346723344
-0.11455318930993362
0.25548355947299767
-0.18348510275766078
0.054528575921013185
-0.5232859972467888
0.6308340502993834
0.2706215886832679
0.5943374657598199
-1.268249763914839
-0.33030087850378437
2.726772533755923
0.20808930328581157
0.039930260954871254
1.0967331911301585
-1.4001667671759241
0.39557702544008766
0.9176169749653125
0.3333328692923365
1.1030779994214053
-0.6557581011257564
1.0556718851209226
0.19416558906635437
-0.350190725453462
0.14882998247123183
-0.8611246254769165
0.37823906040585187
0.25816333029239336
0.5239616103028094
0.13471674802026087
0.6573337399683437
-0.8607283901704966
0.9285913340957038
0.34293375581561797
-0.6406351475155458
0.01619481560950474
-0.5025674675906223
0.412717877600194
1.082202531877338
1.1972619448099746
-1.1150847262673742
-0.0258762236442278
0.029253846390740974
1.50343667345819
0.5201903694112736
0.25319902238102115
-0.8027521805130847
0.13953471195363093
-0.6123495375480605
-0.28366703097953316
-0.611254679526398
0.7795423664938758
-0.34290720492920773
0.4734570946567855
0.5221523091155351
1.4480675656533513
1.3576764307680318
0.26172718905162873
-0.06571416350263962
0.450425312082781
-0.5878892625622717
1.0250294431690907
-0.8640777414976493
0.7424853147704007
0.7214744035471211
0.7210256243667257
0.3356234854586595
-1.6936799789606172
0.8627375600526068
1.5238236965187448
0.012225127082011032
-0.23504317884112919
-1.543458948389873
0.846163839400971
-0.49975685353170185
-0.15583124061159312
-0.49435979676809677
1.1752802216208136
0.3874979805305996
-1.0923234032387341
-0.003680674056226546
-0.9134005330895959
0.1044402702039046
-0.36075926712682516
-0.18414798583228587
-0.031384762681455305
-0.592759775070702
-0.143453105721018
-0.10158401620083307
1.7479094871165932
-0.3768582659485637
0.014596941062654814
0.5657303372702488
0.0999412487076877
1.2049255180692984
1.3094097124823312
1.8838756724174184
0.6837561288754698
-0.206033352226293
0.1125837008546524
-0.43730383641081766
-0.9681333310633631
0.2910895462503311
-0.5580302082710251
0.5389301043380644
0.46960594242792897
-1.642346376367447
0.528421918024335
1.075078160282589
-0.04711541593991561
-1.1824978070600833
0.3668015970399575
0.9620930528899362
-0.47225959095775266
0.8295053242553722
1.2227734242117576
0.6988838477433716
0.2887595462424778
1.0190055010797006
0.3913210081542158
-0.740115471781477
1.1244303157884288
-0.9997079117692536
0.5119300335031636
0.6456323911982917
1.3936647078279523
0.41343871363653967
0.7574769989480815
0.8135350381434645
-0.05751680704972455
-1.1131035764848645
0.23796021094630038
0.5140604352521647
-0.6514466775355338
1.8833318022371874
-0.2458271889336108
-0.898568191720036
0.5928819199695929
1.4389889283508148
-0.5680727444768388
-0.560221329443801
1.1155251501967494
-2.0450169706597214
0.0713404796052912
-1.1196737868514628
0.715050636847929
1.7767491472500712
1.4819609448052862
1.6254998359283364
-0.04119080009405335
0.6411311685057807
1.7215855641983338
1.0260030626075274
0.13036124044277397
1.2926944377408542
-0.8071833790792794
0.4535011500591051
0.005687917815229163
-1.3780655136639857
0.6275602181036484
1.000523404356105
-0.24406458368338596
-0.30001296432072283
1.153413249575191
1.081405528239804
0.5404793326814932
0.7654766251925184
-0.030470438724178275
-1.0656487578653033
0.7499542336444509
0.020175617109690163
0.7068836730186839
0.8916396279596017
2.076978619568367
1.3810838891862747
1.303712213450448
1.3856288302566244
0.29939045181563195
1.8251516072266016
0.9977987929357184
1.250422916383969
0.6800963217927536
0.7509171854793353
0.6355033714871077
2.030867365098197
0.0993307628417591
1.2080233248678995
0.2736491916969397
-1.1402538074299826
0.20679283946599986
1.5914700878482066
-0.762561675351888
1.1266398862089353
-0.4414240584602959
0.44661382203084604
0.7977132409731503
0.6364943094045371
-0.591396638601791
0.15935939681127992
-0.6662197465174808
0.7262310556704289
-0.17027715610049343
0.43703989982522023
-1.0029077769547001
-1.1652727023414189
1.192235273492532
-0.7747986917008712
0.5584154279022805
-0.27779691083123614
0.0667952630909696
0.3290413894256911
0.5992504522201305
0.683214594795264
-1.1789356361331913
0.4114226140163959
-0.8126106222762045
1.2366133371890835
1.449611955498174
2.1754856001359233
1.1976705353285055
1.9249703940763465
-0.20693479177944096
1.162009464399509
0.07476321136173004
-0.027798481619008525
0.4182840141550827
0.808653214400868
-0.8676476926541928
-0.7028522320089037
-0.8483893629175454
0.03747884123539225
0.4563987808377923
-1.480376196440747
0.7037766935364663
-0.7013321154649518
0.36114704078950716
0.08723573434018336
0.04317002515162506
-0.5405743048813496
0.3852780480672792
0.2516447427129078
1.6156390740304556
0.3618227754590687
0.11321619119062654
1.111025068477474
1.540594305439651
-1.2142247020599573
0.5051654393744873
0.3771577074624021
0.5129871951948267
-1.2288459986330678
-1.154479408560564
-0.37491055553963876
-0.2921650462020446
-0.7400470854037147
-1.0623593721403872
0.624726007645322
-1.0811754665738402
0.637440511617885
-0.44528275289302405
0.9617662735982535
0.2031990475753633
-0.09698303252957692
-0.047317093593174785
0.19379595829538296
0.5697822722327359
-0.16161582519311032
0.42368127869197914
0.1903724944589698
0.05279469629662073
-1.5506177530223604
-0.026536057999257123
1.124680996427136
0.780367199235047
-0.44362961091973085
-0.23101626169933437
-0.22488173162737202
-0.5160744632651081
-1.2454325862661861
-0.1434460951577877
0.5370573944321883
-0.2025256319036307
2.357462266453589
0.7438611020414577
0.31810755344817654
0.5147478336294943
0.8682009652118019
1.0474365622911064
1.002035287673399
0.5359145776167666
-0.2793359479147151
0.21321858274569555
-0.30297091320784464
0.12442786585786242
-1.228212680192087
0.12212150477652425
0.25298235290219684
0.4413008166744774
0.8036598943738514
-1.1412462931992677
-0.7219320568443846
0.2271992520760932
-0.040519972384949185
0.09305830979908268
-0.08678447576074975
0.5471208621597757
0.5043731672326051
0.24128271560542242
0.09618113823298291
0.33241095524837083
-0.08903210543365775
1.2583712856094016
0.5683494410920535
1.3173500169670922
0.4470753207210329
0.1148489504355151
0.5555482652464246
0.8735188878002799
-0.0457940624105215
0.40539359012068776
1.2903685883954796
1.2473586171696336
0.9947064950426611
0.6059579937358618
-0.15371841032083286
1.1499191106756457
0.07436234901943874
-0.8226846789967756
-0.2373899897839632
1.6017871049514385
-1.1888285419243587
0.18296293612934708
0.19506821850921596
1.4422225256167234
-0.07252440026536655
-0.592901911712606
0.08138820188242421
0.4475345123110433
1.428671994460027
-0.932222621430584
0.03489355609596198
-0.945407852804301
-0.17875720758466068
-0.46222118668764295
0.24656856467890426
-0.17519179576225194
0.6818952156844824
0.3112629379879205
-0.40922009003185644
-0.685879612781938
1.7973334916401034
0.9678846242700904
0.6983196704398942
0.35515813056604956
0.5824197816470945
-0.21339569443998302
0.5841398689863078
0.21233400468403513
-0.5641819106081428
1.0241052568563296
0.36205234757564164
-0.774152952048178
1.1527388836689305
-0.9882694621684632
0.05611430397397767
-0.3141287459426512
-0.9721952196033006
0.015767346951888903
0.3310736516874782
0.15991498873647905
-0.06574353811738284
-0.6466614754376999
-0.15596480090030673
1.5929790836054527
-0.17125371504494827
0.14640187001985078
-0.9351512601740296
0.040597665479766926
1.025473048462088
1.1332945814764945
0.4617492481432763
2.5552305643117554
0.980931137136645
1.8927226521033838
-0.7122737598972886
-0.046114406334785085
-1.8516812094347228
-0.6438337625186538
0.6839917786168227
0.960549374514715
0.18114387330477144
0.20843733691431882
0.31246252225352517
-0.6929833550481018
1.3445237675537043
-0.16659218238418766
-0.1816558934459528
0.40425301294948474
0.8390765589899349
-0.5077397372376369
0.28049585865283194
-0.47168001818699173
1.4475479701614906
-0.4076979809250958
1.504003583580844
0.20499179768279857
0.6257828550239549
-0.09928899178147277
-0.4679903693318984
1.1360849398285315
-0.03952564015491307
0.6333406151395544
0.47070705370402793
0.08692339154635347
0.727687180450121
-0.5290371947338953
0.381161223612727
0.4260046381384436
1.24008721061895
0.6277102493709565
0.2451548727363001
-0.3048247374945814
0.839175344332156
-0.6556828058715661
-0.5039081258251162
-0.22286612181648358
0.5982015529515572
0.015386681883039856
-0.14865339821818266
1.31772808953836
-0.021213065841240414
-0.008493919004387266
1.1908636369389356
-0.17368700257411607
-1.4068862186320297
0.9667820505775369
0.7648949626428773
-0.2171831153070454
0.5074444435766734
1.190351652266507
0.8787242850470277
0.5978780649033949
0.41814631115360695
-1.022154774759364
-0.5249902128955898
1.1465207204516448
-0.4772634287091316
-0.21148807188825314
0.672337016630378
1.2677615472858872
0.6379407373980742
-0.4579154419849131
-0.06662611013145794
1.3504906498333
1.262532569456667
-0.27730749504599367
0.25925988781829534
0.013579875046616882
-0.2943139753208237
0.35275335714491557
1.3197780313743301
1.578460694445252
0.16764346631495886
-1.1205270732568442
0.31789913645617873
-0.9824036623614644
0.6245729388838921
-0.278604097669794
0.38207786252016374
-0.1429678301673202
0.641088047958199
-0.25351561003912654
0.5354457896136083
0.21839077439910648
1.3261181324454563
0.36701829173276784
-0.4205855006637656
-1.5568727385109657
0.3121849536893201
0.4525370637677222
0.6918095587141362
-0.2278529076879754
0.13590387766081075
-1.0250247116991926
-0.1285963544898496
-0.11822767266859062
-0.15803465128756555
-0.38214787256589516
0.38652849316117527
-1.473506689780867
0.24128805963330668
0.881396554444163
0.04870153870970805
-0.44967167328961116
0.34666644954117887
0.669588528554968
0.5467062982314113
1.0159886602020696
1.295539817096545
0.13564142171787733
0.7808718797288269
-2.2327947566354736
1.0053415086646935
0.10428227831360913
0.21154315394484532
0.5238939156922744
0.2874726263246734
-0.9097658165783472
1.0117101056708653
-0.14697941466430284
-1.4670294042039198
-2.4656092633296702
1.530859522819851
0.40173720801219165
1.0359704887709023
0.7129218864850464
0.1782094175553141
0.04440889474752407
0.6898031749562575
1.098958118955719
-1.5437756949456
0.49985300250528414
0.6020812151927221
0.0702389456580892
-1.2432845200177653
0.08913821080884247
-1.33267422024211
-0.18355129322814007
1.645349076048633
0.44253834516492857
-0.3748542843865239
1.9077368770544367
-0.5656793820994498
1.4414011484220977
-0.5778322395251874
0.21231416734141162
-0.0013649225234178136
1.200175397257376
-0.04994500568998992
0.4085146632721869
-1.0631238084986272
-0.8147871057828048
-0.009564803984356399
0.0896254764547121
-0.7074857175760593
0.027364745127247563
-1.5014566702399161
1.963148057613042
0.6404547522461884
0.41264288684572376
0.8806282111728955
0.5553261163069697
-0.21955763849593712
-0.12046934008800309
1.0352061882257104
1.4977049375345974
-0.5452561535159449
-0.21417789017117794
1.8675405552848585
-0.2917674689784156
0.16378600763569284
-0.3489861760608149
0.6197258219317455
0.2856952622842539
1.211102168886543
0.7221566086509268
0.6015927721897443
-0.04699290698752971
1.1529708153393328
0.8104012620797353
-0.4068903673672185
0.5583728102503067
0.2996221619386351
1.0902640879326952
-0.20585303345858036
0.2094404941823495
0.3406074931296774
1.9387733188030976
1.1593317962156775
-0.0641283467148705
-0.7733631231261862
-0.40384352092477627
0.25055338161478846
0.9963141999242655
0.9335659539089232
0.19563803256451767
1.220476009120819
-0.30176137133291975
-0.5613528899243095
0.1889489017634032
1.5289314333625736
1.3545350984229907
0.07682020468449241
0.5266879823821291
1.4103999419622675
1.6558062403444858
1.1109298955202345
1.5598865095859933
0.4499215175100033
1.0829765861571303
-0.9074841444599054
-0.6454913680366503
-1.8479626568040173
-1.057815459312309
0.8473819903046231
0.15545278244265562
0.5223973721486804
1.3328617336765887
1.1357704333473104
2.095792915801461
-1.1365718158912042
1.4261431808146254
0.16969660653224422
0.07208054766745337
1.1726526984300867
1.0507672474200416
0.9949841033277765
-0.29935206756151045
1.1237459821599367
1.7950049532824397
1.0379721701047016
0.2517344498754722
0.4318992224766455
1.031691319519709
0.38746754710635156
0.7472993713841865
0.7317150229963003
-0.32277973622649875
0.35103024253326875
-0.3581877078933971
-0.4526925189650192
1.965358845797437
5
1.860793939433328
0.6183839635024609
0.30604303307142927
0.7851556363252659
0.6386813095609821
-0.5749628385264878
0.4342824590154917
0.1616509482851791
0.37334891130473874
0.13132980075943573
-0.016900255647512477
2.66299383602012
0.22113906811952247
1.312624670807671
0.9727238700690481
-1.0397179117464308
1.2716571161994537
-0.057791422859078415
1.1772426793586452
-0.4447918805421241
1.3883760258580435
0.6488156992345504
-0.11049154419545887
-0.21844897293051874
0.507554269953148
0.7498293968514091
0.3313063038388508
1.4599491773240478
1.3041444313140307
-0.7435641494042204
1.1847101186310156
0.5498644599437339
1.419384922970095
-0.8657986295957133
0.11250375881771606
1.15833934373573
0.25469829487815765
0.6037550571072532
-0.03721953467210001
1.2223882545381848
0.9191930365914511
1.248318221061888
2.0784730677564585
0.18918963084964327
0.44762379174659983
1.0998757670968744
0.9700557086744194
2.157382336777898
2.5450949131131124
0.9628903622801366
0.5241553584442106
0.5235952114998145
-0.7417174343849412
-0.38992498474243115
0.5837319958873272
0.7975357514776197
2.0851930221185646
1.3211032956641668
0.08200581243449731
1.1749861890476863
1.556549914865746
1.3566994796871363
0.5645858083784481
1.0707312856978382
-0.07090845194452007
0.8582057696135829
0.5544750548633116
1.2810932784710114
1.3972698942898631
0.8302851110730183
1.2931512515654668
0.18765337189054443
-0.0027514853504433667
1.991913068129825
-1.0462281773982238
1.311183526240496
1.1512414875137562
0.6639439353757695
0.5564972950191928
-0.2124859203296952
2.6002401909301125
0.2977128678753412
1.8465849757077242
0.17959150728299916
0.1791806037189019
-0.8299077237778901
0.9926653951808955
1.2379461476280558
-0.23748786407632824
0.687790677174909
0.2996981635993696
1.4667781308857644
1.4340652558747227
0.7285821434205366
1.8277084272173927
0.5387362293601106
3.1410429187504145
1.3964625935071318
0.744811990568304
0.35703236409446654
1.243963023218411
0.9927773072143977
1.3524026913510467
1.235969874728371
-0.08465687083848729
1.7858723223566835
-0.43719404983856397
0.885175618411308
-0.3718339091855476
0.5616652094966632
0.9392291529523176
1.1073998945515264
-1.100199861518367
0.9161525330968341
0.7576477736617824
0.5202953618870381
0.08707535191030473
2.09913591895596
1.7230582147320959
-0.012323295245267554
-0.09229682934239808
-0.7600683331342513
0.038582755336859134
1.1662373820103171
1.4128853941737876
-0.03406450934118862
0.6104108319929428
0.3468221402985611
0.20496418193677554
0.9389506140318449
1
-12.981110620364829
-11.204533376983063
-12.390036708212483
-12.838107124889666
-12.362175020162098
-0.08932447697733817
