80
3
10
2.0400688648972665
0.13634356520144214
-0.06620215636466298
-1.8681934687758097
-0.04289117230042801
0.37008696366616284
1.6436590372432478
0.6005144534006196
0.3252005465509387
0.7866782682840059
0.16886272122378013
-0.8359587841140268
1.4507944916581776
0.06500949775178455
-0.7434147476666201
1.0974113432414092
-0.6056185119819752
0.38388852132479734
-0.9855563758185557
1.475762590364691
-1.8109509761160727
0.3719384601269699
0.8843940254361653
1.8666107894784152
2.4759231543947475
0.6036963502687054
1.2269109441729658
-0.8353793457911506
0.12007903828165258
1.137238963589204
1.8321547260746367
1.7827667790022685
2.386569624518161
-0.563997508341908
-0.19520887316233393
1.1909030694299312
-1.1746393340060663
2.870654694997483
-2.689457539199204
1.3465687169107132
-1.564762636381986
0.7737234942218725
-3.2665112655889743
0.8704550133046793
-2.182203464511801
1.0090107212940251
-0.761037374407452
0.3967971820870106
-2.100882268024627
-0.7457305752346608
-0.6956723824806517
-2.7242163047359473
0.1430440731478372
-0.8897753381763737
0.21434105893903627
-2.1071840034202465
0.7125511470351965
0.6049223254724944
-1.364993063655058
-0.4598536585176511
1.316282683845953
0.2629777976897388
-2.541243255225262
1.2874287920824303
-0.08054219821344485
-0.20950438362330853
-1.6406165847651542
-1.007613428666024
0.47548412106389937
0.0037546132672684612
0.7495871150710985
-0.9098906409942187
0.04433081766906935
0.815407047607091
0.14877827101990368
-0.7514119275831616
-2.81885184797191
0.3436645907437904
0.06899134421086527
1.385602459916682
2.089581604230049
-1.367510263516704
-0.001575053475024249
0.9748360542223632
-1.4944272018212768
2.2681359573651214
-0.1755134966380389
-0.608295904191134
0.46612170671028863
-0.8051945680966748
1.994193287416762
2.829674161898482
0.3321753153837793
-0.5352048581570914
-0.36386429100010764
0.7715112644698441
-0.34263678553673693
-1.0148929506454654
-1.0278529990864238
1.6128089894481672
2.837333562359914
2.0483914551195914
-1.0680909621616945
0.010901289250831551
2.5729267294102103
-0.16733656444249448
-0.5364094136871155
-0.8564844861481311
-2.31126394969978
-0.5891843581008392
-1.0377141835336796
1.0490023894050582
-1.7957603399154947
-0.5616266507932458
-0.2648734042055985
1.1794630353474769
-1.940364207199412
1.1801665296472816
-0.04663053667228522
-0.5320872245530366
0.6368117382480156
-0.10517407097021543
1.1280523269593805
-0.8724997709249962
-2.175427121443821
0.6032081978104099
-1.3925419395480403
1.6005050068764697
2.280486152627011
-2.4963550877173972
-0.9009219403363715
0.22663650676588487
-3.2813394936642757
-0.12536409367163398
0.36103499450058374
1.4969566698938572
-0.2976662906381999
0.014991250930802141
-1.7945234429017756
1.0488893457090243
-0.07369499728988166
1.478871512775544
0.24512014843818059
-0.5501691689137526
2.1586584321700975
0.3968952352890296
-0.8408176191029921
0.581120413521513
1.114265208863408
-0.7841266644784641
0.4715398072197148
-1.711880874343743
0.049914455899110366
-0.7280053281879766
-0.39603304204473166
-2.2503312311461072
-0.3487775321589999
1.6693591058561799
1.0668641960518581
-0.2642174896824299
1.053301941934984
-0.7715982011203484
-0.4412867310721248
0.4490918508875006
1.1991184030211508
1.5817112764856474
-0.9256363940928729
1.5154565680977703
-1.387052358995712
-0.4720625239112278
1.0128448210180943
0.4776534839030875
1.9298568605773672
-0.4632855039395319
0.52290427638263
-0.5783626623139653
0.4759780142267885
0.2267502289601038
0.9378218046698331
1.2161551060351077
-0.8220598351164404
0.05796835698191419
-0.5328267376915491
0.9802944216057697
-0.1661178222403572
0.6819692440766613
1.3044395255224428
1.9891754935898374
0.2425135551947129
1.0746412563659051
2.171457725117537
2.0585922093204223
-0.8499845490018958
-1.0223413391476688
0.4122368062457598
-0.6419773994078759
1.173243535257078
-0.8667640692667361
0.299433900811457
-0.5965097517747849
-2.642355489068315
0.5237370640646737
1.7325388204465102
-0.39845470499941477
1.0800041988062243
0.7598131019659029
1.4754199956671472
2.772468514392616
1.5998723437627758
-0.5467252366336571
0.27898161487737955
1.7171696996945753
0.6620064930091071
-0.2020726589591832
0.9779348840507275
0.6214230690685801
-1.357675187571559
1.685561861476833
0.3434607463011735
2.5604985205132023
-0.4548417505772098
1.3260225382921291
-1.044126514387007
-0.41186384603879206
3.302097651221365
1.4897459763614156
0.22440693547112706
1.8304709398016494
0.891603156112481
-0.14168501402467215
-1.024136605006519
0.8944222307365588
0.3481819329131123
-1.3776216197566704
1.5794371058658074
0.8365928024774151
0.8832649222404847
0.17747821746983516
0.8689991796317231
0.15704268023857834
0.6136344088558202
0.2673866041702414
0.5376729295177468
1.812626442594425
1.3336460347978703
-0.09344242326002003
-1.2105146336932637
1.0051289400213967
0.6475143781118083
1.243214896476116
-1.560951881918542
1.504087204998206
1.221008445057443
0.3322639682984692
1.7817684876431268
-1.7387277432573855
1.2852658970669033
1.2925384123958865
1.575709740429879
-1.8926909401262118
-1.8131548561170565
-3.497177913374646
0.0824809916195868
0.14004150575848556
-0.7742979760402037
1.2077281410547465
0.6923281157219398
-1.4370624557436107
-1.7393499567854207
0.7812839724743982
-0.13170930345828902
0.6868061515129826
-0.41761826786595246
1.8466486874027035
-0.7592267256507319
0.8925078953313308
2.013584240463323
-1.0318345883938929
-0.7167869295432697
1.451637046375626
-1.444344957373195
0.3383127581968953
0.7434436637533924
1.8274755774102693
1.871039089286148
-1.0966964026068213
0.10832688058613323
2.790251945068304
-1.7112710860643428
1.0837507734455127
1.1111077111906582
-0.7552289227313589
1.2605566326195434
0.43396849760805356
-0.4462637348964606
-1.0352886214892492
1.4062487539901294
-0.31631658410118857
-0.18957753611742487
-0.6169984220651984
-1.9424338627083961
0.1466637295745281
-1.102025642741714
2.700781313933008
-0.05676913340509683
0.7378917776744773
0.7017990681026482
-0.34703470367304257
0.8019325963233581
0.119482419552013
0.17909302222999238
-0.932591709657397
0.6310524850465141
-1.7969918225572703
-0.7273768836039142
0.1820179177895368
-0.467439781458379
-0.4503772633645786
0.7993730250093128
0.7196401860318798
-1.919282766815398
1.490540675102833
0.1020464538702696
0.38084106253105343
0.5796143889474199
2.39485046651981
0.2851080708650581
-0.7059137340326948
-0.12175567334840445
1.8033193410389394
1.4419670146340775
1.4457913133325582
0.710061094492373
1.1175655846523125
-1.325052211436519
0.4359088806698289
1.3397120195992647
0.3341885664847515
-0.19576333467637136
-1.6070230288948997
0.9583455937922606
0.6809597139232151
0.021087341807787513
0.9274942336673772
2.123694530772402
0.1625429885404146
-1.5633479673754869
0.5162941726436437
-0.849515627060454
1.5965318391170473
-0.32647960118663705
1.8785486557993356
1.135726682146115
-0.6994317199920669
-0.9056937973753398
-1.2659875488583359
1.3971571924891453
0.437961864628461
0.5487834021596206
-1.9844257509661694
1.7842844560284679
-0.7462837534957103
0.3515560162679803
0.8563625726396853
0.6157683080147106
-0.006864421137394612
4.49120049763448
-0.8336986975986289
-0.1636848861449042
-0.18830173942967776
-0.15000013065204382
1.095258451505214
2.459045242650045
-0.020005446558205308
0.0799628433515017
-1.0711553531317204
0.8885168001118275
-0.4523236770911004
0.8383560485392421
-2.558253448005103
-0.8375579165431246
1.237163271368455
0.32518421040650125
1.029014803367927
0.48589612672988475
-1.2857279932326093
-0.13850570569389353
-1.4596882686135326
1.3805183469913942
-0.6236082010068137
-0.04037603809830051
-0.6357212105307354
-0.8998328469976282
3.419480009650842
0.9208223628592054
-0.13218327096135873
0.7491512512135383
-0.9325815530992955
-0.7116916240537535
0.6901180771290695
3.183157999934051
-0.42810946986278
0.5737851407722823
-0.4448469756292758
0.7519567617422834
0.8073158620673818
1.5568429717184409
1.8334031330284026
1.9533354387429354
-0.4115661537622585
-0.23866198448025294
3.6949384412772766
2.344059493909058
0.7993276776757637
1.6108568546081345
1.8429787944032825
-0.20748663226288047
0.637842478026315
1.7651975492653849
0.030425936307431962
0.15560354735513193
0.08332775358831267
0.12852619586630054
2.8847207705756484
2.378340376198527
1.0716053636931444
-0.33677955088740763
3.0520039429970263
-2.304770745587988
-2.073043977457248
1.3180565395266666
-0.08485200823540734
-0.9157725067123628
-1.2722120404005681
0.4627894928166857
-0.8667225317518181
-0.21905362951139987
-1.1425818788644024
-0.4751075449779495
1.9324801955608075
2.833076390342961
-0.2025652349618143
2.489845568589345
-1.4471566705151446
1.6412331807507583
0.042401996604901064
0.3723157631214202
0.8582959389519589
1.1886937539588556
1.9532115199598539
0.3816584444848521
1.026245236461853
0.48959900667364437
1.1706532297591417
-0.12200600603655819
0.5961435906407414
-0.7858657755314873
0.15089918899182886
0.9014373386956078
-0.446499817759312
1.7992236608549532
-0.5597218685415756
0.5844550376734606
0.17016986704858234
-1.505542986938256
0.5407729389943645
2.271294908752227
1.1773700609748368
0.6909195352563331
-1.055666930121445
-0.200066232088773
0.17557127962870783
-1.4908873442507764
0.5715729198120092
0.22570958758272813
-0.12218945054230351
1.9803429016771357
1.21586095434018
2.199293289573544
-2.684125241721506
1.6671059044539913
0.19573264623686717
-1.3935016026019302
-1.7866364167226156
0.6444764325635207
1.1373785240641676
-0.7476876701899159
2.327063096094416
3.241338043517392
2.922710976808498
-2.9418315089554437
0.17793095837913175
-0.6137341581681484
-0.2629103901712785
0.5129632811919363
0.09489716111950766
0.283804752499626
-1.0774620514207398
-0.8383465360642106
1.3525000540595726
-1.4350609027147956
0.24078095721080395
-0.6058154099060011
-2.1419954542802198
0.9952269691093628
1.2343904318881171
2.331227700961279
1.3660725121031374
-1.9650429443881428
0.6754122917250178
-0.04993846268077744
-0.3532485643221169
1.0413561259089756
0.27942335762538484
0.9339807984304986
-1.6409517984313249
1.047265966253007
0.6741165064820981
0.8462507968396206
1.5924710844546022
0.18612533189286445
0.4624912049999586
0.1519233802516303
-1.783868455781118
-1.979555655597966
0.8266447324508632
-0.8897034169951699
1.0796331028565191
-1.4213025810869417
-0.1858929295009728
0.6661248064209934
0.8164066861087653
2.760444241203358
-0.9192644591710305
0.34727476413368014
-0.9575489261155108
-0.7929494617889681
2.0568849767257205
0.8101643797718334
0.633368673873134
2.2306757507050334
-2.248355461260034
-0.06843868839814174
-0.24201078157072625
2.7388522761139016
0.21966674865866742
3.4259344174685555
-0.3317164041571663
-0.5172574671613739
0.07158381517845333
-1.8970991902654544
0.6044704482288701
-1.2727184245946852
0.5113358205878151
3.08655632917907
-0.20473171568359838
0.5272747956408439
-0.48647741107598635
1.4642169593449224
-1.8395693282156937
1.941883240113268
1.1238324835832831
0.18207846659901575
-0.811487703451434
0.5733860901908285
-2.332325594084877
1.177200949769084
-0.891994114469214
2.973490378465818
0.46334532316074745
0.28616253005892234
-0.8273209565444728
0.50298439708735
2.1159857685288666
0.30123470539458896
-0.35672457858746554
0.11674650777981027
-0.056132214616398377
2.530477063252814
0.8735582490324709
-0.856401297110729
-0.5204601750692709
-0.8816387148475301
3.017905827344627
-0.5809841487586733
-0.26243196171032435
-0.7454035116262581
0.2641166677552411
-0.06777655178063709
-0.8211285290355632
-0.3313451600106509
1.4857665307899872
2.8119551321148064
1.511756006179348
-0.2449147651591626
-0.40325365489388654
1.006590320649556
0.057935125413255156
3.5571603280213067
-0.49587473593393594
2.758894418836304
0.16400076924967072
0.829549688649448
1.6343021949533438
1.8075489938281022
0.773716791330443
0.8658317732000591
-1.6564767933039164
1.36249025969838
0.7870627230624092
1.5694654154163319
-1.2690654436117548
0.6217686945728487
0.06601872695696617
0.24608462237213932
-1.4452280935817814
0.8070859405820459
-1.206193529086549
0.5205036534666873
-0.9897722457208643
0.732829246635495
0.3548208470857411
2.0467100418011213
2.1607991190433973
-0.17293491410075007
0.2626810017867909
0.6901207541749901
0.4560182096974768
1.1481483666082017
1.866994820748992
2.3579491268074255
0.3795385178749228
1.362041921142533
-0.1418257265122363
0.27041880685420383
-0.8047157392579374
-0.2750331990921675
-1.045205937997399
-0.77742417904033
-0.6015484362734924
-1.1264253667323572
1.5938864838854867
-1.0599032551253096
0.398247278108642
0.9057885941291743
1.5618045481634333
-2.2135196110101774
-2.7370603281600525
-1.0753133545330735
1.5761189728342535
-0.251280908848493
1.4498951701133778
1.2279436648946647
0.18676196843769946
-1.2052233122419267
-0.7284921979534345
-0.816172226917664
3.121299761375355
-0.7232497417762764
0.990591716631978
-0.48846945916219214
-0.21549698288409758
1.1868557022418276
0.6976869788169409
0.2732982519741833
-0.014797598784026679
-1.4591479876517073
-1.7980986970769162
-3.038816501265184
0.2340787766638071
1.2330606755121065
-2.076486626407143
-0.22602097707371607
0.5798221624084635
-0.9387380945739301
2.99227628682803
-2.104468916504655
1.247366651819327
0.15625520349992472
0.952913460844696
0.2363082697058318
0.5403864872006626
-0.1458971497730298
-0.40891597693250387
-4.158253682772969
0.8738085367226495
1.6130994119478672
-0.5626505030687544
1.539938285757217
-0.7874095235251598
0.8795055373410654
0.19722040604698332
-0.09694177220220979
-0.3182359871657966
-1.5239951646496963
-1.6503865410905334
-0.6638674059069165
2.7657455923601177
1.3649244836463081
1.4072996910972475
-0.9891387328531933
0.15699885675123246
1.3425776905356843
-0.5379679397000978
0.7783781254115058
1.8524791694452456
-0.8390752309859818
1.5734953107664864
0.6861011748077473
-0.3582925290533357
-1.9749737009078108
-1.7534411595017065
0.5733916294095027
-0.5531813366808136
0.009162666737238544
0.23847979092709837
-1.2202185520031084
-1.8766365147817068
-0.6728033960323586
0.7245147358973351
1.746967699891196
0.24439306395715665
2.2356916367486215
1.0576903225369396
1.1141019036729523
0.24851059501757716
0.6565106646616061
1.9807497546293464
-0.9800559111527982
1.5065602708167847
1.7667567490572988
1.08077272150467
0.20338083305882843
0.12162958463758725
1.543029047506829
0.28957957302847814
1.6131098571036937
1.1209139125867664
0.8930486161222428
1.5347047970743528
-1.0140100454718526
1.7279865755610764
2.018081585473537
-0.24595713554798004
0.2862469701735836
-1.0214417762582888
-0.011793066562811413
1.590139522242098
1.1866019116639046
-0.48349016204991047
-0.6789854538301697
-0.6178840929045143
1.0130553010926073
0.5695098917911404
0.33429060351916506
2.330641643797609
1.993743328575281
1.6673683760889844
2.8925590888887016
-2.13594018719053
0.46109090242832873
0.012126825117860942
-0.9258405675747885
0.11113885710788929
1.759303518722791
0.06734631906595978
-0.318267135566083
1.330185989978694
-0.41232434113442884
-1.5892895689275404
0.8857790401132333
-1.5427781214697516
-1.5207114460159503
1.4404894016486594
1.8831952933468439
0.7959802294772547
-1.2102022555966838
-1.37431289761473
-1.3651942221492286
0.4363989146080383
2.2343484956333715
1.2028035483948203
0.3692089235434804
0.1346967761911366
1.62046788626991
0.9483792480747503
-0.0053595001715066246
-0.509770878606793
-0.3664144906801149
-2.7895533691000183
0.2729248819162431
1.8183001273389976
0.37166038272575946
1.0377686725789923
-0.15491741720846008
-0.32390510034995157
-0.6972783970724857
0.14482941964444063
-0.5452147520792089
-0.682193595927249
1.2517150849277259
-0.4548892383810015
-0.3907813523339189
0.7909476961239614
-1.1948829425579122
1.3693037628977642
2.309694173566646
1.318825673090442
-0.8865096015756408
1.285114346643073
5
6.020037402185312
-0.7049111267150201
-1.5380673392993485
-0.22536348000201353
-1.6170520499025296
1.5240798088603917
0.49975620173518154
-1.5329988963018069
1.6451526921507245
-1.1172824298183361
7.07800584757526
-1.132488404123589
-0.48155317264208664
0.6615371306505682
-1.1323865637069594
-1.2474261487020235
0.3226141281970043
-0.010717985346520575
3.892264627849788
0.5545398837361749
7.629122793858681
0.4154781204091494
-1.7460082157531913
0.4976998257082798
-1.308957862968674
-1.0541727820934315
-0.06769971082722795
1.0820312452185177
1.9743416483491325
-1.2569105461854648
8.052225926312522
0.20682859435220588
-0.8194893865087264
0.22585901182743434
-0.4009117054276518
-1.8033540637945855
0.2869048251476301
-0.4707984712662282
-0.15463009591822408
-0.3018682824958528
7.181651197754347
1.0527739286070086
0.4205732570120816
0.1458379030824218
-1.2021286941705347
-1.960742116375884
0.6082875946532335
-1.8110073129542312
-0.32131031227882634
-1.3189661606986016
2.9269094411881036
-1.8323116699929576
1.8212763866827242
2.7478319192163667
0.5044216401742012
1
-14.769137560293824
-17.303410089797875
-18.698866024682726
-18.636519396266653
-17.013847629816997
-1.1910512730700547
