80
4
25
-1.7395344818327796
1.4134396589279556
0.3654234474073129
0.24130855353914754
0.8902228224327251
1.5116614000742057
0.9295517166859387
-0.7145191332655242
0.08964833247882177
0.7770502359048712
-0.25695754815393923
-0.02697264006111974
0.4526733595054245
-0.6889968884924654
-0.1671256819921079
-1.106152693857006
0.5137362127930667
-0.22539930199013442
0.7356085370874815
0.37709543601771345
-0.811015638563493
1.5057004612603369
1.3220269919064802
0.8296070459205526
0.7475329275700721
0.5795156117851097
-1.0043929490758978
0.6928808457677225
-1.156717655818173
0.33938616231070934
-1.0589079982842262
1.6642919592053078
0.9578289276476195
-0.7486559341905893
1.0627098192953952
-0.5880814471915885
0.8765800751753379
0.7884553337058686
0.6663143945944702
-0.022476457535275496
-0.1643340385265998
0.9429693526965794
-0.16034761027998387
0.48947929022108105
0.4843737645666321
0.1818258281057611
1.4916347229646383
-0.21298164564445332
0.10243388074905481
-1.0090514727754805
0.6443987570897675
0.5566744037400863
0.8270259143155438
0.593120285917534
1.5038860275240857
-0.24366378493098018
-0.5535076190418141
0.29506619559628555
0.3238628968639564
0.2548765911971994
-1.3234461820945764
0.17308394708510885
1.0567613428710823
-0.06915002982599827
-0.8621925518896223
0.4792642164321212
-0.127550192133381
-0.1949373708603043
0.5717339190442823
-0.8772402523127484
1.5402095199968453
0.6772830262950353
1.4536532386064454
1.7088604412071853
-0.49990737178943245
0.8824931601664329
2.062598967081275
1.77077037410861
-0.19446177380097185
0.7385905532090584
-0.6305889890700993
-0.8086579931185948
1.4643059576155235
-0.11638934005210465
1.4887961800835898
-0.4131538163588444
0.18645490757877545
-0.07306168320462607
1.9672925280412343
0.919522359551018
0.3130090526760882
0.17234310465169408
0.4154841518783192
0.44532037224622667
0.7356352683197119
-0.7857428559311992
0.09269270160640314
0.9047734325422166
0.9740610056446883
-0.10357505974242105
0.09383537869849223
0.0022853639128295813
-0.1218457275122464
-0.3168578714305265
-0.3400716452716331
-1.13431522075036
0.2447887432896076
-0.9532856603976438
0.7827774009591373
0.04300704037858322
-1.5962688945281553
-0.5696574515602274
0.36555460287890446
-1.0902735112080746
0.3336495516367747
0.615809529426163
0.9027016613625056
0.2655426081247163
1.3940765640813715
0.41143688033947123
1.464962073277081
1.1484775673705747
1.3857246352828274
0.272738741212228
1.0538322127165736
-0.7245834529436869
0.09758387446887679
1.0014347335741276
0.1762472923564402
1.30473753051951
0.26734949921348056
1.4468775008283754
0.17678439314193473
0.5185881046464752
-1.380432471013527
-0.0785987798993192
-1.2150777474046353
1.7559980324304971
0.6132582290777452
-1.0788346842721692
0.09123648072856053
1.3613567082191544
-0.5359712766954425
-0.44667322200473647
-0.1973159446840127
-0.09970080878414714
0.7903078682657589
-0.20892360676564237
-0.44614991898643175
-0.16102055281244176
1.1434251317371644
0.28198276771998837
0.9279970934588262
-0.39144617667160353
0.9255573534259524
-1.447164922080479
1.7089698261388533
-1.4207349218132779
0.38887538608242556
0.8449005344568397
0.9183842939270342
0.39486575418853803
-0.39282290290438493
0.12790549274675375
0.3977631977092648
0.4616211518240585
0.40405307923316025
1.6060240751218828
0.3101047597469284
-0.38549054162663215
1.7424850006979928
0.4321236601757379
0.06484550533252148
-0.4646392935112099
0.9612165137562741
1.1211250855742736
1.1728632349502948
0.0568330324300328
0.05022636355394178
1.138231094554929
0.1398831410059555
-0.31641407570488483
0.11500076251104623
0.11543820986082748
1.2820794682474064
-0.9442331825077901
0.9938929551095986
0.14741487660335106
-0.5507927815768425
1.0708296710618619
1.9638353520237468
0.945865542243141
-0.5611659912487788
-0.2656862699780832
-0.38048185552977776
-0.8839674774677184
-0.2268976271034641
0.48989381596047643
0.17313158519642644
0.35317235219392806
-0.21817927807123105
0.03935818619542308
0.9563213319829469
-0.6738316421274811
-1.3104688180819843
0.37555845246386976
1.0860503020721517
1.6322405137987788
0.16775494872017388
0.746268169622212
0.9233071077586605
0.9214805877493847
-0.36637878406386293
0.8190399375218588
1.3291216194670668
1.153625563129589
0.07410036966755147
-0.5945949198987
-0.11074056196024325
1.2207534153402304
0.0895176756855269
-0.2920480688885751
0.23971305983573937
0.5870775433754553
0.3679329709306896
0.4757084542235166
-0.508590263954542
-0.1056907259248128
-0.6724402268229339
0.16289036527932255
0.13981168029822927
1.579228810310838
-0.4212484288150708
-0.3393741362609348
0.9514137895498037
-0.05074111324320178
-0.788193888857264
1.4047920480635403
-0.294375538730025
-0.11363374086433575
0.8105548944486896
1.9004656962728805
1.351803311488936
0.6526022767417805
0.281478411810953
1.1609004174646145
0.6994046451188721
0.3321683710640481
0.6321768901507171
-0.3841642306386092
-0.3256951091303062
0.4717492426676999
0.7864643720946016
-0.8200461808830679
-0.5816301068167957
0.6607971445569164
-0.813331998222876
0.7159822093109691
0.5394530593729174
-1.4452012518012842
2.177582303585009
-1.6571768909254065
-0.3116901432608187
0.33465898355086215
0.8072990646346413
0.7345764994277861
2.302246022592206
-0.19230056139578913
-0.44719288783088407
1.3144563440679184
-0.24484621112493338
1.6875434860108802
0.5249643379861337
-0.9578876757780813
0.31758137418449234
-0.062291354947671476
0.43916837891057986
0.5763970336594597
-0.3082004442987493
1.3036770445645043
1.1819338770780974
0.8272704599282226
0.5041141033504262
-0.14753055441968602
0.6675928550068972
0.1374054668736091
-1.580203473955322
1.2470395987878486
2.601804684484027
-2.3623268660547487
0.3437489137205848
-0.4420848234878642
2.050684089991605
-1.5043226176397766
0.2060481276258217
-1.365412690473931
-0.6203555481952747
1.0506095075739919
0.7676638038567455
-0.060491753969527925
-1.8886860113205897
0.18859670483369123
0.7895566279753189
2.154601075078587
-0.1440680313360357
0.4832974967787156
-0.3447257358778872
1.1274084086370741
0.018424370290631473
0.011221297779779593
-0.6452653096851719
-0.16078515081816752
0.18637625445566497
0.5913049696158387
2.092360768677186
-0.345264970769823
-1.5161063066925105
1.4599261023999568
2.0666079067157757
-0.7978138130197088
0.059937188597582826
0.13464903318792765
-0.0767955089551972
0.6461963067193712
-0.48501004471871323
1.5818395314969609
-0.7044781165837317
-0.25920367338059136
1.5957896982139181
1.773755458338858
0.5152243259708551
0.6442640638630913
0.11064116282796602
1.9112322617860014
-0.5506973592844456
-0.8266887364566204
-0.474577049879909
-0.24869443031260147
-0.3362808814283853
1.2277256631831222
-0.6717986488010346
0.8710045720327352
0.9223000573483082
-0.6583599267990279
0.7516766066371653
0.1303132261440123
-0.7158099098888363
1.1208099979674138
-0.17722321435000585
0.38799672099736526
-0.916119862400055
0.5119004142449475
-0.26706963807692213
1.5889526228776225
-0.5260291999982643
0.7558610569043344
0.30608913418831973
0.11224795737204918
1.013961379953231
-1.2936699245739383
0.025619647995418604
1.2529678118192338
-0.6275442534172636
0.929599050370128
-1.332423116242526
0.09556829158432878
1.8810586388591575
-0.31265420332560073
-0.15478152736381448
-0.3657503071291875
0.7162604179360633
-1.3628912844074583
1.6714992145885101
0.30975802067677455
0.3046417248489481
0.1641114863129833
0.3111961831032305
0.0757332621901127
0.7539974422173009
-1.5297087079250247
0.718236731371283
0.6946107045999339
0.5558000131272937
0.2947105862995
-1.2874230867242176
1.068538430368696
0.5643939265460057
-0.9087527858122076
1.2019928325966105
0.9791943845965423
0.9845375349884781
1.4195178075179855
-1.4040725338640223
0.438918242954783
0.5899221562263679
-0.8490627721379688
0.6963892387323823
-0.8510905464567609
0.5383105693548379
-0.7870358637667025
1.296581375105097
-1.3986134797306502
-0.32024050047135055
1.523336449686682
0.7410351493570987
1.1077320451063568
-0.32430715346164235
-1.3049217469015473
0.9142308281966627
0.4010339477620572
-0.34393779502170424
0.1951488619682306
-0.0827369473367335
0.33837488686673156
-0.9397155466412599
0.9962373247012466
1.6020420426234794
-0.10202705251122975
-0.36735847940656785
-0.43672089786891577
-0.21764404041245558
0.8020704782843979
0.8195519409515714
0.1878542213636042
-1.040296011555119
0.6511199852044853
-0.7670092658589297
0.19168299491800025
0.14968745036066505
-0.3442814177707715
1.3196575432332536
-0.10041505590741381
0.0702561537550508
-0.5484789235131209
0.6390994107182846
0.5624525138875891
1.9141694006717307
0.2462079873543161
0.6518375555982346
-0.11043425965499322
1.8886769655379108
-0.1563159666121407
0.5461049363539624
1.3395180970997866
0.44501629628138095
0.6261530824523142
-0.7344173347658024
0.947947396631032
0.18543360938520345
-0.752717334159561
-0.4478112407243847
0.6252867289315044
1.2736959775662533
1.615926548401899
1.285965275785362
-0.17979243140927784
0.6607405739793748
-0.29698668894004177
-0.6276316886429338
1.4911410850270979
0.3842806052191474
-0.014888472929407925
-1.6462523323182687
1.1450830072377496
0.2929472902698757
2.2416622359844838
-0.15638133161712586
-0.10668579356983374
0.7711205878521797
-1.0119494284037984
0.44371088560304434
1.4506574032773711
-0.25704923538786445
-0.2871849506483023
0.02371685676336406
0.60189135740819
0.177076401961706
0.6572177911197898
0.9879317188572833
-0.06468932806659237
0.7808102691854559
-0.023541936215158807
0.4475980625355224
-0.2035875326454084
0.890951153582147
0.6563958092712663
0.8865906155654997
0.18852832757354776
-1.1312821404385236
0.31758036507888576
-0.6586112990704885
-0.33376951929290577
-0.2559692315683979
-0.10461226162851779
0.014308412515997793
1.2052988740336286
1.2361585420282335
1.7612734183380923
0.8637870420353604
1.5078533565010384
0.5690682191797061
-0.19681477417350168
0.17720162734521566
0.30971521763492843
0.35802515759423226
0.8321553290422681
1.8578118003682298
0.2485985638533836
1.674987253676816
-0.8418048624014831
-0.6658796358921081
0.590190486823286
-0.2981451366915298
0.01143014250688357
0.3468846619785181
-0.467393369226728
0.5890113032710469
0.33118105040221296
1.067009979444679
0.00600305641103209
1.755232099849716
-0.2745053045352267
-0.28960480023179647
0.8313026383027342
0.6185708511940898
2.6415515561532645
1.2751756251545234
0.8701516568731855
-0.053352131744077595
-0.3914903925847886
-0.16477453744762588
0.46230187595806055
0.5173090410371584
0.39401860638221664
-0.3167981196594303
0.5365978463807363
0.5054770514868824
0.10559734524996983
1.4277859981093823
-0.3516810656765471
-0.34593441374040684
-0.06874335454648851
0.18581999327810092
0.4082125753079383
-0.12126519688093944
0.1933201841772607
0.3808932433512237
0.4575256317558281
-1.0301341933211534
0.33746774460155254
-0.20251136799673378
0.8355038737484791
-0.3351423325783723
0.8899333302201275
-0.3284634728892237
-1.272101575616648
0.06286848981033359
-1.205441470244443
0.2694858164856734
-0.5862725818868136
0.9432939164759176
-0.017921510854428807
-0.852434127935916
-1.0946933951171975
0.29901832999877265
0.17939146179017557
0.6608456765299899
-2.1718477264287293
0.37428974883504607
1.8108353483482469
-0.4856743396238926
-0.37377246280006693
0.493754524863237
-0.27542614715794844
0.7289583008728734
-0.9672821873256382
0.9111622644065103
0.500195162217262
-0.5290669353740635
0.48169910953249484
0.5873955502200005
1.118382941545536
-0.7041681466119012
-1.6270207557790015
2.1175352702487684
2.2650682876548247
0.2639150233035106
-0.24441313681609375
0.23885854014680294
0.49488299355195386
0.10231785346595813
-0.5842870798807894
-0.11464863064252677
-0.4518757199509314
-2.0510478787069424
-0.5319180676302452
-0.8250198423407469
1.852631978075621
-1.7105876187281948
0.36805104841339276
0.9029746708664521
-0.8186938764880551
0.10231179963775754
1.1133424027841337
0.6184629976394088
1.6520829470426883
1.251696100183644
0.26222251286040327
1.3627856809805743
-1.3094811245761924
0.4712346471076952
1.0026671172190134
0.2880564319275728
0.9415417899990792
1.3431874423671466
0.043916292888955336
0.20405505973062552
0.44914689532906926
1.1181709726569744
-0.1656223026809157
0.512654734526267
0.7520384306942655
0.32505815159340573
1.2766462304195447
0.3013440564058714
0.22106272086859968
1.9522938964899457
0.17304091092971635
-0.5348802600165269
0.9405675411498287
0.8905495522000755
1.5407800448742803
-0.020721163247722284
0.23219478143975153
-0.36836970104968614
0.15536107416199463
-0.06095226804478321
2.200446682251061
0.8466785287222154
-0.47979703910496285
1.4115001074931124
0.139532727619676
0.15052284328332477
0.71574725530554
0.4439218643049004
1.280151414929447
1.4368444271517105
0.45503073030812585
0.15131547124470401
-0.189885010909842
-0.025509971761658312
2.211474784724131
0.7529951878680413
-0.3020867172525775
0.08039125783080418
0.3291849663798142
-0.7778203688676462
0.5885322230027183
0.8928615143089262
1.167757640963254
1.1916041109110727
1.3814564423428088
0.6463327610060192
0.697078398310928
1.2179312503269237
0.42164713077672655
-0.8229263708759884
0.04247964988894949
-0.34737038897003797
-0.02916386481006568
1.317323892590446
0.8092727672752488
-1.693127181161981
1.6514749488323885
-0.700801140151825
-0.5677521179840975
-0.13618507454480688
-0.5703431505759835
1.1807280246631264
1.1249624352311347
0.5795632944086543
-0.2199128847980899
0.45155272613891656
-1.6465142375733317
0.44872662180362616
0.5107650446883177
0.41313320421236704
0.7371633007075172
0.5128244240596157
-0.04323219651464193
0.32961857884658463
0.8617936380059404
-0.6071276284350431
2.2089197922131603
0.25262065356722363
0.17515882999003213
-0.10587028495419684
-0.6506806443203601
1.0454113587515357
0.9476353942082854
-1.2398630060768856
0.4272137670140688
-0.14412911909662457
1.290100667360851
-2.142650417119523
0.5117003490364581
0.7097660053153921
0.18787906606975371
-1.1970438570490998
-0.23712404159774586
0.29201159462077936
0.623114593812783
-0.6122479315657695
0.6274557902321568
-0.0069533146338888185
0.35515184466634214
-0.6165718921470152
1.372664437849025
0.3082733345520178
0.9093300481121793
0.16151747909542277
0.9758046417133479
0.29739468512629075
1.1819291602841961
0.3190547428717841
1.8795577736841889
0.7098137092780109
0.2305224423786712
-0.0718210372735045
0.09914317971194805
-0.7666834028802916
0.49596704807356295
0.300175641537789
-1.0407828481115984
-0.736458707759227
1.1996337892794737
-1.7095333159365178
0.7578835799932455
0.49682212951378535
1.1684351989068582
0.16779486390096293
-0.5591848630593528
1.1986905749078314
1.4547069007823366
1.7000361736923617
-0.6678098544261684
1.3387498612676056
-1.8610918590772372
0.648056115611313
0.6117728110858764
0.30834096672107025
0.9559784791242896
0.37199524523943645
-0.46195256100944193
-0.1876165777680003
0.60347240481687
0.34384596918730803
-1.4916479878948916
1.949363532792324
0.05914040150233273
0.8279433273805776
1.8592872361478587
0.15545478629558368
-1.582467033894266
1.0766569198425324
0.6873606670010566
0.5472635582359239
1.2215525511155712
-0.72635726486268
-0.5437218011188489
0.45070295702521995
0.6575668567095896
-0.26192866782326396
-0.5716395575524574
0.4295695197815961
-0.42048676450486294
-0.2904339339216122
0.6227038156718951
0.4616073947702766
-1.8353019145159404
1.3657866290680514
-1.3283736511957622
0.8649740745692504
1.5004554373697838
-0.5191785244949871
1.022683573228788
-0.9080417650019081
0.06328216168625234
-0.4749167819782561
0.6802944708753935
0.2799149590989056
0.6376625551977176
1.5404010121146863
0.6323497631876087
0.22673801606730418
0.6364357478886731
-0.3315833807681504
0.5833847814861503
0.6505961277688552
1.8952116535645833
1.1699735262877038
-0.5390294873526298
-0.08268257933423663
1.3698960590357063
0.29926458054793115
0.2575512280549184
0.7341870737415275
1.1682453722388408
-0.7138537664483834
-0.22260996967401941
1.212202737751335
0.30358850162285017
1.2752845871553202
1.0056726711092272
0.19787279073039205
0.43191222782413136
-0.46918109731491037
1.238230867596948
0.3532913678994314
1.2532790858155194
1.3703797936759703
0.5473862203141797
0.2998102730410865
0.63833570738527
-0.9684221226900527
1.270122320867243
1.4313716078329384
1.2508643843444267
0.06252507024977708
-0.21171120488491177
-0.12277777092613691
0.5984486576028104
0.06326048645093163
-0.24062165387003825
-1.285243894772621
-0.6123928309529068
0.6318819802433234
1.228674208078582
0.0260739193346987
0.7551826352051055
0.9186956637983437
-0.9405731327008185
0.45618039674543415
-0.1637644799230374
-0.04894467754661687
-0.015996348563229082
0.8568220588534816
-0.4182874569179592
-1.365144251822199
0.5820154388119625
0.4479873425024369
1.2579003209703568
1.2701341170611182
1.080670088012705
0.9947574321872258
0.8058896960307222
1.1723821345887449
-2.143512197753534
-0.09320361594889978
1.5675126763444032
-0.6430333344362416
0.8765761114610929
0.3603829184359077
0.0771704639874051
1.6251753099180328
-0.06708867414129112
0.6681345393621311
-1.3591199664036884
1.0462601935588167
0.23718200292176045
1.5622639920544632
0.29662936977180127
0.8987402341407074
0.6210409081022996
0.346006404825241
1.8481866768324187
0.6142052507304068
-0.5313541063477679
1.089297115960128
1.0088377675398592
0.42393492074606626
-0.003449455778217231
0.39128147350157155
-1.1521427879130366
1.3465572352762472
1.7546501091334041
1.0526676028951805
-0.5909670504650212
1.9287029175198922
0.9125232076226932
-1.9134205818216945
0.7130663698489963
1.0416546043631871
-1.5977691492541979
-0.6813018556117401
-1.1845458691108641
0.43748546971331453
1.2170380487288277
1.24511104016508
0.752752379569901
0.10373652227815197
0.36483125891995305
0.44174914654548636
0.9663992330091018
0.6278453241420611
1.7425855825905479
0.7598886098969326
0.9823065160707286
0.23368770012094123
0.4314416976237661
-0.8725150321110403
-1.2805267020461086
-1.5123495637752657
0.2052964699937265
1.5577100337475955
-0.06444383850653075
0.09008990297416909
1.1309227981254553
-0.011573260381344659
-0.5235829123332482
-2.821143298800092
0.4567857446134299
-0.5035122600107785
-0.06818242644935255
1.431549865338717
0.41528563154425313
0.6273377431436887
-1.240881407786169
-0.34662086135372955
-0.19045742802124335
0.7515969483969729
0.9656687250153798
1.7125246039515376
-1.9482188981372959
-0.34040403680073367
0.4641471539132359
-0.31019227690858503
0.21249724469904324
0.22744838781622054
0.663602916963824
-0.3110215773529159
-1.1497905055350284
0.7023449803641726
0.0707712360193081
2.0809556445614885
0.12861397570985977
-0.36603798964879997
0.7661917672666322
0.6174612843062889
0.2628450506180464
0.6367434393073603
0.5713545848452757
0.24085215485389533
0.07834190409380232
1.3190601961950579
1.054828923693812
0.6918745173887352
0.5914751204245486
-0.17233743005730023
0.4273941210037319
0.06150196539040658
0.7082217888707553
1.8782509748583718
-0.7036293798781327
0.08685281517751042
0.6251388015184558
0.004238376119969162
-0.11305960193151841
0.20512832084825736
0.3593497397793842
0.0578827628223188
0.044209082370647745
0.38433363081563454
1.5016123589765695
-0.7912800839608983
1.2901426205170037
-0.585970040678254
-2.141686716301018
0.3463822543947733
0.8898328454249461
0.2982380842723381
0.6949122994317056
0.1491623378641312
-0.5508843775351778
-0.8194312424324983
1.1816897313315435
0.8090809163636989
0.5414853842854143
0.5516668646454442
0.9139656708740852
0.2547261848623422
0.2705192617258532
0.07612878868514565
-0.2930754553027511
-0.08746734379720579
1.1354863095089893
-0.7676512792693633
0.4112782926602484
1.469384916174237
0.11369266528076236
1.3722255933225282
0.12075888720377426
0.024900034153647693
0.8655350640260117
1.1175900687360805
0.27214610296950154
0.7130625482845792
-0.12010928547846672
-0.6257597578328556
-0.09899245751551826
-1.9557990368903035
0.9770363661049591
0.3554868702957702
0.3789846467850485
-0.9251797542052164
0.10041643849411075
-1.5830791581877917
1.1219973783252206
0.14187162830935918
-0.6753998520536512
-1.214078725762016
1.2854124597606271
-1.7686860130877313
0.8114987813408647
1.8157050836593023
0.6999173679703284
0.29150336740935373
-0.1645506730677913
-0.8444681433518998
-0.5855446681835488
-0.7589511985234205
-0.04983239592163973
1.668719458309926
-0.4534833547232165
0.66524882336916
-0.16328752422077325
0.8668502815265984
-0.5274171731909469
-0.18431526274529372
0.7825555758282208
-0.23902194745838026
0.4781939912077193
1.0951856136309315
1.4013801811903333
0.8765634195219552
0.23500716296253882
0.8257409939930511
1.0676201339820863
2.8709377966831138
1.0183780846596961
-0.9407208110257387
1.4243916416523006
-1.3034026802057295
-1.1573436997825537
-1.7259966358900698
1.6023269443162014
0.45946397137705314
0.8622983408736723
0.7711371809731273
-0.8959176479863449
2.2743133782125757
0.49610033328553904
-0.05351559400874074
-0.09114440988482989
-1.687770013150099
0.42519408083567395
-0.20162610003452955
0.18592880554164387
-1.3326425364636112
0.32866001425911573
0.28937315733189095
0.9669481543162735
3.037970607440052
-0.7156582814824157
-1.0402696754897711
0.3716548259204436
1.4673101438822695
-1.9267639451797036
-1.0610680784315467
-0.049260522782169885
-0.7623304015655493
0.14461954633541152
-0.040887719193640454
3.844959232477546E-4
-0.0032013587167645657
-0.03927031597397766
-0.11239607041741191
0.5622738259661547
1.894224944826815
0.4318040390524501
0.0671248574654549
0.9497859764276837
1.4011652156144725
0.24080804850622034
-1.105673312517363
0.09011588057569198
-0.05856886595240048
-0.771664575877345
0.24790412072403975
-0.7384590281520319
1.3149040757160932
-1.251233417789251
1.753131411966102
-1.1447083480952802
1.429904917358219
-0.45247738273403887
-0.0024095925911723493
0.34376778195505364
0.6832805620723719
-1.0982491915480552
0.46239251084516475
-0.06910052003878711
-0.45325535457165556
2.0591780247704756
-0.3053046676617998
0.3706836365993262
0.910262742258046
0.9878396541244424
0.5530965920915419
1.5425052178471137
0.44887303403334006
2.273528756744666
0.8405252114376506
1.1197013680296737
-0.2899847713604271
-1.5361370136691466
0.9265538325765486
0.7910636549863994
0.14007621945636817
0.21316681262116183
1.0774187051127473
-0.29660193311968314
-0.015497129994369807
-0.213054905853089
1.431879462898819
0.5589401944292676
-0.507735271199177
-0.706551006968144
1.5555257126197657
0.6443528722003872
-0.3341402374903046
0.8608783050434301
-0.5385481602623998
0.43679686184193267
-0.20469623348982147
-0.3780273871308074
-0.4069409864334564
1.0920975308586103
0.8797763046263436
0.3669486191059329
0.7150073201625475
0.060010871293055386
-1.0944865921462594
0.8011433966417022
-0.0071017256369636655
2.1503605497361127
1.4252805725284452
-0.31467798432163774
-1.1812014136364435
0.21470999813894473
1.1241354559934256
0.688127587084164
-0.43603130435353804
1.2204430228444823
1.001621907008831
0.5048475407656656
-1.4102203003637286
-0.029523216977097033
0.269970066796931
0.2989419114718487
-0.23201041519929883
0.08122019908606841
-0.33160647596780024
-0.07095920546537259
1.5699907183158919
-0.47362345108254456
-0.38071859195794144
-0.9284147583038185
0.9455053115091975
-0.7976901811193068
0.45241956285329343
0.8384540271060433
-1.9534618094760514
0.9477624823876917
-0.7136805772239876
0.28002713551213887
-1.3058546802199675
0.3806418058474633
-0.08649289399047898
0.2840048446314866
0.4171896856731755
-0.5972404591247967
-1.5454887267090587
-0.6086972475034191
0.31502276487189307
-0.5313708519316316
-1.0007593099398833
0.4976627523416047
0.4652941236506744
0.3332020209351476
-0.07643368788057897
1.3373914897189123
-0.009290498214034833
1.7650509389868871
0.5970537887026158
-1.2037567781443599
0.8817119037366419
0.18218242159879375
0.7533572501598002
-1.0557965868758856
0.5747557187656601
-0.11411567697066918
0.7078665697531692
-0.17954642327710357
-0.46985196110936117
-1.1297178096527711
-1.3869388270417513
-1.1227767046218917
0.5342914825213831
0.3046835810776247
0.21536870279262715
0.005174847379352768
1.429404569465643
0.6736061566940326
-0.07676928521517258
0.1020730907399672
2.263527433097198
1.893191713453448
0.43655295681497713
1.4503831548606838
0.08658573173944455
-1.5585081317085163
-0.7352687907541242
0.7522390999972595
-0.30250955598768486
0.3709221833711025
0.3876228725233509
1.595785144237381
-1.158676514042713
1.4243169511319331
-0.9909674759119932
0.21086622574239233
0.9801881579330017
0.05265471521110268
0.3943080899769349
-1.697786764984273
-0.7182704529449906
0.11921652193209936
-1.0841516793872168
0.5531731010271193
-0.30597192441636545
-0.3104658450404634
0.7793777480080455
-0.5642053565097931
1.0955836106709251
-0.8931030265940357
-0.39240767141604416
-0.7189164509175986
1.4943612947563623
0.563170251715571
0.4280154750352264
1.3776009540759517
1.440974616165143
0.6650665246954319
0.844480571930861
0.6273038486694552
0.6701688243370054
0.41086212498959507
0.37502355098299445
-1.063949005364348
-0.5695425793355269
-0.8022824557548917
-0.03646083289788733
0.42636540776791004
-1.4479492027298757
0.7952003566513342
-0.6906366097827217
-0.33213283120024834
0.932044959967893
-0.9150993474128145
0.39117281686382266
-0.6499477829862211
0.020421665158388932
2.7625968734726363
0.15609772956984222
-0.006410253282018809
-0.3331079906062787
-0.3237538090077095
0.777625296511359
-0.28671647403367123
-0.11800804126844111
1.0537824803738438
0.883466660966455
-1.5817056431363021
0.5423777034399637
-0.3444867861949697
-0.1500240095027192
0.2251798231280948
1.268537221709737
1.2007927951523885
0.8853046865113245
0.6110043229028947
1.5232525766485792
1.2015355613741288
2.03178629558842
-2.248491504394087
-0.6712280642005868
0.5787829624711919
-0.4534014465358171
1.4084997451950736
0.7643108474134249
0.8718222003012903
2.169140057192318
-0.8581146708028196
-1.151016214418532
1.6511070069066678
0.4199763900876183
0.7133406366966547
0.9575084018682705
0.1855890003900531
0.4987805456950418
0.29463911314478125
0.21607640528265334
-0.1361247055448925
-0.49125866638567417
0.7139329975892081
0.18642159126598185
1.144778049710029
-0.3135998465009638
0.11223664768542521
-0.5546603658449263
0.2654226750420979
-0.7935910471441067
-0.3406924913788444
-0.47018119955890014
0.24534949152337518
1.0266575077157427
-0.17277224725045434
0.9076869014064485
0.2213121762150705
-0.5416426971260326
0.2140254406556634
0.26084970993393264
-0.3142359896967673
0.36946338693419056
-0.21741822904972682
-0.329381349941261
0.9121107114629611
-0.9303093257177852
-0.23891556562460972
-0.44835882894290474
-0.6214381636300502
1.0473217161287711
0.8704851865479672
-0.11501824637053426
0.21854813495674918
1.6780343558496014
0.16563514780192815
1.4557500510937755
0.8238790019619646
0.6220872820048367
0.9192275049015985
0.3923233044826537
-0.5195499142264045
-0.6048842844838473
0.03203099964298545
-0.5498849648374298
-0.13027986607717612
1.2134605376968366
-0.7342743550915317
1.1130237462041102
-0.8577865175734782
1.1755232447824195
0.601718283908943
-0.269434429103341
1.125425140055745
0.4092871721534801
0.10719232914093822
0.870737883232998
1.6330269337307826
0.0097746589590251
-0.37175665734887114
0.6618781001927878
0.7015736340376725
0.7927854833663077
0.5429111531652429
1.878619464756489
0.09824239674301896
0.14189503121936128
0.6636108338730995
0.4991686007788133
0.7067942615233784
1.6923349510943215
0.7700079050688408
-0.08153968346280674
0.9410253821174434
0.8625142869684762
0.5315346387204644
0.557545326179172
0.10894459632711556
-0.6570110531440863
-2.2395652347868467
-0.2748054578371812
-0.3732709300542765
1.1167058746915555
0.9726540488506982
-0.9780378538925167
-0.11780394874792914
0.15544347485901963
-0.650926562185949
0.3388420522043112
1.1946078304612577
-0.46359942872569493
-0.6613422843798489
-0.18173762174126648
0.06738563587823874
2.111781322909586
0.7204908333349218
0.7066759792500974
0.14460126219233266
0.4378714115653226
-1.0027060119644062
-0.961540063921862
-0.33437702966207494
0.17290913421561913
0.1572630670362693
1.472682831239241
1.9755675966055837
1.2523854104720795
1.0390386876707995
0.508920095863458
-0.9897156153149024
-0.03092274496221564
0.7994055294690933
1.0864877639044612
-0.1238594690997257
-0.5584759487265429
0.7424573081398698
-0.8486704657684638
1.0040376310429944
-0.9502624371873846
-0.8599677914727977
-0.13742542655810458
0.7895957839223361
0.055614167228110044
0.2538453236160025
1.0531292660088842
0.5225639145600277
0.5098243064542807
-1.7293904768347008
0.6837581998375056
1.4223416905658355
-0.25119810551129923
1.1040138292257804
-0.33252867684556425
0.4104067800522347
1.934679402844505
0.09124964759879137
0.27402458368294186
-1.181911828571939
1.496280794887074
-0.07250142134124321
0.3074937812728599
-0.4968048803475056
1.292587378677942
-0.2430848813231405
1.5411413959944205
1.154139864568463
0.08476962495185714
1.5127230172802169
-0.15535088507716951
0.807629520751033
-0.02083996941901811
1.082817731990337
0.6971860564310949
-0.6103118949754976
0.22977794384260591
-0.9209126795398574
0.4175987239751903
-0.37827031338224837
-0.16798501190086426
0.1822266526286673
0.5985229430386809
0.982620899363979
1.0925807246589547
-0.09388776010752264
0.8513788123188238
0.3599724845430767
-0.2165339655197247
1.5305727330771681
-1.1785517049186143
-0.1858261972742314
0.8264285046662396
0.634032677190105
0.47113166486910146
0.08538156631121138
-0.510093445971704
-0.8777658624754697
0.727247635581112
-0.8850345016869066
0.35406482305565634
-0.47513429778921645
0.7576775123640564
-0.11740396320329462
-1.3274050298638833
-0.14198371190125122
-1.2473775401952565
0.6106771044861562
-0.20158119015174047
0.4142806559984451
-0.13045188307559757
1.1250386211658505
0.7482479688215318
-0.7568791565348455
-0.5824442042435812
-0.25153415086129094
0.36877918546720445
0.9766287275753062
1.4598174195164346
1.2143407369670098
-0.9649163526593757
0.5145475008799864
1.2376892859480306
1.3598790036060067
0.7966397557915801
-0.41380239044797007
-0.5594895176024837
-0.4395339000093681
-0.40205507994583467
1.46956910985466
1.726063936558716
-0.14833665240298294
-0.2970481089692282
0.9722487739563169
-0.543862966726096
0.34677277502133086
-0.9238933470034507
-1.8304460716576643
-0.29459462624847327
1.754692569235022
-2.151764386655812
1.0062514368558322
0.5832246609070789
-0.08108661374827282
-0.3873187759679111
1.472662839389804
0.006906873791529676
0.05220348069960908
0.6385298023306257
-0.8331048259056979
-0.10366049788278318
0.6057174425994672
-0.5515225248404324
-0.13896304915003022
0.09446407112816574
0.6132456798707208
0.24785117766481773
-0.9902321580138647
1.6201116650253253
-0.0149138062182093
0.27520765074809905
0.17137827543035017
0.32755462744155506
-0.5625893537447215
1.152045351962909
-0.6589459087731929
0.022983714810134892
-0.6155459671448049
2.2125356519974035
-0.8440956878423881
-0.2615403641418216
-0.5815005135244545
0.7430405083797028
-0.04448277033711402
0.037951789816858914
0.8548485285914678
0.6627758527020791
0.5936622257903859
-0.20146905980295915
-0.640088463874809
1.1066041251368397
-1.061257753228718
1.4045636996148625
-0.034158461914766416
0.5019174166017766
0.15907368958156082
1.1264984037060164
-0.5972747521628732
0.27488792838489035
1.2624408627745671
1.0671341604488074
0.13122045351319067
0.48447779391705176
-0.6865595837467884
1.0168950471347937
-1.5836644294022133
0.15978394413616925
0.026730222508878493
0.18614849403912354
-0.5513445906495376
-0.785067917134322
0.34561589447320934
0.7489192135282149
-0.5156625779833017
0.3690087746863094
0.9918208486583786
0.48611628256528494
0.23259279590936743
-0.6115129782974609
1.9339473183351352
-0.38553017637735826
-1.6175508829954015
0.010670133020982783
-0.14063528294048402
-0.540277834381793
0.31991908491593907
-0.6263167612325383
0.04990646653678482
-0.44724451073590804
-0.3318332263167833
0.0563780119314323
0.6209609738961331
0.9061294774012665
0.28403588270281716
0.5638110266950834
0.6944573341262177
-1.0704620929434006
0.6259654212922704
0.8756550331567124
0.8952470385337606
0.9519479404579799
1.1403874468311204
-0.7302410144658212
-0.4630100356038063
0.4159493535059146
1.2343063876085056
2.220325290162675
0.1308110931319812
1.0195882689326405
1.0257146040277538
1.4217495252240981
-0.4356743170807974
0.061443173072107476
1.0270370721179254
0.9460869096161454
0.20086256889775586
-1.8381284648886358
1.0303127108531298
1.161936215792174
0.9297182472753756
-0.6704585656317895
0.9308958877227375
1.9093003611976294
1.0741693202190286
-0.8016620792354675
1.174849770628747
0.8408115771431199
0.9964006574241215
0.7942123079262542
0.2266121654892336
0.7278439146983653
-1.2846139490214017
1.3192293770264167
0.1349332157318483
-0.5199319489504172
-0.4154008071882375
-1.0203374872316644
-0.16898643774164746
0.3757524108893751
1.3864006436953593
0.21658974723991936
0.49582058426669773
0.8217753507185113
0.2910717804973776
0.8503574032552559
0.028051204808782954
1.6720482308048654
0.1731583423969304
-0.8171243941720472
0.4492906779952949
-0.03209348745209692
-0.012014854458231979
-0.07155942756679065
0.5830625228264853
-0.49962437690530415
2.1543735234259707
0.3499458605243007
0.4113503638341213
0.39415784378651086
0.8715139939182016
1.867262112425572
0.05230452118165223
-0.17705303148791707
-0.38438254817048
-1.3174505474932454
-0.5211452470693922
0.5973977059672393
0.8241527442504374
1.1590633091991038
0.7748766294405351
-0.14002444339858544
-0.725349985839975
-0.02432772448314012
-1.3036677940422168
-0.19445754708010154
0.44025292784518955
1.0063239075374228
-0.2847980789092602
0.028358917080390025
0.7161971632483004
1.7599479417055843
-0.2565755819342551
0.18703559601345915
-0.45262399543191395
-0.8304986579723502
1.3442258559864295
-0.3117836241754117
0.9027502599587545
-0.018337047434990927
-1.0835712011475414
-0.14977394800133276
-1.4945011153546304
-0.9494380242181026
0.3961924790977156
1.292552157494791
0.4331149023565185
1.1257124369385838
0.46912796773395177
-0.4835670661734556
0.6112612822906182
0.5909393457246553
0.5846896045316413
1.1730633074903167
-0.6362334048629036
1.5390116588974612
0.38863269541387047
1.0333673252846383
-0.4800732963717855
-0.08972944097988321
1.532690540991227
-1.3042029293668673
1.3993851185790265
0.6825872197904185
0.9733195658875269
-1.740787205379752
-0.10698671152995243
1.6677258685500365
0.630388039578408
0.18854715081082488
-0.7048126069413375
0.6118818401315009
0.2057225046097926
0.3986043755291884
-0.5554998234087525
1.3868067027830386
1.1420312161833042
-0.9922659733769662
-0.9780224999365663
-0.1511942530482697
-0.006839734577020258
0.6669535286849998
-0.45799261311581635
0.46502496568643464
-0.3312687699119041
0.7868783606452595
0.76027634513878
0.5634608489828474
0.5916092522746607
0.4709591123144454
-0.10437625736112109
-0.46858583389211156
0.6511716356749142
0.4327649843564097
0.46039598323545766
-1.2819402457382534
-0.6537833100310804
0.6346782955427651
0.08416429985226972
-1.6900361642053634
0.030183394105932997
-0.1362378038209646
0.22796453844304948
-0.22412702115034164
0.9315523263626709
1.1352046830557145
-0.47301065321117786
0.6978106103945346
0.3814523949452376
-0.08353652891409773
0.10851029770749211
1.684212297213293
0.36707262744430136
1.121012763882299
0.44516612664117255
-0.4573104485799222
-1.320287059636711
-1.5457472976897064
1.1369532009011947
1.1407228588676381
-1.894805424947844
-0.10348818035646146
0.9381984983619814
-0.34240347668908905
1.2247532506278431
-0.31376942608175407
-0.7346036709153501
1.033368015647663
0.3898249248035783
1.2199601337978427
0.6954223103871935
0.012072934076435823
1.8081096131369936
-0.08696438080143896
0.8986031835840278
0.1712142601770717
-0.4015677565705619
0.3062605148891004
0.5726898958865448
1.1286111081597991
-0.552658518778412
-0.9555710256096172
0.4867454510765364
0.4281077340899315
1.5721132976529484
-0.03557077821820001
0.6000487328077466
0.8353699732879007
1.2970686304844452
0.008207284364036421
-0.05154897078411118
0.07530385122888242
1.244535940465174
-0.10231095134845057
0.6730478801818288
0.4258531726313451
-0.40501808206559725
0.4855446471244543
0.2509676707647389
0.8506694215042157
0.08702038574824769
0.8813999081556299
1.9107529283054498
1.2108874361230153
-0.2587251697233671
-0.6461528267841994
-0.004189765985384626
-0.2566457919264677
0.21929176056382413
-0.6747766641533305
-0.3930385173664576
0.03963186271246335
0.5713262067923177
-0.12765245462996058
-0.5686654495909581
-1.4678994023759457
0.313503065151429
-1.0014152889301886
-0.057737640362662324
0.9701456281547893
-0.22164732948143573
0.6263825779107804
0.8251854478959313
0.09381879974350721
-1.4963141230618922
0.5155916643577145
2.8175555612106935
2.0357367238182698
1.2444658740719126
1.0091571707039702
1.3967840384937562
1.2641579508453338
-0.6147032894564999
-0.41462571313357804
-0.9548601189920416
2.558779304696168
-0.4238914909748194
0.6815385580362294
-1.0105655915773513
-0.06581455100963722
0.7486767900813276
-0.4967804080515685
0.7287156067903712
-0.26805243116212185
0.9463557488810346
-0.6051454525199806
-1.12045679716758
0.8027800075929101
0.15928443661724745
0.2061927326652062
-0.28668773494842775
1.1655558486356494
0.8422688706726141
0.47466422120787827
-0.00512393118832572
0.29678115583202364
-0.5180464694703022
-1.2327588216230483
0.8101985566892462
-0.8325285801261972
0.10821941076763968
0.819463482925295
1.0298339392827076
0.7927925653025166
0.5738367841249478
-0.09631632540698741
1.2431865474826005
1.1601323027782378
0.35875716726669743
-2.089192067178895
-0.6584215437946783
-0.35542208392794716
-0.603276030192802
-0.9476662817833101
0.5043687835060293
-1.5887808891691417
0.6356029178034558
0.41173519251657065
-0.3495678398118417
0.9529292862727702
1.07971669497002
-0.3313773469692452
-0.2791142509568135
-0.8539580028379828
1.0689702921230864
1.2229572088805887
1.6166765042689206
0.09623984619609388
0.6922026833676301
1.3366293845061432
1.401233800064467
0.5153041055121176
0.23237961051375652
0.843282431479412
0.1188404363862849
-0.047581282259495455
0.3878656292086527
0.11019602834121861
1.0631540132848443
1.7501970875298718
1.3566628784376267
-0.04630607605419802
0.3928299917081371
-1.2710356282525355
1.3826088684370708
1.985852066984305
0.05910587563300518
1.059551391522265
0.4444503208219464
1.2707880252371764
-0.2828518413754713
0.6902828121273699
1.245439828273345
0.4008225871600421
0.7575547072221264
1.4944452367332641
-0.17772691487221465
-0.2424739302103709
0.7353456338530696
0.4504528016236424
1.2445248727309386
-0.6885977450352396
1.3248102448703718
-0.1178909740416975
-0.15828175583097412
1.9433113665539024
0.1894540905400774
0.26015178375049713
2.086366381713143
0.33958584327087865
0.9887182554290629
0.9359306827648405
0.5395359487441012
0.3544489575377216
0.19888556035044802
-0.18927237489178855
0.20912167281834795
-0.14241136620456019
0.8489256030010983
1.0437476894986268
1.1309432086267064
-0.8972820438435489
0.04039732339622375
-0.10030543828801138
0.5465752992803187
0.5418431604005189
-0.5931888572811626
-0.3884670098367145
0.6293025477079767
-0.09407718389562342
0.4832076174538205
0.5013027614322623
0.10499486833973906
1.4471921526635945
-0.9564412610374037
0.8229704413708837
-0.8141645621878499
-0.24865805799995244
-0.4021407766630626
0.48235240681909936
0.667743115011204
-0.6558922005246991
1.2576955974382602
1.9255851226669483
1.0074763068028552
1.388981848252629
1.393706039881034
-1.1981127021005995
1.8091830002279945
0.3902769555014452
0.7530891394101941
-0.4586938519341246
-0.3271650783989746
0.19507938459098467
1.804056668751326
0.2578289510787853
0.18515363183671502
-0.49618895862423645
0.21616063208560934
-0.1556744220058587
0.8974040832637123
-0.12681847355149656
2.1680286486606675
1.1352456257344838
-0.11623319675717769
0.9744214918809928
16
-2.0154698242655678
1.7246265768679094
1.1825263229216467
0.9327135927720327
-0.17505019930975146
-1.3362416332501268
0.7189179819597227
0.8557478489945394
0.04383701465471872
1.8754189905239795
1.3476892253849824
-0.017512090835008053
-0.1712949863775745
0.7314263616275668
0.9627463227656476
1.3702962968429266
-0.03080162819582727
0.9800906872033911
0.0034850673025243473
1.0997990309580026
-0.13054858856481458
-0.27807817509633836
0.598993453136964
-0.05107439853777755
1.0075578674525212
0.1963207854723149
0.12990048155319994
0.9214292090866947
0.9071886949375237
1.000743162513268
-0.7437573778078228
0.7718005992473308
1.5575776089925613
-0.7271100048509456
-0.18221994902522431
0.18078361860247594
0.11426718123953514
0.17787720145593466
2.1472787372328974
-1.609277728238987
1.3722037841927104
-0.23902884333739985
1.270096727874905
0.011149823974343047
0.37624341851044907
1.4359505918777673
1.7367457425308357
0.39122558479916814
2.606698192174327
-0.02597723748224924
0.9140255651181769
1.4501948125467943
0.1288819820058048
-0.588957874685397
1.7242599228751854
1.031013126770621
1.4108119977618576
0.17459329370401155
-0.6154547255250492
0.4950372334407417
-0.1752331045053634
-0.18464074269071
0.5817973263960713
0.5011474748618983
1.2609275915659668
0.036614973867775666
-0.3944315335976077
0.1806125979535923
0.8679634042990882
-0.5800068782635919
0.28119781166319435
-0.9325324679313806
0.654904310160036
0.41548977454825925
0.6501411369038063
-1.027892019662806
-0.010592975340889009
1.2985923014370544
1.0742259086736592
-0.10706853229401084
1.2321131558407425
0.3597653552252972
0.8651974595730076
2.5664241347869376
-0.8803537890751663
-0.06261409261347707
0.18892087292561233
0.804529956577759
-0.928894632365103
0.2542103551525656
-0.5137975908844417
-0.2708716577235821
0.5808632817197865
0.7850620334012532
0.5459024777405819
-0.36214462934849295
-0.23493232595908603
-0.05889085484096774
0.4861642479265156
-0.3346570359926012
0.19293609084567132
0.948686879961286
1.3871137287147102
-0.3046803796301077
-1.2245721025226948
1.4630932978220326
1.1907864354615647
-0.7781532531355446
1.2174978681991724
-0.5870987933347808
0.6285469188645746
-0.34610623920271816
-0.33507265586345963
-0.5814627497013556
0.7370285306662463
0.5814921862260218
0.5840700603083855
0.519153157272658
1.1818154034921
0.7803609434643126
0.7897022440788924
0.490559892738346
0.5134117631668925
0.7249857391139269
1.2182751117675632
0.3140310237490317
0.4688654548277352
1.1339554997592232
0.059883197652613726
1.2519126582539475
-0.7366794977982927
1.227627947160005
-1.3063663528005365
1.1205259110282024
-0.6128233228587954
0.8605776586180989
-0.11203941049466384
-0.1598283389235337
0.11403669045612758
0.33182861475457576
-0.744458678838911
0.1983936806681073
-1.0216688371552378
-0.2483377274713776
-0.529151661000741
1.8866020593067216
0.5733223401948665
0.7059226768457235
-1.092741861420149
0.489253781927812
1.059915777022067
0.9218649422413502
0.10152376059624584
1.0044511196529704
0.024679620423815045
1.6173510367856017
0.029549809563021924
1.0972688477629213
-0.5746639389266472
-1.0014542974217842
0.5255576297791116
0.2754578895889754
0.014682171876638643
0.7279793141352257
-0.4577892666798941
-0.7534060621292303
1.1717613049824394
1.352869430877351
0.980963427910391
0.4995224479131949
0.9689476502446015
0.947292929937739
2.0813799898552268
0.42193635157251713
0.18202813637643206
1.2086260941677043
-0.5374749125198148
1.3571597340655062
0.37115716384591524
-0.565602344420445
0.039726498260393234
-0.5576419904462896
-0.8978174324448496
0.5301833456074272
0.24796665429816853
0.34781618860362473
0.6522509894388396
0.07192795241431439
1.023921328749817
0.17025608907624207
1.327082230842577
0.9859191431048726
0.6838888612765566
-0.08667984872762699
0.2067407063876341
0.9601769737652958
0.011205597225291821
1.6904038786962001
0.28033383760043457
1.072063229594735
-1.1507190180569615
2.585770234270988
3.0018137906949356
-0.8505954140908132
-0.25530878976320975
0.05896071561065598
0.851441162455247
0.31038660004905355
1.4885059402516376
0.561282477611408
0.7863346695502959
0.0013154760358514844
-0.4597852548724437
1.3104964002825108
0.44828139211579043
-1.3497828104960554
0.5697065003514442
0.5282303833492173
0.6209333996085687
-0.5200296062055793
0.9518163162904842
-0.732278168668604
-0.6913480488224164
0.10968026704335339
0.40708823345234757
0.7132634358069041
1.415484828790676
0.2649691333007414
-0.13297801475429313
-0.9717560250674473
0.6968998615979639
-1.145874283822143
-0.3354392368534216
0.5216942643387631
0.01765053066142208
-0.6163887759614857
1.514692205607233
0.8609633649707509
0.7096293796015211
0.8192406339937521
-0.7857522965160095
0.4367360011197558
1.2389692257579321
0.3349113588213755
0.8839957687075024
1.4063954140431527
1.6201717501443058
0.6736442513199652
-0.8792652888618038
-1.369131211467543
-0.5044422317127438
0.5563323826697032
1.5345457529129016
0.38198772707158585
0.49091030715661144
-0.6065776215230129
0.46004745830143323
1.28608286032582
0.3022233446742455
-1.287121759183494
-0.23409571944677793
-0.5458619904520996
0.5059490688471113
1.1803373776053059
0.49992471570136204
-0.7776168197610559
-0.522795913799735
1.0328788146470274
-0.3405998232131233
-0.10228905576315729
1.470291214639585
-0.7077402736880163
0.606050016663015
0.5992491297836164
0.8254640874759533
0.0950367778867373
0.04697479846695264
1.0916328160998543
1.236286673703439
0.07683465120269292
-0.6711285999408144
0.43831073035970525
0.23905358103857682
-0.19911413198387407
0.48471554709926634
-0.21136187686893243
0.762482785903677
1.5174419306898028
-1.3059292589137483
-0.6144409132017685
0.8613724290858332
0.611823249808747
-0.2516392479446445
0.3156641303186977
1.6311819842348492
0.6704187742125054
1.2318319137904883
0.09827098229410462
0.5874618073954376
0.4353895230738255
-0.3148145095535727
-0.5402150519971944
-0.05626032447444635
1.6562598587084425
-0.16875971821765873
0.5917213213501141
-0.29294224763424687
1.3946086649487304
0.345658816070162
1.1628382089823028
0.5202090985290093
0.9912612395397328
-1.9098757002093238
1.5877359790628225
0.4503410105715722
0.004750659077956312
0.10459046308926966
0.5215706180421091
0.5770205988864422
1.8849844639804676
-0.8927668472453298
0.09713705325517995
0.8642423819513283
-1.2489917325433852
-0.1740351378996242
-0.030867509397599177
0.6382650117871848
-0.5478300991584352
-0.04737504085375745
0.7580519950459637
-0.5891426092685392
2.2843438493671178
0.2896238971875783
1.164556344355543
0.15929354038220744
0.4450348362871034
-1.1106322682378
-0.13017431867907633
-0.32490968594490677
1.8207200905713734
-0.8349923289986854
0.210214990864796
1.007206206918382
-0.4075460655886114
0.36324406966486356
-0.8350335805669786
0.9871133663661275
1.0264172072897613
-0.9725471847906144
0.5054586829530159
0.642359156387293
-1.140560993183448
-0.4105991808941396
0.9172225104089934
0.33264614149663135
0.7330461515655893
0.7165452583480705
-0.9095484535932064
1.0483297531906586
0.26679441208484617
0.7791157208440918
0.3881933993152587
-0.5883192708097301
-0.8221712214062583
0.8607958119293317
2.1570366474288174
0.7871748003219374
-0.7444633154902471
-0.646812947782185
0.6374267707220665
-0.009385365619342723
1.0164996175635268
1.4508598776382173
0.7231559851910855
0.06862225390794802
0.8528526244358472
-0.043223751081207136
-0.33063602724070207
-0.05801453410165135
-0.6973699007288059
-0.5388357872782152
0.046423737388711
-0.6702227753046347
-0.2919872923978535
1.5446335806167433
0.4297908274238273
0.14432547661496808
0.6384437007978242
0.6422962098422907
0.07599965313924367
-1.0205921846135972
-0.491058368804676
1.1905007772564027
0.6921449222691823
0.3232351562341724
0.7061048935210218
-0.41025881637374106
1.837427952405525
1.2924015621233063
0.28670354058332315
-1.0285341494236395
1.3215713873296222
1.43827386865606
1.3421195498320748
-0.8006425300303596
0.1103135937419325
0.8100554630706551
-0.42074334889227205
0.7903473244030537
0.5892338092591065
2.026698961014569
1.0453597318169054
0.001234525657342611
0.6720076121668648
0.9658868888841551
2.622121976328332
5
0.867705594627544
2.6250804466371482
0.8819187445649389
0.7763676635637651
0.3386086924712914
0.39778720644851173
2.7367972404746377
1.5572236512097224
0.0514072960572788
-0.33194641073461445
0.49271646403507885
-0.21364074264928046
0.18653228467879346
0.18749139890292787
0.8181706684532395
2.5620421009197165
0.4168903352393207
1.2590488780406222
-0.06375687108514563
-0.7925072926658276
1.3313602266400322
1.0345837865575633
1.1840917165605593
1.010031689331294
-0.6897211502534909
1.2508275068892813
1.7908771270418096
1.35161890601843
-0.3459383724916693
0.6584344062406425
1.563593984637398
0.5501498895203135
1.3477849658231615
0.1838121298370868
1.0164210457033718
1.4019805598507542
1.7279324827391302
0.7367109131952241
0.25639240848004385
-0.3817961927167067
1.7843832296747832
0.5995012789243692
0.2872858408518923
0.23765954200234524
1.0044521054292317
0.6173229382451483
0.46435812933366716
-0.030641394145308656
2.5929103244328466
0.4496908180359577
0.6659083835203728
1.1041619653430204
0.6168331601219292
0.598916850580311
-0.4017055925742759
0.695083893313585
-0.5184110579287172
0.499537157494293
0.6823104573238645
1.0694526194328877
0.7744542800681403
1.4615925645173262
0.766005450156998
0.559539470020282
1.0198118284324573
0.0839795999571519
0.19826502542832625
-1.1985153222558287
1.6945993922230052
0.9428784095054166
1.6106545659003004
1.3522459392352553
-0.6462659431846951
0.4788334291846877
0.162839931430804
2.2920251968449965
1.348902916429161
1.5762573633230448
1.1855328892777695
-1.0142601092940469
1.1068544333185355
1.3145311195641405
0.036159108114053456
0.6634728238584715
-0.20346139838785918
1
-11.523360485004012
-12.139264497798484
-11.555088861574784
-12.01464242046318
-11.185591671892686
-1.1125696842947492
