80
4
5
1.6628774757208171
-0.20151412667666815
-0.6512314931759179
-0.7509693980938228
-0.09425009893221528
0.48449803075807096
0.2562259744865606
1.9728834409687432
-1.1309957065265224
-0.5432235796072096
0.723182496888233
0.2505094078362447
0.10337418723151122
0.3745666477668716
-0.25603556276162365
0.17385621093940995
0.8988248347429489
-2.444076928228896
0.7053977000830532
0.49612648999490633
1.4784864556083628
1.2778228022586573
-1.31646780063212
-1.1964835170095236
0.2707180583668576
-0.960764415052788
0.10141125002502883
0.7806687966913312
2.435913486792841
0.1176740243676356
0.7308347060319565
-1.1414331201971584
-0.744703339850728
-0.1612061339486035
-0.43941962706641596
-1.9005862052983984
2.325963926104062
0.6450318737317564
-1.7804734881629658
-1.2849766916389196
-2.2717051081459783
-0.729248507470022
-0.7327103143476453
0.8581123247030712
0.7730034431130309
1.4063204357979673
0.18172756668709694
-0.20249799463931048
-1.0638978413907716
-1.8390659706015153
-1.7550463550831292
-0.11169352252601451
-0.960808948000844
1.5103270000288185
0.4234291829101278
0.5588368430034579
1.636386841403079
-1.3613629084986176
-1.134070915969574
1.070065718932315
-1.3768103753007024
0.6644531696847934
0.4343283743520618
-0.3869860380245739
0.43604494593281484
-0.6035791886327914
-1.608728759502552
0.8940500127933687
0.5856262058501801
1.2958277319681901
-1.3000993535329075
-0.13818910893056813
-1.3868098155516433
-1.3801038827758343
-2.7223323850267938
0.9091337569708338
1.7767801802559824
0.9054793148379732
-0.8753156869056855
0.5357185718469583
-0.18205673874970482
-0.7610209276824209
0.15914945089994142
3.4686192198092125
1.1221018679625294
1.2131872121827432
-1.7694724282489205
1.8834394572998978
0.8274093391510035
1.142757819118682
0.374169692377946
0.7104022984691345
0.6477122294398128
-1.0835057597677091
0.8522712677297342
1.4793511941706161
-0.49129477713734937
0.48198878023592234
-0.6839782342712198
1.4719049493170244
0.575051606143896
0.5137704820451816
0.41815473970130923
-0.8569497600739441
-0.4005281276338871
-0.04254137665935138
0.4432074720507573
-0.3641482807573979
0.37748447139801805
-0.3053558869828163
-0.7909709167161283
0.6127558888868934
-0.8989222152914425
-2.9345860313137773
-0.5513606332105827
1.101820575567134
0.05567058192062248
0.7161818182848871
0.05264567930943727
0.43756230837122284
0.4437510920436666
0.6012359730939075
0.38683674564040316
-1.0140508420001328
-1.5778096025401858
-1.1703904196842958
-1.378165393046496
0.8198690606099882
0.6550059629508952
0.3503931642338804
0.38980912322285177
-0.38648349591696163
-0.5550511246111507
0.5294289287637015
-0.8039065820661992
0.688161767308387
-1.0064497562114276
2.755849036207044
1.128722485044775
1.6345705234379633
1.5875132961244245
1.7165819576931205
1.4790679524767785
0.4660979358567092
-1.5686036936231933
-0.4081671540684292
0.0012501044198361226
-0.9480861502205472
0.13975404450432857
1.3096860711320024
-0.6317799990001381
0.5625043217874398
0.9361325590079035
1.1003394678334921
0.9954701752252371
1.527775464506765
-0.654923474547179
-0.9713543618313089
-0.10066988403503745
-0.707442058575899
-0.20621567012267913
0.09819651965083333
0.6090526451675244
-0.9023406527307632
0.0913334659136088
0.022526802470382776
-0.003970795065119356
0.8126922773226636
-0.9276356705930763
-1.7643320588870486
-1.058739097821752
0.8136020738388086
0.5399667472334464
0.40280712307471417
1.6923803726105313
0.02017017625872712
0.9825780883857084
-1.6046594807479555
0.6623325949352871
-2.719938809777009
1.3917740800299734
-0.8174270928269848
-0.9615609333045948
-1.3073463856583474
-0.25743081635623827
-1.4998554536357767
0.2907575402399012
0.8369542685356517
1.994700762604315
1.8820115575471115
-0.8294800412495134
-1.073269387737637
2.3501426322884766
-0.1791332078079843
-2.0284722568320217
-1.0125434269586469
1.2413008567351465
0.8476350133235917
-1.5767425973889817
0.0648156880927783
-0.657761292817233
1.1622735732621925
1.8918297787987595
-0.014430982237434678
0.9371755156808359
0.24161508934833295
2.4885207577033346
1.0892472097347876
0.543970711946376
0.043608603010990746
-1.0253710404670038
-0.8067689935005753
-0.5225714083490095
-0.8610593886931615
-0.43057555904996736
-1.338922782567893
1.170217425819581
-0.3017467744940653
0.40160294235896327
-1.6722327045005776
-0.06827186630837889
0.9314642414203387
0.18522399430376804
0.45538454227326536
2.72303346616476
0.7152744052853479
-1.567468193704696
-0.5920552294365894
1.2822403649597436
0.8729161999932242
-1.4484585776652523
-0.9452745963855087
0.6266596749659546
-1.522402526155503
1.1801110318466448
0.8256146266420101
1.19632283991081
1.1451318141601117
0.04628902410186535
-1.1998319168599891
0.06331978942161395
1.0929465294322167
-0.1570849533264164
1.4731732815260645
0.12998627719197836
-1.4416496757292439
0.6071259947146628
-1.000565439585985
-0.14376053606877767
-0.9024115623500184
1.2732435537947269
1.1031387403425585
-0.30504104388681935
0.7180689107532211
-0.24031369995517415
-1.68037288837572
-0.16272669643455293
0.18390899392265833
-0.9275831390076822
1.148728985058795
1.1153729125550689
-0.37942266472604597
-1.1464759470037817
1.1820497980933646
1.8556909331513345
0.3528330519795917
0.10642970252067184
0.5196729791693173
2.805028405575756
0.7546651331191707
-1.242342212572189
0.8888517129305112
-0.9074813419203637
2.1607724481348827
1.1783706894911798
0.11985024932888975
-0.38084159763644665
-0.6144644867705932
-0.33198140556903427
0.5717905714294914
1.0582638167923948
1.6121331388887867
-0.6981009089207855
0.2850890543702176
0.21729189897672438
-1.3220426565625771
-0.5022925884380858
-1.5208174526727882
0.9615464053738894
-0.46001925694135765
1.078301467059367
0.921393998271883
0.29993559544343346
0.545830555729629
0.55012690664022
0.9372035872309746
-0.2156708777996337
-0.3345427486367181
1.5589651971308816
0.8422263746184778
-0.9503797964441516
-0.03002258106340186
-0.6541813043087747
-1.6169898734143262
2.7944529046726845
0.726444828200611
-0.10353279859438312
-0.8518883237997236
-0.33578511767622593
-0.6309859168181325
1.2671644760941694
0.34798872301306505
-0.03210836330841764
1.0089782641924336
0.22444256006919072
0.19304808955008243
-0.12626600512111913
-1.4739574967929987
0.11482953062131829
0.1508602708322475
-0.026470531872512637
0.8030303243796901
0.41720825919396815
-0.1288926804249878
-0.5950412858549184
-0.42432509002980723
-0.3143464370700855
1.3021157971105883
0.7315730680025296
1.4805507653140841
-0.3228915464746601
-1.0670441896846827
1.6519249119547723
1.0481884268033868
0.33048276694092477
2.262541182405487
-0.40192023172762686
0.4116276253421756
1.040324297209517
1.7643121102250678
-0.0822590983164022
0.5359658859815816
-0.32600740090148794
-0.11506982696254303
0.2120845186026649
-0.9998658342055912
0.07816685486439195
1.530104059169015
0.30904201453973307
0.5885846267160062
0.5057455972587375
-1.6683825221541497
-0.1517752353326542
0.07836685006583588
-1.4536621820503222
1.1359026924364157
-0.15595139204910036
1.5236224382451578
-1.5313204405449727
0.5012247875179965
-2.3404049437312375
-0.27946162212264014
-0.2680240522712127
-0.15381322097282968
-0.9604320189394044
0.29115409359635946
-1.50538002665648
1.0039247585900113
-1.1847605464337387
1.0438454121598568
0.18257591051050426
-1.2626253519105866
-0.43610119974375255
0.322568329533112
0.8978222070685233
0.12724352252771934
-0.5494811112348992
0.2983583056036737
-0.026485558354475282
-0.15523196805300155
0.12828257614459077
0.04725999698105064
-1.124136391010107
-0.3487250642663001
1.2447408615918358
-1.4622479657475698
0.3361062951389468
0.4818268368608965
0.8951699838760631
0.8404274732088836
-1.2434423113802886
-2.734083780891862
0.8686528559555753
0.6623790296229255
0.300996782446461
-0.49147714733201636
1.2365480632559247
0.26850246349227275
-0.759047965319162
-0.08779975730478684
-0.006243208187303779
2.052139822130344
0.13900896074283642
3.079599146188421
0.552393529968688
19
1.9728184425584878
1.1228483339204833
-0.9098242447922523
1.369246475856088
-0.4809622240086961
2.424512315050501
0.18865950031750842
0.9601305226829587
-0.5488062488717337
1.0130694735173449
-0.09087766863177012
-0.029305840518556198
0.9197207845276508
-0.7768415566331988
-0.02968723906461074
-0.11606339656511246
1.0558798326108654
0.535928829750555
1.525106200849873
-1.7451095224402045
1.362011592849918
1.3428463591641833
0.3230671931823117
2.062468407650324
-1.2445087369574876
1.6991118157039764
-1.2293539048735374
0.675672104439282
-1.1409233037067417
0.9937305010222016
2.472017878076286
-1.444432241430932
2.0200762703729938
-0.9001388129114253
2.284267153238508
1.661814887136931
-0.8984831797601828
-0.5776090439676562
-1.2870419114749518
4.110861811301133
0.10861089953950234
-1.4508483816127984
1.058809353347537
-0.8881211885346678
4.02628380575754
2.180641323124687
0.15522620443148616
2.3955664382901602
-1.010281002216098
3.328447102386269
1.0757363084977678
-1.482071981172304
-0.050843676666581454
-0.18187760854859353
-0.2565211817997235
0.7104347257914465
0.18046897196798548
1.45111441778737
0.4891578851129991
-1.0770657595654398
1.9200171617277308
-0.5823433492459158
1.245130832460634
0.46639661712583247
-1.0746002664722398
1.0160343641249554
-1.0845859678964567
1.0137067524037737
-2.243296290602921
1.7469163740263312
0.8390219760727936
0.10673904673892634
1.9382770671370602
-1.7125960360631223
1.8998934251030097
0.5009420260243733
-0.6003242023136944
1.8479117968002794
0.9247613923858392
1.69664060322424
0.5066252189140288
-0.6936557090946095
2.231202069817107
0.611645656778635
1.9930803783095077
1.5331444888761485
-0.5841735995291228
2.024109950748519
-0.03551490578162168
2.724274702922825
-1.4699947164252072
-0.2629959763087363
1.0372216906864935
-0.849114897739351
0.570031195256052
-0.7644503425714995
1.2850422189719644
0.6442184851658737
0.48091917987748506
1.3238788665983432
0.13362226977885275
1.3825824199184007
0.9613143675105261
0.2650097242269791
0.49202324347559945
-1.4261614574065367
0.4778878845907865
1.5302497654463023
2.7297798465487633
0.9976338562272852
-0.251436451014665
0.23461365581258772
3.610683032066461
1.9522259345384112
5
-0.6713146903266343
1.9022990570869578
1.4367705460487379
-1.3992363449100904
0.21647284807894732
2.7455266047556286
1.6986818002649882
0.1653863771632261
2.464374850482335
1.960138711882614
0.3886196164888437
0.8893999609334793
-1.7729631542492954
0.48856057221995947
-0.3541582859835573
1.7254987138140085
0.4286794267421441
2.158262767729328
-1.2201691155057675
-1.2661231526962116
0.08380545896262574
-0.1071883929361993
-2.717281910544797
-1.32417481170346
1.0600857359416997
0.4383037571273951
1.513174686506268
0.8644610810468948
0.3610068147571258
0.6218488823621455
0.6211143987244885
-0.3486635397709413
2.120827607851784
2.29422137473846
0.8923031390506828
0.8976357441637979
2.033876924191303
-0.2638547951793237
0.8654959089120865
0.3260318225827282
0.20324404126473242
-0.8717692569958335
-1.2631660307052863
1.5620688913417926
1.0770227566500234
2.6435440311925165
1.2473024843165446
2.313052739843621
-0.4114761054857619
-0.888778786444202
-0.5671441086046549
2.7896618466145906
-0.5558601356064728
3.5924581946400425
1.1798901689495445
0.45836143161494036
1.041329051486662
-2.083778882455513
-0.45815021692398034
0.6608625397324192
-0.059126175203683774
-2.1223846035098206
1.558798702998616
1.7064540933392627
2.3496089066323473
1.5959905786648934
1.8020886699904088
-0.315965424386259
-2.1537684401538897
-0.4140402475604727
0.8923214310868999
1.3001070747560426
-0.06573901691798517
0.9805314888970229
1.5841649687089714
0.7663101928493281
-0.669779105408399
0.358989326946695
2.3028502315267136
-2.1553731742356015
-1.0309174715682994
1.2865832161935125
2.5117488192881625
1.1605398674161351
2.26718973306269
0.4517347371131126
1.6114461916527945
1.131878866610267
0.22423699997800411
2.0408563084238414
1.4387686859509479
0.8618014042597565
1.3554369835854385
1.8578866538869172
1.060586604212073
0.22806303225294774
1.8865279974697906
0.5661551408319344
-0.6399355349869909
0.3103521238175512
1
-10.110394454604767
-10.572366450124823
-12.85043155484369
-11.59429297006594
-13.73024178997699
-0.22745672812964765
80
4
22
0.4316625822815869
-0.3163574583127611
1.8354577838774773
-0.17899098024718654
0.2232992870074928
0.8173153658932022
-0.5599207182320841
-0.3157220972202326
0.1538911631065882
1.6371619115702283
-0.3497387524982362
-1.3220977743821958
0.8082784105042469
-0.42953754237325503
0.3323154596283779
-1.0987267749514804
0.4111088771909987
-0.4803686318008021
0.6623434919497502
1.416394714946452
0.6413575773400194
1.475836412407319
-0.9638861141347216
-1.4795379819174557
-0.06508290045280941
-0.6599437847938688
0.31706452510999666
1.1328050443707869
-1.2548633897592323
0.8750395279178618
0.40948810415478326
0.8556897132133428
0.43602039214113747
0.003929365946910193
-0.8112017638705353
1.9488710552786914
1.18472115978688
1.9174979703443373
-0.9050797087626126
0.907573744493482
-2.15140785000263
0.6290200536233328
-0.12945955668659592
2.1652510397918654
-0.2695549515432766
1.0137294307333913
-0.8453906448919877
-0.3120469499502615
-1.0074904882586537
-1.0239818464730508
0.4416543770984865
0.27621467291519414
1.0558210268420003
0.18569217051456616
0.38377995358390665
-0.2604692988843738
-0.6474254085392279
-0.7216226577352098
-0.20570861038725755
1.1876519799824827
0.33396220262193904
0.959457266542064
-0.8076185596789025
0.03274954275354052
-0.4507140248672514
-0.8346337113505626
0.872079225403067
0.17897780972509952
-0.3451009627935534
1.0146245489291785
0.21232348485339672
0.7187837754628802
-1.0762842864567672
-0.024599015701408766
0.8662674739270856
-0.3216353543896981
0.493878177709151
-0.26643416171614626
1.3879338189045458
-0.4731165831419472
0.8883938018565435
0.2815188406286178
1.0689978457565892
-0.43727890070916187
0.6539702021726657
-0.48561897795689246
0.3493254373988988
1.982110892870038
0.5927886826056545
0.7637307885086517
1.4634292008350147
0.43547292274025357
-7.134738641067107E-4
0.4403860969842457
-0.723946028654751
0.8438973616899925
-1.4396957155516117
-0.5547053995748881
-0.551650667758546
0.9835054978844244
0.11790610551248705
0.08604797313689529
1.4294983698622847
0.954786408641163
1.7477313963507863
-0.05780313067646023
1.4644888834266356
-0.5526416235307823
0.42723195094847627
-1.3712377694797462
1.1004116047324024
1.0896725421055484
0.16759359614611563
-0.3175980887579106
0.8486667793896757
1.130210874668459
1.0539911262415147
-1.0527261387044973
0.7091125228444477
0.6832453875614901
1.3230442528973734
-0.5119176975155711
1.3452178283970517
1.2840061195184653
1.2477549443450155
1.2443131741914208
0.573552609900308
-0.36085174821653576
0.3221336320116436
0.8733938984504115
0.1318177640145769
0.7120651658550158
1.1559949790224855
-0.087280864687903
1.064637281073686
-0.5941238329995523
1.195451157323979
1.1040010430131912
-0.8210793665409325
-0.6906592078478003
0.7764809283198084
-0.44618624287420555
1.553261360943942
-0.13703391293615894
0.8920038825059458
-0.8143982512415072
0.11645780910082132
1.082559884121092
0.6345288854407874
1.5608526255263664
1.30700281193143
-0.6042083380261603
0.09514818884223997
0.6659793091723157
0.6756277181345172
0.5919384025281927
-0.488071491690501
1.3071468039541312
0.06869865169758997
1.030781207041075
1.1653017548060274
0.367258810194994
0.4580853095773309
0.15782174980136507
-0.28204549470195467
0.74501818734883
1.5279505870613146
0.9879043811942027
1.3516563867589542
1.0983672442261665
-0.8211611983910175
-0.7742812590306455
0.1652233000833419
0.976865653951592
-0.06721005896086654
-0.16876745822768097
-1.5336850569367773
-0.19372940186922966
2.6745655676424978
0.04270193229776849
1.1796680937365462
-0.1324423386959486
-0.5534183047723555
0.21272674226198401
1.758493893217246
-0.3721705502299794
0.7658175588288691
0.4115899445045911
-1.9154600948034601
0.6680567751593357
-0.694020755088862
0.868061474691178
0.22288227084818435
2.452632352358366
-0.06868417948989866
-0.45265788964648673
0.9268766399407584
0.7233723060710952
-1.8198059050430062
0.1788092621542216
0.343659910443054
0.6419409893436133
0.10988294046364928
2.026800240480373
1.1529109505477848
-0.3021463875723046
0.21309725816966896
1.0628149027162537
0.6796361056057718
-0.07177173683428624
-1.4130030349358487
0.7297173606965025
-0.5362058305291106
-0.9264057146814633
1.2061141993605786
0.7771165470878273
0.9130773487996102
-0.03296435425779848
0.2806188994593106
-1.420610004312081
0.2380362428416426
-0.9352982159132769
-0.36515486131586655
-0.778929005398321
1.123619489958246
-0.06876000676620904
0.29326858051250787
0.7206856104143422
1.3370845439322363
0.3594380300568056
-1.722420878923108
0.8572262953086739
1.0428926975240884
-0.5115575609617096
-1.4383523415435788
-0.47193285828230486
0.9351752403268346
-0.24510611295593207
-1.74945382099792
-0.06688562732024715
-1.2432765589277588
1.7515767249441405
1.5383120952421256
0.8453436770855066
0.7982623660774818
0.10986559422252126
0.08869049906031545
1.769964562599821
0.22430910646920998
-0.058441923129900195
0.15663803854139124
0.12192275131606657
-0.8292119657880094
0.2991866737269732
-1.0306275388737107
-0.09902834062836618
-0.832222958850463
0.8254389857952087
0.1887142508356981
0.5453541195026655
-0.6978326161636129
-0.11524971016739838
0.5036125397552206
0.12091329616217589
0.3853215268188736
0.53847762949862
-0.4577573810183375
2.3846595868805194
0.3430895999425081
-1.0747697577453774
-0.8688921206295256
0.7123877508058557
0.8005946388662613
-0.46399989500943195
-0.43824376098239887
-0.7390042715910619
0.4188455673743058
0.31449847723371593
0.13598466134386922
0.35276754121087694
0.1865824865730452
-0.07036440105275672
0.6522095194877017
0.42863772333982963
-0.8714132162452375
-0.054197879857511386
-0.9824823855668269
-0.06603757359856838
0.5200370006573697
-0.6779416732597805
1.9487759382676055
-0.5987195570613482
0.26812433464006036
-0.347272804762242
-0.33430523621684194
0.6707893403176761
0.4091689599231561
-0.42301409938192963
0.9654722234549334
-0.16275428171113968
-0.13819159080087268
-0.12965481705068077
0.36131980301076416
1.614637709248136
-2.2936225959375705
0.32384505881144093
-0.16924279156089433
-1.3202771637464619
-0.8606113922395732
0.06895166348326857
-0.5095572100202287
1.1943093527581965
0.7975088119170739
-0.2771809785241305
-0.9955860402008181
-0.042149618750727855
0.8788004931486859
-0.4096512907034615
-0.18740763287903084
0.1353141729463388
0.349174523968774
0.9611382634961368
0.15966762569353804
-0.4948648577296218
-1.0791929467221044
0.9900544435366397
-2.3367717372848458
1.4338565450711191
-0.4825597355868751
-0.2601051694192942
-0.7098458801289068
0.7504286363988494
0.1254942496949974
1.6749679774510247
0.36976555009758155
-1.0996824286192093
0.36763837639525865
-0.08244881729393275
-0.713568539252437
0.7260583276679705
-0.15167281004978395
3.188856808535859
0.7819489490902628
-0.8722839920421639
0.7554264366701515
-0.3773123425170626
0.3013889997592244
-0.4884585279537151
-0.12308643888504495
0.7068650666429912
0.9662564674134361
-0.6136758217057323
-0.2567673559404334
-0.7870249291190694
0.7578452229931505
1.9242319261848462
2.6192736991872607
-0.7275140284307794
-0.8199995562427942
-0.20636979017501564
0.42617749409208194
0.5822845846550905
-0.7679944356247667
-0.21737296817770513
-0.13041545443967067
-0.5628485148498115
0.7511158446338095
0.5900175244050332
1.7926913100918436
0.17464165570869727
-1.0595411456929236
0.5931766449126831
0.7039705844554689
0.6864984070823699
-1.0245472887224896
0.9145572856347814
0.8589885182081208
-0.48928609353788594
0.15659432782574792
-1.6820514855801896
1.994394583630667
-0.5340387841222756
-0.8453922080131988
-0.049926619709286454
-0.2353708673146383
-0.743267836223385
-0.0348128451447492
-0.6156660089818591
-0.07287375572367065
-0.14116337965655523
1.1169591716721998
1.1747042740717684
-0.3039267490627049
0.25131182555859943
0.02359387781141037
0.23934245004679283
-0.5755267589885428
-0.839226342616975
-0.5096926700606879
1.0842239098877915
0.5786299914097965
0.38321795282397536
0.8914097619858832
-0.29857433731890404
1.2034028328246826
-0.7021564299119788
-0.28782471016235944
-0.8008324647231985
-0.5715556965846249
-0.22872388186163062
-0.02986315035215479
0.9059805219748587
-0.05123321012016493
0.46431282873406327
-0.15627988098208456
1.2657152581434605
-0.3318799624577935
-0.28870411361512616
1.4115242503694945
1.1710557066397866
-0.6450651113216888
-0.8716277894992147
0.48857605285329897
-0.020435404282746497
0.43725381270847674
-0.1897107681234732
0.2647124780286203
0.33009822415292883
1.0981702273904317
-0.07335956494932833
-0.15364928871538647
0.19230783501980298
-1.0460692041815305
0.8260783297909051
-0.6040227455735415
0.505324261778014
1.3125120084850859
1.7989660790582955
0.49151185347843696
0.2899551075593686
-0.31965465652009944
-0.5875903237907525
0.043599459183464556
0.37025613853804684
0.728210267204045
1.4092894391242878
-1.7874114290635017
0.7927708861582556
-0.5742500364871578
-0.2560233767374466
-1.0986096609053406
1.5094187236408056
1.5777233975329046
-1.0285564026915996
-0.12387699401170203
2.1247908198154595
-0.058562192879378805
-0.1056179968176443
1.5236868337530634
-0.01856606824911923
-1.1229724822137748
-0.9308759339628775
0.28540276703127415
-0.035814483632360616
1.1322033183967815
-0.47828975056229184
0.15686221090624589
0.8060242152644927
-0.33276930679022065
0.08472016568624066
0.7947134220123606
0.4562882354588621
1.3333979241338205
0.23335576541922465
0.3652900456127918
0.25553131625556
-1.014908187284826
-0.5591281226021131
0.9535841292372788
1.6177278015279046
-1.2143049810334254
-0.26082193033222584
1.112850868106549
-0.5084803771538601
1.178595789769468
1.2785091767135506
0.2144904090928495
0.18334075840308603
0.6229199344584064
2.357661809436146
0.008276775833092692
0.3306904577627857
0.27966088674271755
-0.7080459154838152
2.3674185101036294
-0.03280659898844048
2.3953596926928182
1.2147184107839333
0.5705287851170795
2.034548392832388
0.9435358306124524
-0.8108132599411603
0.8187692730048348
0.12104187030716845
0.0344472421389233
-0.1726210194486571
-0.2960478022183933
-0.47201626038076683
-1.063653305129661
0.5790929754576798
1.584635545643068
-0.04359042638300789
0.28830350365108715
-0.8732935925652012
0.49470938286933375
0.33872550848807037
-0.40245995362236897
-0.03357960261116344
-0.3892771673362689
-0.6044876405843946
-0.2734108368865636
0.5670301768763609
1.2492689194175806
0.39957341900424115
0.3168201160464833
1.3373210379585272
-0.562673452651536
-0.6299238262835832
-0.8164356713151073
0.32631281329651474
-0.5727747442814995
0.14747591713841213
2.4410094015120376
0.7146271598254473
0.9581046973232771
-1.1993631116181431
-0.015114149243801132
0.1761058805010425
1.9790446499470393
1.2156704317558993
-0.7868340291757553
2.423057173648548
-0.36822742271275577
0.6446797489576231
-1.6017686553354615
0.6738198564400745
-1.2343828879895777
0.9419181962241487
-1.0941189647184013
0.307398553854212
0.9340212932157212
0.5298054935102134
-0.09546879191258222
-0.12905341322019498
-1.0746470269825596
-1.0878006089597236
0.056653053586275044
0.9711206509131759
-0.014590616032077702
1.0442840967611016
1.996838428158947
-1.127447837117763
0.21225280835390847
1.7033422826568336
-0.18173027127326374
1.2833210053838335
-0.10491932339426704
-0.020959307394425336
-0.48943075328797175
-0.10215621211936146
1.6676973472328864
-0.2629359975051881
0.2761414469573831
2.301856607535774
0.5908183094059216
0.15766835133402948
0.4876646020489348
0.6708254347364156
-0.7581467843910393
-0.14820631955947539
0.3255895404023771
0.7342751828626326
-1.5849359823339388
0.38682252879472906
0.3185627328784294
-0.09601486982374141
0.6141670411492723
1.7262261911068524
-0.8635190298671201
1.328350523449993
0.9635147045767901
0.5328011844048415
-0.9408992611644681
0.0773105898524959
2.130450751842367
-0.06150244886156549
-0.3915397629171967
0.6975594480759202
-0.21614237504891612
0.9017634987971218
-0.04742065666496936
-0.23893761168384436
0.21344904005721546
-0.10807244133786956
-0.774002622558426
-0.11192816789566823
1.1005991883579238
0.32912654025230226
0.22103943257421513
0.7519117845428002
-0.4898522225316648
0.5642232319663394
-1.3772424666804346
-0.16957008046612204
0.5673318087107111
-0.16227670265415753
-1.4033777314726137
-0.18087412182218743
-1.398945698547268
0.012105215486944779
-2.378168140767393
-0.500010293512742
1.1203883849046397
-0.007171309449909083
1.427475988792506
0.8584982826607355
0.2747542333263546
1.035613659700714
0.09804537161464186
2.2140596546957254
0.5581445063423778
-1.3656764888139405
1.3881974684629916
1.796802450369041
0.06743364845242163
0.30976767301531316
0.36141502711708207
1.7197457958775326
0.8968349716162003
1.048015504587168
1.0620808115009468
-0.9568664419381817
-0.11872624786079547
0.4791859273285237
2.061018788957558
0.8465831699503084
1.0529747605582596
-0.5772288934857388
-0.7628671121317901
0.08342467523419059
0.8163313913908735
-0.2348516605432318
-0.36672992731756365
-0.743643491988768
0.7574611475420763
1.308294657586461
1.3708973632336554
0.9466736377778795
1.6540549251638446
-0.2549947002144469
-0.20021289423943123
-0.4406432138545654
1.6786275782293771
0.935252645389953
-1.3806090458183435
1.3581330149139785
-0.20328906467100802
0.17791541966379026
-1.086479476598857
0.49453935582025416
-0.7424322321108608
0.899208843703353
1.2068596910162068
0.7508348809488292
0.18345803609956765
-0.276861257717415
0.5562118398048264
1.7383441156229327
-0.5862333248002435
-0.19398691334626053
-0.2983491713776568
0.9218149632952419
-0.1474131241243918
0.6476976357318776
0.8193445711821088
-0.5454230531547095
1.1074952489210117
-0.36912918672184464
0.045174098716808386
-0.6343396167855345
-0.044087709680390684
0.09211340535959808
-1.43003067521235
0.14730418734902392
0.02432144601655696
-0.10779589878494623
0.3932123792145824
0.9792468638656737
0.2860034491011684
0.8407750440245024
1.9281311309574383
0.557705748973494
0.014939075245175612
-0.527844603541602
-0.18270215882797908
1.215050983292971
1.9285375638310702
1.2921154530833796
-0.7161329982219623
-0.09968319530111294
1.0843010492102423
1.3003592890193862
0.8450844377482206
-0.6367363929867559
-0.3045371931026194
0.3082866325659831
-1.0063593131865334
-0.0858266456108059
2.1725596957938964
1.0589870303826738
0.48370932242488224
0.3853775554470642
-1.0679117850917077
1.1690282141500192
0.9461008957701836
0.38325175836200914
-0.903943684482203
-0.21389716032579242
0.665297438237508
0.6171826094917692
-1.910730113526313
-0.41644529146982157
-0.923912005471907
0.724434538860333
0.4200138107928931
1.1993673061699057
0.48154215226080954
0.2867069736868019
2.122203254867626
-0.31881020689053124
0.4496178963659924
-0.6760258195651815
-0.9565193592863273
0.2419223588754744
0.4095755469194189
1.1403827277758543
0.854022320738866
0.04249899750499354
-0.19394392931519322
0.25599707952595463
1.3088330078926151
0.7706525938813139
0.6080950666124932
1.3447146672892905
-1.0248402379114847
1.405981588157212
2.5273082536940046
1.2933813016487736
-1.2672818456277049
-0.8044205586824615
0.9256441251809069
0.6059814510568824
0.058429074569863765
0.39644533354813405
0.8347674115384701
0.7785562658903729
-1.2168299457801033
-0.7117460603436235
-0.6228000748959795
-1.0210988906814324
1.8624058967054729
0.9558438732486887
1.621216830427886
0.5330022909583152
0.9693358601704612
-1.3563029670041085
-0.3854301259823517
-0.27154345048125955
0.11147498483118995
1.206912732391564
0.22224269468007635
0.9123440310080293
0.44833006517094554
0.5390229878368006
0.0735121795883183
-0.20618371344334338
-0.6702932805043852
0.5684284602280489
-0.5206162213547058
-0.4993037391217442
-1.0871392204043266
0.29707204258418396
-0.20382803258323645
1.6772503903200937
0.14907453583863411
-0.2876758360228048
1.526002120100112
0.5967133358338456
-0.07976768257490324
-0.030658200739488755
0.22229440184602609
-0.3136028440715493
-1.3498038428550942
0.012976520445130223
1.3086284641440442
0.6627390653218469
1.0940075463822019
-0.5398971567612746
-0.48673602308710445
0.2757768813959252
-0.30614876947308095
0.43809239713697606
0.13452915467025026
-1.2287701127989517
-0.9206006805782574
0.6840215102398699
-0.2928640996386083
1.7541876651922597
-0.6834790388295204
0.9926135545863319
1.693802332042185
0.7155286010541713
1.2423309006029397
0.7871210433735144
1.0730309669693365
1.0133604554012574
1.5823133139123138
1.1374447721687366
0.5966443387050006
2.110558232565039
-0.37625634745892444
2.1978454500111098
-0.30107657230108087
0.540117467262178
0.31484904717012324
0.3440849738264612
0.26111692388976604
2.311003631973033
-0.35415724225473694
-0.9850789737966105
0.28024392132538894
-0.7218344207203009
0.6704205894788333
1.1787162478712143
0.33853142529264385
-1.3189778287889165
0.6748380493108281
-0.6975960035362936
1.8255094400033427
0.830068649299904
0.8343011564278702
0.6311631099854146
-0.14737355922559056
-0.9361780005926743
-0.033029428089484315
0.5221887599458943
0.45186117373874873
-0.5982798258427591
1.0296447793455719
1.280434366230413
0.47209727061269674
-1.1625767415365966
0.1882806006428022
-0.047460810635749785
-0.5719882754185017
-0.3856535018777682
1.506499124390566
2.1959039809746277
-0.6690299914108756
-1.352740022522195
-0.5149908556129295
1.17583572883856
-0.8236712028183241
0.865385801752691
1.627427177603226
1.7107361839082003
0.46223931676960883
1.0279303996150282
-0.05833093907139664
-0.3612809180837916
-0.22369024795411
1.1173084653425414
0.9200787512597122
1.079454258264367
0.3096979615107463
0.6870838917338404
0.7866654856035484
0.7904813177174945
0.6498250681144773
1.264707760273188
-0.13299599679906238
-0.31411795922828645
0.4453801838535627
-0.6633092824441598
0.6569527726588242
0.679293444433757
1.264478891853643
-0.17730101746908705
-1.0549700776807174
0.9201708042613386
0.5913932379922787
0.8992996599255597
-2.4711613593668413E-4
-0.4842352215258037
0.12171728066660441
0.45651343680317674
1.1941188721100964
1.408237187644462
0.6915417524377917
-0.7865072224593923
1.383745291552491
0.6234947143372866
-0.6232899914371304
1.428449296528696
0.1734987347673636
1.352671454294813
0.5154257982677822
0.9139294021322643
0.042303248431657545
1.0292507526102015
1.1270804604497298
0.6259478704818652
1.4951526920365719
0.8493086644836971
0.4156882418906303
0.5972084974615528
0.08752165838360891
0.37995169698788517
0.8143460678892616
-0.9422066478929827
0.9774644001636328
0.23633200699873516
0.13532948516043258
-0.2841480517208935
0.05357554967748047
1.3710168652433365
1.034328325142484
-0.9501370082908851
-0.19770341916639372
-0.5344407753518803
1.161667865731582
-1.476231715019161
0.20389768139379674
0.9365907142323859
0.7344840209145878
0.17363668784736874
0.8578891394928695
-0.8154565430802481
0.8239822617026609
0.4808867108286884
1.5093836792682631
-0.29140295143819867
0.8751734246073539
0.05205430873846841
-0.3649214916506418
-0.2243667264490778
-0.053630812816911955
0.6229724104853819
0.3700139968773559
0.2744471227217109
0.006660824802168688
1.3393790968047325
1.6593748326454814
0.032318222945884795
1.09181745029896
0.6063070343715276
0.16195229305724143
-0.035752702749639154
-0.6642413378721275
-0.017505600087615786
0.25984488876850487
0.15739985417692642
-0.41672278803644036
0.728918399204978
-0.6189430224015763
0.6294501327276114
0.1009214395305768
1.193919317551535
-0.5451511338724631
0.1823302615079075
-1.31349913797069
0.7582395933470265
0.9585834081018055
1.4212014854152566
0.4002249073965084
1.0732902036081104
0.2591618465463814
0.47696649953258213
0.372085872296785
0.9126885209005839
0.652858000383087
0.3878943991886975
-0.24423784052361594
-0.009439138943511532
-0.07959239173422863
1.7010138405284494
-0.49071715647209957
0.7681673765875546
0.01629127375023926
1.2478825890450713
-0.033332293970322675
1.4659825859935054
0.6106707756693072
-0.2679815813319891
-0.7416053877529221
-0.9369828596542491
-0.29310033617851655
0.6911124327221431
0.08219757308804246
-1.449214247386906
0.6768918788225444
0.13517677548396254
0.655390802073699
-0.4661358236029233
0.5851976664612414
1.0431013842797932
0.6967171428206498
2.0941849318077383
0.686437183054346
0.7913974764263905
0.597108299951254
1.7926768824617927
-0.05987525929687096
0.6705239397323443
-0.07954139454457601
1.1295381678606107
0.5182734583057701
1.2295730574897998
0.7432083331870124
0.2822907951809116
0.8527551119856203
1.3339545005137048
-1.2163867800446078
-0.02549098035319096
2.3634348429726093
-0.3522464083588484
-0.4021391684992129
-0.9704360827785431
1.427749629854383
2.533010865427273
1.298495477454113
-0.31413490020337254
0.5306259319466483
1.3045805136553474
-1.0955910651073406
-1.075061356003688
-1.2625326336307219
0.06797861685341938
1.5245245760276582
-0.26411789288572257
1.7456405905901065
1.1054643337991907
0.6822148276720096
-0.823779472259815
0.18208673382439472
-0.16957035232451068
0.38615642809876877
0.08128578082396525
1.8174450582586452
-0.3111999073217382
-1.9575433628875798
-0.12286818277479682
0.401047235944935
-1.1184293367303537
0.06884808849801911
1.1737779686044694
-0.03824120803813576
0.4912013296695937
1.3988843747956647
0.04696901341699971
-0.1683697307759372
-0.34885499429473416
0.9628003803395941
-1.348651038434501
2.187457118541195
-0.8226317693456486
-1.082302666417779
1.3098161172672291
-1.096875262258928
0.40797837983494567
-0.4552139118096808
0.6440154108139942
-1.0003440200119644
-0.6964700923076474
0.14803735230737422
-0.5519137337347982
0.6720024859797791
-0.25999656087023626
0.36536351170847264
-0.6479000790468562
-0.7463762805816027
-0.551643198875872
-1.4906566033325923
0.04173565218066979
1.007233580740348
-1.002405318204247
-0.2444957858453298
-0.6346879831702507
0.1944583158699252
0.5248587014494219
0.08310037534785347
-2.0534111839383318
0.2371017371713804
0.5953097324047498
1.2235748887080167
-1.1381928480336192
-0.526987891165562
-0.2762570930719962
-0.3253453038833336
0.4289677130726815
0.35802418331180647
0.008813895244006002
0.0900616541215003
-0.12933760468985087
0.07119814470110664
1.2528636379256275
1.4126794551197752
0.22774982595014673
-1.1138986344010753
0.2885926161919289
1.231426523205819
1.0502390825329293
-1.391475744909375
-0.16868269827526436
0.9024942489214187
1.1602341511562364
1.0900383778749858
2.46670036630274
0.06712194043517085
-0.3402477799094053
0.4003642307607237
-0.3271214866618784
-0.6636937435260674
0.44523721954058165
0.6049838682138448
0.15624278563790003
0.141743755018872
1.256398300887322
-0.5257818927731825
0.20220098211925852
-0.8549343010281669
0.3961010657365565
1.4718137102561386
-0.26106875095138127
0.5292865444762198
-0.41274681023086823
-0.200473895006622
2.0262282017254787
-0.8999761260973489
0.6643690797168491
0.14402863670477273
-0.20269172646321848
1.722299420905286
-0.6068151448591812
1.9249106242573721
0.2717212924024268
-0.005262288657871483
1.351875610085369
1.5358425905692
-0.6491945027584728
-0.929091756622958
1.5577068906593339
0.8650910325536332
0.05945288305788826
-0.5171298513589758
-0.6441474608850705
-0.16299738466306524
0.17377654502856849
0.4909199055563471
1.2619676395612625
-0.9512918204600619
1.3886791573545678
-0.8100243276612319
0.5753775927116018
-0.3226196864934462
1.0563711906379647
-0.47378894404699734
-0.5899913525089896
0.2669868668307462
-0.2855027713686052
-1.4661781868780377
-0.508139740956878
0.13043439430414092
0.26859958728091393
-0.35369512645233225
0.9375972039424452
-1.8023235759967935
0.8839502785725457
-0.4637473587081467
0.08532807056393893
-0.21575674276199447
-0.5453346858013284
-0.38249006445426703
-0.0201234873834137
0.8384896938117702
0.2587743621293309
0.9553601105156351
2.2111909382278987
1.5178397678335036
0.7506773938161215
1.7011589060921528
0.9128480562986441
-0.03944832093963248
0.5521877547110187
-0.3014712276683046
0.1557940896037208
-2.33825736375823
0.35811945494575703
0.17754886107255818
1.0668015041835865
-0.7381930944806816
1.0177328274978934
-0.9616357358012123
2.0359074122651197
-0.9097238517684018
0.1606317326300555
0.22200113155013673
0.04466267284453557
0.771445065182046
2.0336815350137574
0.488296863439703
0.25797041665333853
-0.0985388846932409
-0.4919830119649348
1.1498918245800867
0.6750988067143641
-0.729068747199032
1.4359372759659383
-0.7683808388625261
1.4594662079329137
0.41235289483958226
-0.2671027239277335
-0.8383046156993786
-0.36064729057895945
-1.1845767244403986
0.9838401524702464
0.06116033701328986
0.29487613952699293
0.6926391045551512
0.6771177356976474
0.7793021179492787
-0.3401200482525684
2.0863467245056024
0.7067124825812912
0.8414859982847162
0.23370637014940354
-0.6927068856312104
1.3730790185952921
-0.46797598680642283
1.5051325056787168
-1.0903980206906523
-0.47084169918552543
-0.6338230650994853
1.3145128931349697
-0.7905612882417083
-0.7455206022474009
-0.9068064404715422
-0.5384843205062289
0.7133542925619326
0.8619893646142481
0.4207579183941723
-3.186337843356646E-4
-0.29656008860212346
0.9368495969287606
-0.18570534559471957
-0.40391126342585676
1.3892386374659569
-1.1691500739574303
0.6176955177745455
0.974858579312453
0.38924438205055667
0.7503064324039597
0.5670073465811389
1.2053616654027108
1.1745632717356527
-1.520623639203337
-0.321590739390306
0.8871511697666823
0.48744136591804327
-0.439451215206837
-0.7499357250697553
1.2726776904229067
-0.4130697513025844
-0.10277463557640959
0.21241352648285272
1.7386848952527487
1.7856703899869157
-0.4939223789254087
0.57203090863167
0.39897935474769836
-1.5344830289539735
-0.7352696836017518
-1.0156510369430165
0.8802149759196976
0.3737105417181472
0.41887590321479456
-0.28410811544148296
0.196857454415117
-0.4880609818367889
-0.029582885190487587
0.4416123341095534
1.2089287274732163
0.8297065350474064
0.8648013005047579
1.2649720002132576
-0.048381384230539254
0.5305132903575673
-0.28191945233880544
-0.1592440991273535
-0.7468435690066048
0.04298261567776762
1.1528294865057647
-0.3924870626085405
-0.10633373454190843
-1.3958885621454933
-0.7905151278737425
1.3856369889945697
0.5926672046971091
0.7939182201712413
0.3628514939968279
1.4861894108091764
0.3166437759127328
1.1547444373155067
-1.6055615184359395
2.2328579089963076
0.5257219723988646
0.08687259044811803
-0.709836230656537
0.8678234028815913
0.6214804824981299
0.5026258497574384
0.6921384037548651
0.30010325900519674
1.1337053105736346
-0.5357772534179353
0.4585396844658928
0.6060431120372112
0.14436417040350855
2.05628333494857
0.7515352756735975
-0.4181978071805242
0.8706367194854524
-0.2359693492386845
0.13816776412784498
0.662840231890957
1.6209744535498434
-0.03082913604412453
-0.15376957611420067
-0.3260878702551472
1.1717826401827298
0.6147208646957014
1.175894332005326
-0.15474651225733807
0.5385244504318996
0.5826415731710071
-0.7319617508530111
0.3035521806076456
0.7311670717625748
0.5667332971694288
-0.36103069478758726
0.18593909407177478
0.023450710226324986
1.2554751973035452
1.5562207298516317
1.3239139160553242
0.24459574656535876
0.2605359074081773
0.1606850801988268
0.5023558376390661
0.6333655222470476
0.09652017457256573
1.4155398571805013
0.5481895021225112
1.0140569801838026
0.20779098146009978
2.079401270869552
-0.45900724413195926
0.07768067492120145
-0.7770617630393293
0.06326142609136812
0.4177009058472358
-0.3263089631218348
-1.896925199248716
0.2471418566629555
1.4628478502644708
1.0177990184508259
1.7787248608631285
-1.4614842099146728
0.12327434912725183
0.3109447318431595
-1.1339639882351085
0.20337867901862128
-0.23253133334886344
-0.27110776174411727
-0.6179136413590802
0.9877832758532249
1.1512257528600134
1.5701025720424504
-0.5530839120403713
-0.11314037227442172
1.2093978930304643
-0.44537394354752385
-1.3728817244112095
0.5066875483663547
0.2403617383623158
1.0902459967250702
-1.4052924536346096
-0.5519780087641705
-0.103574194164021
-0.3051841040818927
-0.42624839923486
-0.33866603273214213
0.24448679383633576
0.1325772013184463
0.7836961404786311
-0.3231145432997846
-0.20796319693935258
0.22933416385951386
1.8544732787290616
0.41825623572586745
1.0951700417358592
-0.18468264657813854
0.5893236660013215
0.08986234091191136
0.5436207401568998
1.473651016056174
0.28875648836520507
2.3195076876293546
1.3948017559517314
-0.40322026286873813
1.0875129966120107
1.5060874296270264
0.45085534517852116
0.373447258592133
1.8876622287445206
-0.07321622595161331
0.22008114090387249
0.03592168189949814
0.9797702586455086
0.7938707865372396
-0.6486757737907048
0.4476751366825015
0.9491757814686534
0.4117363270008261
0.3359515522230724
0.6491390156400652
0.6352039732681151
-0.6040557516138128
0.46215235305923813
0.4687243885941183
0.6176089738156634
0.06701674283789145
-0.37084720209807337
-0.04854453529832753
0.38515622248035475
-0.6100933909224289
0.7845098997428872
0.14990227839996612
-0.5366168552076063
0.21561780658284718
-0.04480925156691515
-0.12591078672612735
0.06429737543608136
0.5246561324877386
-0.045485394072560824
0.9710002994329082
0.922980670251195
1.379954218684219
0.8504972873748117
-1.7705120612723166
0.7220304689891295
0.8857405877452809
-0.3565244845497605
0.7779190068906795
0.8204785668446551
-0.6872745753499284
0.5647066283567206
0.013569778869181533
0.1139713030293876
-0.7223466157252216
-1.1958070487269308
-0.9226350257300218
-1.5833410520548468
-0.6143670475499305
-0.8340920144092365
-0.5269730449774879
0.5372522358981608
0.38022688026820023
1.7232417504252466
0.43742808330530614
1.453007581064861
1.2574211084522269
-0.21291738747559652
-0.11744979527901617
-0.16204744150696357
-0.9922475898163716
1.8818289396676608
0.9019511870387759
-0.47804562809222156
0.07840917447378176
0.021330365224902545
0.8281433445566388
-0.11477803077044467
-0.26081362691448684
0.4168083515163882
1.0415852532044743
1.0085656862082406
-0.2271592864726661
1.0505391405715376
-0.8109573147905003
-0.3169266505724586
1.0404683937103727
-0.5678553254145082
-0.5080872743997358
-0.10974239141022431
0.5426687897787043
0.7942666236526786
-0.5094299050382279
1.4036777077171139
-0.7719625096274255
0.6823523012903793
0.27618176798267335
-0.3347463406069658
-0.02181326683516186
-0.6694266759772405
1.873793241842363
-1.0189464739496965
-0.24974639774428542
-1.2445986787309347
-0.42508590777318384
-0.2604413426118636
-0.11718062219304791
-2.5789996671133113
0.23858227852666256
1.2466505317370562
0.3738047233352211
1.4928642111833912
-0.6636781527292748
0.6461348374089748
-0.964888458265983
0.405192168750487
0.7328960899462633
0.15875084345396806
1.4066939685867843
-0.10510405365639594
-0.4034009171528855
0.061394718267382256
0.19786864270290477
0.20943636782411443
1.0531553103381173
0.6854280498951697
0.280004491184737
0.39576638579025736
-0.8831923979061193
1.6879832519733393
-1.3345628405388368
0.6991968914482918
-0.1710270163620959
-0.49726478117666606
1.0907328312183289
0.7842918010307282
0.7144200432927238
0.5968389369981468
0.5588183100925743
-0.7395713112252236
0.15373538903744394
0.6653524659215112
-0.8980920426256032
-0.6723119874518426
0.4561262757323082
-2.1040707276008197
-1.002759935310278
1.5147790392579097
0.4327667193998358
-0.21149796442061464
-0.1425906981629142
0.025616260369399357
1.0034540612812612
0.7744393875643959
1.5878995554673305
0.8664833322963319
0.013523696287266143
-0.4332467447399969
0.4791909499324589
1.111309992282729
1.566026966845073
0.5060332641834
0.1031699328706744
-0.025642495746653414
0.8094671768536718
0.020545284312026613
0.8920662662331771
0.6844880803519416
-0.15309326855144892
1.173549016251353
-0.19407952257128136
-0.6792234970471132
1.995946292614569
-0.7629108954545094
1.111117795147854
1.229038376877929
0.5736109540326301
0.8089256528929157
-0.6662411584627226
-0.5530899196705518
-0.008769162669148817
1.1222450956595333
0.2878424869107292
-0.6496372841455704
-0.2962162407944324
-0.3507753710936703
0.6491778567453913
-1.093132802985074
-0.0676984545858532
1.0707887550023396
0.6739497553382088
-0.9983027971690475
1.364167131608248
0.5010762658559045
1.0707301046260664
1.774033012389612
0.9729247809201885
0.2121470672650162
1.2123743578449602
0.3169380636476976
1.3468914402874992
1.1630043016186007
0.8855331960843641
0.8028382059913982
-0.076363234901547
0.8678948220019695
0.027179590497897976
-0.009160392844834081
-1.1372747918411723
0.9253725678611714
-0.6882070046122124
0.7193862246118466
0.23071916371473877
-0.33113190895678396
0.35484431518925014
0.5157434347780779
0.47139920461510615
-0.019172892493074453
0.6675829592769953
-0.9292504028734614
0.94773664359213
-0.8891962492666297
0.8850249814616089
0.0011408498286074112
-0.055089621358291464
1.057054890336997
1.8420565376532962
-0.036149736253860656
0.46092836400172904
0.1336832884453989
-0.8851767467823819
1.2192422315289437
0.9437988810941919
0.540937819475839
-0.04134770459175517
-0.2470679021875109
-1.3637820790139825
-0.7384095288864363
1.322264125585257
0.8492429980288734
0.7656673348839641
0.5753158308001096
-0.9564302134790785
0.2651176732252303
-0.32520298835959127
0.4111511674331129
1.0160084859123828
-0.34609496002660395
0.3570642156519762
0.5390433794288054
-0.4228305942906257
0.27610928582610267
0.07808942193024396
1.8651136362427212
-0.18002149915912402
-0.10159868701903432
2.6480811372422317
-0.33665415644212604
-0.9591134088546189
-1.375161596614996
-0.6357206093537138
-0.8807279573992652
0.5203183243927787
-0.0415604594411135
-0.05947038063814329
-1.470063899913757
-0.9318409059905317
0.3570857406462951
0.8794943882817777
-0.876024058957023
0.7502709024383265
-0.17125356152453555
-0.7524153855807696
0.6556169520859634
0.8678641712169646
0.12570282980438782
0.34970262587130896
0.7552375016399797
1.3531608047687003
1.1207804530452492
1.245052861904313
0.20463147767814596
-0.6479031301911344
0.9046952478146746
-1.1007519679872817
0.11293272249093761
0.6982430011752768
-0.17775382940099918
0.5319869135396366
-0.5245204120678942
0.5521951874143581
-0.2666651804836254
0.2501792951720207
0.9965456153709025
0.4833277673785328
-0.3290482081989532
-0.14969693306473597
1.3532202437099492
-0.2882933966658199
1.5458920751916612
-0.3811405913948487
1.5224908236859995
0.02540297626466813
-0.36128162411920306
1.4192604989958715
0.6799969162940384
0.3339243121962365
0.616111695665011
2.029121027541134
-0.6740676698317295
-0.1549172524196377
-0.7421512064053376
0.5314280484733303
0.330593189313508
1.2749453898302998
1.860162563048681
1.0233400360870226
-0.862220655708018
-0.210715743982603
1.5217259674508534
-0.3261812945985937
-1.049551708340233
0.7461740614251363
0.817943330760304
2.684013510532236
0.4664858849293051
1.3874236800548176
0.42574217622828486
0.6864805066806567
-0.4310150520411252
-0.5579402448802743
0.8519500907592434
1.52867390355991
0.055263425522520025
-0.5520545885084823
0.4629814340606714
-0.5039070402869078
0.8539731955387064
0.37354858156719206
-0.7447689288995248
1.6181578134975987
-1.0342824975682932
1.6565497192810414
0.14452384777482466
-0.8740966190742981
0.6506914449382373
1.424176324836969
2.5679673826747105
1.2257038327393073
-1.303408680360309
0.608722763069787
-0.05940591918331099
1.6865924072979148
0.5898363947398895
1.4481406919875053
0.720519112304111
1.3816256833402374
17
0.40668032743216576
1.597399286032673
0.9455789974577169
1.4440683997879462
-0.04184119136114153
0.3637271170560752
1.0014583310944012
0.19280671418422965
1.2138096036678898
-0.8127507023412871
1.5819621702844497
-0.3563411954887943
0.007898635773582713
-0.23002251505028343
-0.7891600758543224
0.4218932517571204
-0.34496037039901417
1.3631790744142205
0.4478128083939008
0.7978176850028982
-0.750238004294806
1.142805551874324
0.021543835381182902
0.02313682315735055
0.49177887288226146
1.5263952781518544
-0.40583710628838665
-0.5403836701477546
0.9831855378933809
0.08812280945072265
-1.076156598489954
0.8744115066113332
0.25636188783402936
0.6905539167380084
0.7537210409444486
-0.05687499672648173
-1.0669488651340462
0.9832635605611673
1.1888808741194472
1.861710293190161
-0.6813432192392268
0.20757855188526086
0.2048634866360561
-1.233808563206106
-0.09613446341382849
-0.6165715149889466
0.24082493036498426
0.7686238129545959
-0.3501757298495146
0.0028946310266945094
0.6160090611275234
1.0812559235148795
0.5354331929226381
1.303869616197851
0.4181553258888294
0.20532206528492863
0.332090887500549
-0.6492243356197369
0.789559607980051
-0.030533003026467605
-1.3926630959135289
1.6637084746580153
1.0601580639621067
0.09631530038292559
1.3531509651010494
1.609377586922668
0.3498414044742279
0.46719231502326997
0.17820371803951626
1.1387997239504823
0.14422127482608693
0.08183962905546066
0.804781164770463
-0.06944627128961808
-1.2407855885467327
0.5180843778419952
0.7114520334597535
1.2859897361676258
0.05000451129291088
0.13840609383377808
0.426071183120085
0.24823530973593788
0.007202761874512964
0.5738953329126495
0.7693962973941484
-0.611225660465916
0.8686150271465923
1.2715697933367092
0.5797946066215145
0.9065416645982285
1.043859698081644
-0.055200216184548415
-0.6893545504231448
0.6046191805351372
-0.5403668477871938
0.7123118394377997
1.4996321690359402
0.16835388220923733
0.8231569039582711
-0.33997361015618716
1.0363074975063242
-1.201825029569667
1.0398873066383785
0.11390623583140348
1.0005491135964777
-0.33415791799445915
-1.6602438670943753
0.8933465457686783
0.6223029306074099
1.196136226478267
1.8623974376267114
0.9835126206456446
0.4005350980338417
1.056919828027479
1.3565774368853603
-0.2016229304688353
0.8530765610604663
1.9597860017669502
1.1918086510883314
0.5739748997307164
1.9094734476543371
0.1546656499772433
-1.1912039989820964
-0.43273906109528304
-0.8833540908244288
-0.6224810356658578
-1.3814778823349574
-0.11742138078255605
1.420016192557612
1.5920217357685438
-0.8891849351981347
-0.7116301793194143
-0.34348828771050127
-0.016096694213945342
0.5576752261021972
-1.2741219198599534
1.708378351301018
-0.2790968806221292
-0.3798068108953683
0.5389861735803764
0.6554448471353294
-0.6815039780722045
1.4533437112934247
-0.13548565728379736
2.0371540174498386
0.18295357183959227
0.16492100596776635
0.1645982925428373
-0.8424574909211134
0.4163671087813565
-0.2144453622004909
0.6398362838460487
-0.07509472508666232
-0.6220613889014475
0.6332165012747426
-1.2023269432901886
-0.6999736214349941
-1.7173762038002414
0.7359322683962539
0.49004687926019813
-0.9601344796706515
-0.6706061010668949
2.057688563713671
1.1503639310763474
0.9040052416046986
1.286738136978539
2.2629381925664687
-0.22280953789253827
0.28137159021086616
0.9990107800727113
-0.23277851879730024
1.230196460660767
-0.12655087659253272
0.01807211602874148
0.5332680112262657
0.21987763688866133
-1.2660960940974821
-0.0233589974657073
-0.2878227182138093
0.5901014250252816
0.49683264137690597
-1.1955915041800405
0.45437724580270683
0.9502391451953294
1.022561776218745
-0.7746150410088503
-0.1985552110844972
1.2335927919185834
0.6319629974689412
0.5465984764760554
-1.0221612054394074
1.0932553154673947
1.31246265745648
-1.2028233958023284
0.30000551910264484
0.20954554751315108
1.8922676820736022
0.2478369455556767
-0.3334985883856911
-0.03133383242804743
0.08336849792293713
2.493041927007875
-0.5571844388101688
0.13067870757106587
0.12563523700999452
-0.14221132330790065
2.1310826856673115
0.9659606181781726
-0.7617334467494025
2.291714505377452
-1.004258836953031
-1.2283084266508997
0.5643494535334749
-0.8219698237517719
-0.12671597494673503
1.0143942607226957
0.8625305568170636
0.47750048327667277
0.9088576741472265
0.10403868640082299
1.2195704192143015
2.1877360432868858
-0.48427056811253266
-1.0133997888556627
-0.7756980525507063
0.7344774146886309
0.5483393989750941
2.148949406150459
-0.7063717700906121
0.24138341338138544
0.5987319707338277
-0.07982590442412138
2.3419264327456895
-0.020761914847708358
0.8558904420975242
1.0211454165421954
-0.48909236818910545
1.0657469964972526
-0.2507022652931501
-0.349037821095026
-0.3155420756783199
1.0153717080465485
-0.20183890559419532
0.7587976929273876
1.0863863592601237
0.5631168711054111
-0.13648420565127836
0.5340024313985834
-0.6237858518073344
0.4889724435586694
-0.19850596976183085
0.2943634248756499
-0.13203445828167187
1.210788143717529
1.5576143947876286
-0.29187448612630895
-0.4586462257021803
1.004032050816327
1.0804379121098828
0.9932032236353096
2.591647154845
1.2647946644499124
-0.8169097637444054
0.5783220127673346
0.45919216904600013
1.3414430244930118
1.9882937761436612
0.025938013854874917
-0.5904991567217818
-0.5435599698525948
0.7793173767442305
1.5388692476989045
-1.8556467947041337
0.5894481525178834
0.2710000255727019
0.16064675188021724
0.5872116337966746
0.7451199096410421
0.8480440308846674
-0.7852386938736309
0.5379987813748156
0.7146477985298333
0.7859017507649666
-1.5581069529648255
0.4744115818283371
-0.9127451074951797
-2.196121677042713
0.11621614640316426
0.15241721410450432
1.032453521889976
1.472314450567306
0.988347768544947
0.34018326929599596
-0.9527061022999535
-0.6399914380444559
-0.6245782299591243
-0.774826191783082
1.0798297140315378
0.39367498338597834
-0.5161417168262616
0.7796069142189112
1.5624601751209366
0.2551790299041909
0.8628516341355511
7.740108354691022E-4
0.0952292708073162
1.130809596604733
-0.5669223572260178
1.4158857487825423
0.011251109208189851
-0.2283161909270991
1.0320574427594043
0.19554189964335367
0.29890841379097993
-0.1626094261695276
0.8116431556421357
0.9377228544759929
1.0206432027684216
-0.03388003017011422
0.013578391490179365
1.3138615191650687
-0.8889352512228493
-0.8282152457451828
0.5916657866306201
0.1328178440927326
-0.43282782570244993
-0.13673233585185124
0.5280681455010141
1.6691224864630596
-0.06760459640916391
0.8755974086563947
0.7212534256663211
0.6033028163972938
-0.24413886623199518
-1.2430119570846112
1.2464002211747638
0.6824215877977823
-0.1254094669631874
1.9209842629700296
0.6133174943185291
-0.6154062454713844
0.09960645591394968
1.062778573144187
-0.7254046013799406
1.14839103853339
1.1847024013070313
0.6595902336661545
0.7325947037542371
0.37538078312616036
1.748820788881268
-0.30096574616572663
-0.5189501716844322
-0.4749737533177092
0.3095959288352447
-0.10544987709452822
-0.4066530866487531
0.3550236766200177
1.6850301026844758
-0.13525166763102775
0.3524658626299306
0.1409338318693312
0.7792266200692645
0.5172441542443158
0.6091434099448065
0.37753355321046944
1.5542668986533164
0.5142214963318241
1.0085880794000843
-0.5975326163033321
0.9049776573198614
-0.43647096922463524
1.0889823264320841
0.42162303947453394
-0.44813290978541576
1.561288138129021
0.7989692804397914
0.29924264459103456
-1.321693536002025
0.9719984041038006
2.112571328221845
0.01839679422917386
1.4377225919081353
-0.8786961231868854
0.3227231077971332
0.5169570646010607
1.9020919838658952
1.1053751856935845
1.620966162111
1.2294110964180995
0.7370576761440878
1.4315118333384365
5
0.5657789002273399
0.27479234491781224
0.8223200774545404
2.0922386462704496
0.6423484611502666
1.033486341694351
-0.5440786766022953
-0.21773972067573644
-0.38933442694982767
1.3266574027585532
0.9862087699794988
-0.49285080572159023
0.5447885580593612
1.60413453609499
2.434831503329552
0.9018936435627282
1.4199356991290115
0.03326022505508795
-0.5564478466802651
0.1040292476717908
0.3489577144200778
0.9338686158801892
0.9234910869027086
1.6556943064322187
1.0196453252608375
0.7600868648262467
0.16094621090897726
1.219812207832403
-0.05349354061620957
1.3982275195848457
1.549607802709273
0.8698903535932216
1.1034863270766118
1.6373796080405498
0.48115710932568667
-0.352221281809983
1.314356773026637
1.532548668798321
1.0835961801112624
-0.7446465673586516
0.8955625817862083
-0.3319963090055481
1.567764989606431
0.21730936022135644
1.0976392105711414
1.1003270903112332
-0.27800792629046867
0.9872742117313891
0.6712149259455737
1.2973526133452962
0.5427532193398791
0.22744258015649654
-1.0189012649270484
-0.06597324910439681
0.05762106864793369
0.7865214543816204
1.0576166100903557
0.6184801342173653
1.3248199644376015
1.6246549828776866
1.7503998125109572
0.7884302121193443
1.1111967333193662
1.566931300721826
1.021373414946271
0.24768679402594657
-0.6966744793511617
1.4718838467683302
0.8061983365911588
1.4709936447333398
-0.801786421978078
1.6579844219007756
0.66326778864332
2.4575464453720133
0.39726944062689046
2.0500315361919403
-0.38477543336287706
2.0806306080865506
0.09778522780227546
-1.9564608660479594
0.4677697673261969
-0.04064082456704263
-0.24103641876792958
1.5312811110783355
0.7982500905575677
-0.11757231667120051
1.9130978255071847
0.9323332072599472
-0.1934848534889907
1.0912253954633104
1
-12.155306329612058
-11.442543512905457
-12.929858411007894
-11.615755013263263
-12.088790943056159
0.5823190346792413
