80
3
24
-0.8307510829104519
-0.1857218799362983
-0.0011647016328738824
-1.1785560114192535
1.5274211355635552
-1.010809615257961
-0.8045361960063089
0.3403440898327137
-0.1422814736553877
-0.7142362676866065
0.9680128405033483
0.1631663102899095
0.7115661018478457
0.7842746540657303
-1.4879472911729308
0.35748457700464664
0.7380063414905744
-0.2936887472926511
0.6402567952153149
1.500580726273672
0.6445938183124879
0.9460643378457344
1.1250803189897172
0.8392477228276279
-0.6360869376433063
0.2866907623532853
-0.9453010428717565
0.9713309342424472
0.1105271629017215
2.7570551522289812
0.5861623886439481
-0.7037127768839665
-1.0176779362825887
0.8900073111611083
1.2222783312402543
-0.006980901683076149
-0.8906287362762311
1.8115104534471933
0.9136739776736773
-0.26666577149567267
0.2220733254990434
1.1732165016485627
0.5626032685603093
-0.4146876021785733
0.7442501077782553
-1.1344563999151132
0.16976910710897936
1.1752883563294172
0.17739211319812198
0.3553812521326435
0.8601129390319372
-0.9402176751623608
0.653031587292098
-0.28221162919326015
-0.41852109211043576
0.5521899602703553
-0.2113592597147556
0.744572980900404
-0.8637221152989967
0.7014946997707354
1.123328156855231
0.3122916853849141
-0.22603634614469975
0.2826931059612003
-5.550186938994145E-5
-0.4619013679830528
-0.1107897033696507
0.12494364844141033
0.7798768356448771
-0.21626550426281604
0.3628196734119007
1.049231464398258
1.2371370013223166
0.9694906363942878
0.5656347939696957
1.2072531790133596
-0.6036650764035439
1.129773535901439
-0.4740713036285892
1.3727006590744637
1.5132883432004374
-0.6172789252217392
1.1895017093614477
0.9317970531128219
0.7130883067556566
-0.639487745334004
0.3796762312566334
1.6462929107094983
0.5152884293398382
0.057815686406107014
0.33020942337239584
-0.8213125637038587
-0.39672542440965664
1.1310584481383972
0.42257943196326264
0.3666469098150062
-0.14601829862021692
0.023678475381954382
1.0627396742364854
1.0315224619624688
0.0378720161385271
0.2664845854190585
-0.6487585682616842
-0.43654937908810965
-0.4163071152341776
-0.0014541182944371265
0.9736997893245845
-0.7093238747832502
-0.5943722795126222
-0.16150612557822203
0.2952777840444165
2.1073549734594264
-0.18273775532799622
-0.05858486143378484
0.49385521199930277
-0.06910059229505017
1.055591498890195
0.7328018892978239
-0.09004998387438512
0.05851786093333336
1.538441217987176
0.983760265863491
-0.6573472268619759
1.3677776791491918
0.29037340887671237
0.09782095552834008
0.1027411601127071
-1.1477062012068073
-0.5939102818924631
0.6028445559926312
0.3457197098012807
-0.1170256302607399
-0.4727858236099997
0.8552345654066604
1.014597610820649
1.829418787263701
-1.134503415618605
0.6451353971070782
0.5139246439889033
-0.4290317269984413
-0.7367350809508868
0.26982495018904834
-1.27085194974836
0.7636499277497386
0.7749866941490302
-0.44905189352224983
0.5640508900934942
-1.2519984755481335
0.6718004965921623
-0.21994936502096063
1.0963131598466136
-0.21437849738847511
0.5557767544139611
0.21951493049982881
0.7387058117162901
0.6616514900316088
-0.7058428696562103
1.4583154449314668
0.038983679682000824
0.336002301620957
-1.206593170448138
-0.7149302320288556
0.17010553180170745
0.0785241706491729
0.20903590440529424
0.7111466953784435
-0.45173542555984114
-0.33367456467068685
-0.5929337942253952
1.2657134989266987
2.9841800837696897
-1.1960907244323273
0.4582245847453418
0.4094584412346153
0.8556876931778581
-0.16123310685540623
-1.0439839966354671
0.8833323827849991
1.2582087784889529
0.584759884794883
0.8701078146932866
0.26776229140615787
-0.3951077284258608
1.3692236266357722
0.5430663275771153
0.03214917532650348
-1.0097974601338735
-0.10599009081126255
0.8042174754371824
1.9610705928112298
0.8082479535338509
-1.4896734823102291
0.032737052444794204
0.6571261864774325
0.550203926950475
-0.19623273510046346
1.0148424957969417
1.077382664691848
1.564256571981164
-1.0860419655542837
1.6423831950367203
0.4723247136679765
-0.8955799327589399
-1.0104037842888522
-0.8390678143819372
1.5168820264302185
0.5156079931258922
-0.46329376599058136
-1.0782418501438054
-0.126558356926356
0.25909957122033744
1.2810084061342482
0.6852368851909147
-0.47096731495064686
0.4850509944206144
0.41336191372835895
1.8255478413296455
0.6824360512653438
0.7728338371364895
0.5194406656313301
-0.24229359957347385
0.9122559959370138
0.659952816195091
1.1517562366126033
-1.1145726054181868
-0.6259739245329551
0.14340458746353665
0.344818625107902
0.5516862990448108
1.4310137232255715
0.37343569099230844
0.6026965341038645
0.8950007670020601
1.1835756812896558
0.22226846924678767
1.628144557945871
1.706925886566215
1.4060442192122247
-1.401517066130037
1.025370687462734
-0.26526128083535816
0.6566044156946496
-0.8191726360053314
0.2132315998313177
0.6726592269652678
1.1381879509575787
1.361328428399677
0.9659444798802499
-0.6066455023916649
0.48637028991868725
-0.5296679526949577
0.6755491343000511
0.6462125580713598
0.5988314575000265
-0.06336894241758281
0.54878878487722
-0.18154307030530747
-0.529759196514842
0.774375080294637
0.760702674584761
-1.1945753889196624
-0.15926904174250064
0.33311902414052597
-0.9423713518693694
0.35304108233493314
-0.7447264859591665
-1.4788086250116161
0.6072558010489936
0.3276677363376482
-0.4821716744237887
1.2671480771110608
-0.48805625166944194
-0.3737483765890109
-0.37485929774065
1.3087771994691972
-0.09992318488705654
1.375455582395719
0.0432973809880864
0.8712320327412132
-0.05604234262171505
-0.2736829578720877
-0.8778774430994369
2.0965938559647284
0.17678767588203542
-0.21005317757858283
0.22147471445457206
0.4379120101042596
-1.0949475636348953
1.0521275924664695
-0.13676107130853868
0.29863502497695904
1.950493189354645
1.765158986665622
1.1812333581223118
-0.6395968328137495
0.701273076891143
1.2098249776942163
0.07300933295226016
-1.1802195602181327
0.18549170376828836
0.5385748980851494
0.5879562710565807
0.1347832934306531
-0.05022949264999814
-0.35382448766125574
1.2842528282668726
-0.3400090124762336
1.0720724157178276
0.035348178317415616
0.5013733965857355
0.8576262527217683
0.08046752773635199
0.11465131992692093
0.6513469249489832
0.2601049865806388
0.2766236990676114
-0.2119303978170314
-0.565871383588904
-0.4008285021554605
0.6199583876544293
0.4478604202516155
1.1543621581678782
0.45483571532138506
1.132441270199671
0.17421781452962354
-0.19598821618303963
0.8484877673462872
-0.5552052776245346
0.35707396021136395
0.9412381335178424
0.6108338261155146
0.118827933778032
0.4925068583272159
0.19601009008797332
-0.6160946664393219
0.17865237530958036
1.4644896569306673
-0.1261036657372061
0.008481965185639331
-1.7422625339999962
0.8857342133870949
-0.3232244116396786
0.6363879129313836
-0.4048295000057427
-0.4472442669879168
1.6249021211504173
0.404097058805064
0.3264201304770118
0.1338486939083065
1.9264780653384863
0.4006101926927579
0.486997303768371
-1.16356400041021
-0.6560259170136066
0.5634965150928976
-0.145971242620851
1.715649156489784
1.36709612240695
-0.6761266767427477
0.8304648217086399
0.693562675687887
-0.30273007441065236
0.6313425335727911
0.12060684327857435
0.7037355142770636
-0.39343220343002727
0.3975927917081219
0.5628680398838763
-0.29417714903259845
-0.12292410270782728
-0.46880251230830416
0.49686382942608676
1.783775143131091
-0.34978588910268
0.09991409694338595
-0.5300513472723762
0.2101782874169768
-0.7988457183976725
0.7525979509125905
1.398182445787589
-0.7178046149247802
-0.9385757986486201
-0.3538215452902777
0.6514655859053865
-0.42217020282500595
0.41537299595237615
0.9635309880520608
0.8015697897177375
0.6622549732063868
0.9399496401259688
0.7192380901913631
1.124991722481811
-0.09441129561838964
-1.1482977381082615
0.20417204430972097
1.2337393623963082
0.5214989488835692
-1.2234356874708885
0.9290850174208534
0.5094778139957572
0.5494761863661209
0.423921311089911
-0.16519666621227558
0.265080245054973
0.0647179603139354
0.4881737055816798
1.5921029757436944
0.6799893879730332
-0.2714806109908888
-1.1548517405412455
-0.6783622117432341
0.38874542821766545
1.4017468349964393
0.4784755784023557
-1.4642580535031282
0.8692434988121531
0.39980692246697996
1.2902393715188565
2.4767465933736523
-0.12179175552617935
0.7772725642898785
-1.0300009987420042
0.7421918328283759
1.126464961685433
-0.06566410806854442
-0.14659844243174946
-0.4584264783595196
1.4740067066993041
1.433923577578946
-0.5265501152101512
-0.9496418575841161
-0.30543612225205147
-1.1262437269174022
0.29350288938367997
1.7646899497491406
1.6729886264810392
0.3568781856133996
0.1775727169527806
-1.042843800011681
-0.48358888996776545
0.2557543936009077
-0.28391526489835334
0.20158452780053637
1.041734013889677
0.8788121670511609
0.3167546231227343
-0.5267622355626557
-0.06542518828019263
1.3653480821490789
0.5352983541552376
0.3099729323548957
0.10192814126645876
1.1100533426272965
-0.5023735330568122
1.708192588491223
0.5446691542822075
0.21243913315396395
0.2792333157931089
-0.26535286493444965
1.0532996121798464
0.4244734867869283
1.0234854722708635
0.0686133125440721
-0.7908362918295053
0.0024233691131450297
0.5520649318414493
-0.14223299294169822
0.0510488238039771
0.14681945906620367
-0.21287375907198897
-0.29715662681644994
0.8013474173301119
-0.27271857442206565
-0.277479201938714
0.6011832643777334
0.7376185584641218
-0.1661299432876795
-0.22676705339948106
0.2890824444447352
0.16935191786944961
0.2260227772865505
1.212404496041616
0.3438336500083559
-0.8217019822224944
1.0232266672076147
-0.4548306842477788
0.14616427666523013
0.9407998797657126
-0.3758975930470942
0.3826409358679668
1.3379198740066456
0.13794579110585067
-1.583617515171307
-0.3900368337430225
0.18239172232973644
1.5477920881320537
1.9981668356749134
0.3721546555521308
0.24667949860728453
-0.7064432031400163
0.21626976874568601
0.1119526388697724
0.02282460583513532
0.6701409681909216
0.6381957495492522
-0.3840622888972668
1.6121393435697577
-1.0186958874197023
1.2575797270034392
-0.16087026962923842
0.047650086523779736
0.8869538558060691
0.9118776530636173
1.2064940031915112
0.5754286309635331
0.10160980949663163
1.7133337702275915
0.43694030914311466
0.40796502673806856
1.032296932577493
0.9634728095202683
0.9773041190020144
0.256447406039087
-0.3805070499731556
0.0630191770141772
0.6221125751882132
0.541889653401606
0.5003767773459431
-0.24212144141936173
-0.7205168160499935
0.028127434337270413
-0.8085759868459785
0.4606123367164198
-0.057934624432318504
1.4977989442590816
0.4267918816536895
0.744744901473222
-0.48696780663891814
1.7858397698191522
0.14724403451913162
1.4299222048547862
-0.3635188639480197
0.9126997074138269
-1.422054016603552
0.19286205519591396
0.5570757964262096
1.462786013124124
0.6037727666078689
-0.2588466415502758
1.846905690027883
1.1129201298480775
0.1201779736971238
-0.5948167373594581
-0.482460192073974
-0.8746049834241196
-0.2261747878999289
0.7128066227350838
0.3403425005532383
-0.15250753160858593
-0.9391378723392626
-0.2612756978847449
0.4779051042074765
-0.8893551922871207
0.7222409032571736
0.5516724072458246
-1.1141435036336436
-1.1463919899721131
1.0912183846454875
1.927515636921034
1.1680636165052918
0.283000186360395
-0.8817622214356501
1.1049483533298743
-1.8231969670156625
-0.6805795464058944
-1.4871804489307814
-0.006389974375338142
-0.012543166238435145
1.034840528130984
0.01627100753448113
1.671612743142693
-0.028755599081744264
-0.23592822707954247
0.21630464832819102
-0.3969750817712437
0.07272163468825038
0.4969727951063592
-1.077394674263833
-0.30034589068909656
-1.0188886606068965
-0.05921035648930842
-0.24435944260024922
1.186796975022335
-0.24300132856497716
1.1807418059751906
0.5856499231454035
1.6483823616031703
-0.8735882616379168
-0.004862296197771562
-1.9308192128259847
-0.4153004828531017
-0.8372399967914105
-0.30273312692316057
0.9712176015327694
0.26786692532864315
1.7025801652193864
1.493730486569182
1.3383683399375195
0.09846813332290089
-0.43065367042166514
0.8569370621146675
0.7083584342154252
0.9759842487755758
-0.14528505854701554
-0.09772935098814325
1.8244265955820667
-0.6830925380116354
-0.6386883471238111
0.2603148143885529
0.4315907793007685
0.9183106702334451
-0.8899427775062801
0.03712096847472893
-1.2584044853967171
0.9066938002005244
-0.5196757862683207
2.141606390206628
0.7924390610256851
-0.6686004187292275
-0.7538711920108696
-0.37202459101218216
-0.9048389873826665
-1.049052946066376
0.849669193270621
0.9173142015400819
-0.6552991567730243
-1.2274207631807654
1.2369448818132256
-0.40959429661304936
-0.5428275894189519
1.6143288237757827
0.14648574765445307
1.1942368421003802
0.2881824683120434
0.13439632295232024
1.9255384752731126
-1.2882994088847264
1.6649625731362006
0.6273995909066917
1.0596517701780073
-0.5535081274315549
0.2848911277932627
-0.9181993073822905
0.40680982690914264
1.1095616133321435
0.2867403193309158
1.1465022824868187
1.9873653344648545
0.4629538170809848
0.8023511808652861
-0.8579600414774732
-1.0327220764466039
0.4166664085061843
0.7970640133442475
-0.31054743777965504
-0.7526307368158722
0.811180275895437
0.6317081852389175
-0.4365443693269523
2.761196991131346
0.44325215086938374
1.2877480805805501
0.8421086448192211
-0.6028103109768225
-0.824658430555833
-0.763390415365099
0.1535165959023187
0.011559608704534763
0.3214848707232221
-0.28524539514732
-0.47762629472898094
-0.9014750498677925
1.3573494548781204
-0.5667096331669013
0.8632727734361142
-1.0716947759703719
1.1137201567090718
0.03521912316994042
0.18270371342664016
0.5282487426542295
0.2537083524441729
0.736351127185191
0.43056930977023744
0.32575434897286687
0.14948414274093036
-0.1842973339408566
-0.04092306753253219
0.24495920692807396
1.8098996824657538
0.1952183661730277
-0.5320499614848916
0.9015773203529159
0.18121116326933906
0.4614208045384124
0.7786327517626638
1.3230045513468534
-1.3785638908989812
0.2514553212876537
-0.0881426469173406
0.06862704856149164
-1.6652793860096515
0.4967021593901684
1.748977354604275
-1.1643817314585454
-0.827859394974431
0.03258616275626956
0.6041216681653611
2.0455672770925886
0.6672288313948898
0.47764635952116313
2.168375847671746
0.2063429591863059
-0.032146041287214794
-0.16015979514871115
0.7128485476122284
0.7481256522183539
1.3104445066359045
0.667915113484234
-0.016535217698383772
1.7525619461020159
0.38569316973769463
1.7962084380490801
0.8760188484079348
1.3553784136240246
0.1921549296287187
-0.3934410176709559
-0.30722089668151364
0.6523743119539583
1.3251859056857263
0.7292190127952178
-0.7746093293402163
-1.0043026659102225
0.029217599737503916
0.25888199143024077
-0.859391259811916
0.8491624659639863
-0.863868372038669
-0.7118998830166676
-0.1129317885434632
0.7920363708002595
-0.4630861062807463
1.4498613351290446
0.11758656620285328
-1.4798931869413068
0.9047732801944043
-0.3984279127131005
0.5506976582872203
0.16829301920155731
0.4945119568308482
1.3242913779068626
0.7622095417354291
-1.052432653312002
0.5172751490691748
0.752055326471184
-1.0714933139865128
0.5020532152340116
2.2606244233472412
1.924708963245516
0.15641706018413332
0.1975556499764254
-0.7369726362962875
1.411812318658102
0.3572001801638385
0.60601243943881
-0.3986490931834727
-0.503190455563448
0.7627239233141576
0.057821345048580455
-0.9473108845561848
-0.3589432250122183
-0.13055165973481977
-0.3960133318491492
1.7095620227960522
-0.6586399388281612
0.6771457826371841
-0.11288204001701675
-0.3093289268304445
0.3216924727653993
0.7929966268534324
1.2558300046703352
0.7669506600853799
0.8528608287028263
0.036203080083611325
0.8684113117740677
-1.303993860085402
0.6401194468844353
0.017680127863415787
-0.16420186668546344
0.8245735307369472
-0.5131014215556047
0.18722967420131664
1.9219111805906899
-0.016757170174150786
0.5555892482340741
-0.532875420367231
-0.3783536189541009
1.0305352198855249
-0.3549994992830388
-0.5309409814451168
0.34830369314741955
-0.0017031152649863296
0.5785678446543752
0.573982087314654
0.13555751088865878
0.19750502257860744
1.7434824824023614
-0.09438894877977563
-0.3778881891759826
-0.5358421907173309
-0.8014543112794907
-0.6134731867982502
0.6553270126757633
0.4634076623571964
-0.12882236620569287
1.933775672484172
0.12291819239588059
-1.0870116610760148
-0.2564441232297593
-0.008786426931612835
-0.6308279172860823
0.3308713826010318
0.28095045703774457
0.3662640488792369
0.2849963964861253
0.7403117135733835
1.1375806312959322
1.9452067944869889
-0.6855937759779186
0.2681390800646785
1.236110720293852
-0.27607773525914586
1.3575392289297321
0.2171113231548117
0.10305314750370885
0.9176273968117936
0.999987739153257
0.22327582602420276
0.3594748517524909
-0.8432133582834154
0.09954866368414397
0.6471263703329189
1.1624569599076735
1.0745466574272349
0.0875092520914737
-0.3448176934904962
0.42077793644972705
-0.13864497146960902
1.3742294140632247
0.9867589846277662
1.2805920351099032
-1.572189508131655
0.5781191369364983
0.8761777158655714
-0.19262127899592735
-0.9990899474788493
0.2286788621893254
0.13863406811126278
-0.6295402582910137
-0.32696757004571664
0.2404636552027305
0.6082327042358725
0.4522139876965448
0.8171247114915857
1.3127434577993604
0.4943471252454046
1.133730999917821
-0.32058209724614783
0.11124813078091828
0.8554124415590216
0.3765229680357588
1.3639166175582742
0.543293033142275
-0.8255721169816617
-0.46034611822231225
-0.4378328541229513
0.29898872356217154
0.10050064889671603
-0.007309857106825926
-1.2887545152802649
0.34585334424299424
-0.04842252299385731
-1.551654870922551
0.2646628132266533
0.443271772075645
0.1480835097805801
0.5370802542984061
0.31470440968120256
1.5498384682806692
1.5737433670269307
1.9322660367189524
1.7381766537582137
0.3696962954271349
0.058117006298409636
1.9667218375063644
0.29713526754071234
0.08640197459927836
1.2406127293037543
0.6573712971705507
-0.648157282139704
-0.6406155785362252
0.2892869491281663
1.3429310459275172
1.3235893608063534
0.561362120674612
0.9424613823283292
-0.6538453761861708
1.971718326075477
0.0651336709530203
0.8948788894061973
0.18401973419692902
-0.4086692569478468
0.3192885016211018
-0.24414478657937627
0.6854196329040505
-0.227224593134331
0.5156493394689224
-1.2967284385318165
0.19107560566634468
1.8021306534593553
-0.618595331402074
-0.3953868814412061
0.8887171087504874
-0.7566875166626652
-0.5243071369778287
1.6861846701318912
-2.07190509419722
-1.5575472172057936
-1.0614030543832018
-1.209942661553417
0.04447539284175262
-0.3258460526107877
-0.6275572463748554
0.8277619979498682
0.8592004700058847
1.1609783641908857
0.7188183339994364
0.29598680272720523
0.5034582717035512
0.657119531958867
0.13708747992243314
0.3929158830096083
-0.17499222180687068
-0.06007801420953625
0.24278575723731854
1.4080796908837854
0.471864744859243
-0.1857236920803819
0.141444612008228
1.814148421062523
-0.34991287405213223
0.29315538550777387
-0.07311367070831905
0.20064426167943022
-1.0097055008677758
1.2745361085456295
-0.9741319036175919
-0.6978539579826517
-1.2162985810637479
0.5198040976405158
0.8891427570596364
2.1706765933670513
-1.7407129007226638
0.8514539891404143
-0.4963289710755206
0.20123503965224737
0.050968238314996014
0.4168573443305171
0.8424705611657525
0.9695675101137846
1.4214943154396893
0.34437789704959737
1.4033648701017853
0.9870645286546
-0.17964976058535337
0.34915596834747514
-0.9253956371558776
-1.048819832671661
-0.03621641490637709
0.6543348970139605
0.2724339997124685
0.6073547724988779
-0.6013983480237776
-0.3969801764425104
0.2200349565860248
-1.3284015455806577
-0.04184996673426168
-0.20634597674292593
0.02488101704407525
0.7613389769537151
1.9450327980209259
-0.5231995736267756
1.7121853204246884
0.5280628664685638
-0.22751342787247694
-0.07515979582515586
-0.3736861860957685
0.7200538946818142
0.2916340300930446
1.016163292768368
-0.4790628601487876
0.2703764970654388
-0.13776755419092615
0.06310956436291792
1.3152946583910547
-0.1986807682174481
1.3309301368777526
-0.4336099447197104
-1.0738949846155195
0.6075245284364491
1.7711362970121658
0.3722707346012748
0.9278992173048313
-0.04530304032147453
0.16901262292257746
-0.08656286124940976
1.1278715105179014
-0.39242610916608267
0.6341340101083347
-0.4155143164516305
-1.0520912309114763
0.4897754201389801
-1.012898036830863
1.1549676105545161
0.9762927643234477
2.093402008783563
0.1729686368827465
-0.6170218527670098
-0.36497300253675213
0.9327489207137245
0.170714020022288
0.3217852608428496
-1.4068002374561428
0.9915359817311674
0.5289285966684808
0.625023260331429
-1.374329461988462
1.5419443856569481
2.153678126446669
-0.21711720552494657
-0.95084513834625
0.12673151154122272
1.7544943734236227
-0.7980823903166614
-0.6657336553483162
0.5080109260054164
0.02185716526049864
0.7234719771101679
0.9867114057676495
-0.6393609398379093
0.3494080899221419
1.1194122976066514
2.1333022994855892
1.8849564470509657
0.6906468284331112
-0.34140476684354837
1.284662396905503
1.0690573133783556
-0.06647050345817992
0.626452994675034
0.5340885039924772
0.4970610919111293
-0.28007534702961456
-0.022351981866961558
0.5307245984147225
0.29910562755929204
0.024946945122721206
-0.4941038919886615
-0.6520362950030361
0.6959760939303783
-0.048233117605189633
0.30104300663066114
-0.0734373667041401
-1.2840735310690143
0.3326805184043051
1.2475366750918815
0.5959204260660568
1.5913315330520932
1.3393941593832919
1.4990555508025818
0.39248625752630506
0.0444530183054702
0.762313377274899
0.23965064082982845
0.46904766228663275
0.4410532021760706
-0.1466704148022766
0.8288372187281774
0.36217066410380366
0.4821769676687333
0.4340350596860224
0.615958238068337
0.8176710780175152
2.577590453571265
0.15765704936176822
0.4275281733882883
0.023591978383842957
-0.1530702504540765
0.2581117819342785
0.37517404976898205
1.106615390478765
0.023800297254339985
-0.49389714067922535
-0.7004106289920806
-0.24578827905964462
0.7272739299935476
0.1759726558416424
-0.46610903709161733
0.1569072604997338
1.0105098262313659
1.8661213453033485
0.9465377214542767
2.1524675973645526
0.329774466124614
0.3227543576763428
0.9706521977709457
0.7004059545917117
0.29952604511042497
0.3940232277431353
-0.37773579077142627
0.30181744229454466
0.4239670058886805
-2.361433959855489
-0.04576629462738441
0.49717167646680877
0.2670082771514258
0.5691145755840344
-0.44565300402725416
-0.18666558256019689
1.1660561530984923
0.025130871959603632
-0.011511771473794803
-0.5770744504164627
1.2125198702513897
0.4144479078083615
-0.030761559213067002
-0.11281226116068185
1.3817575619413769
1.5172871048546914
-0.2787725686601301
-0.1664484644791393
1.403095228187095
0.052081922209382486
-0.45922458432344215
1.214965294636395
0.4403043134880563
0.7925698799969689
0.681296850495092
0.2218612488398262
0.47104510642745595
-1.178141158707959
0.48826428442274467
0.20776989287320036
1.152720286457897
-0.024577320318517854
1.5219047417638585
0.3601208306075323
-0.2839370440660334
-0.5546814991888964
-0.0715337504152913
-1.0364848869831893
0.9908246852809793
-0.264680138315476
-0.2795552311953813
-1.0375564725024267
2.2487938324876855
-1.4089254035650127
-0.5838184524889033
0.8565005123604089
-1.038543426862084
1.958627195202222
-0.018523078341672737
0.8139198314119022
0.7432611407973767
0.7593639903929992
1.4354158156082162
0.8045373823762932
0.0297529176256388
0.2538614034079154
0.35879658147625804
0.7398509163463767
-0.10927268320192181
0.12917559317173616
-0.017399158120793685
-0.39395219737493886
1.088889898779718
0.8130323886616565
0.34468288409730286
0.3225870661290247
0.007537741657447375
-1.539051245713207
-0.40943395133680976
-0.0010339895066555777
-0.48357266380684755
0.45526024367611584
0.8011219148048467
0.33303346768747544
0.34898600498374277
1.21031162710111
1.1265801987607105
-0.6938578962518377
-0.25056863495779835
0.8880643572868221
0.7452953344828824
1.2249197941554248
0.9841764315721064
-0.03861666243550268
0.5261658140260121
1.5234462051197553
1.6488260485041293
1.0741716339014582
-0.21636179813985165
1.0803591222709488
-0.7091865621166179
-0.6914235341868192
1.0103525553023858
1.2954606766411547
2.576410103023964
1.2343475396975585
1.591412637548956
1.303449770516717
0.9020088048184675
-0.03803552150365844
1.0362414546852465
0.14268741209756108
0.790915724868879
0.8286657699225185
1.1946510829195363
0.7432553352129218
0.4845008809034843
0.550123360043099
-0.7389759363114181
-0.3404163747658902
-0.20629961230128402
0.3834424138024695
0.6040022190298409
-0.2409201443389269
0.5033737023672151
0.2538936502517229
2.024514323036944
-0.10445639140268137
-0.7074220152898927
1.645007656936803
0.7101287111267258
-0.24301690331651923
0.029968103251421914
1.356882152974613
1.489617768913721
1.129139896660271
-0.8867960479478586
0.4098004897536698
0.5659355046210813
1.8693521198749474
-0.1748971158317761
1.5593480014846057
0.470946939842673
0.338351799558246
0.6706823360042604
0.23053771350327149
2.5824442192413546
1.8291984156545709
1.0677911846281254
-0.39640500331429607
0.7299028583725663
-1.3466262386761056
0.8389089282007157
0.5961032887537018
0.04195276286570257
0.08804771500281972
0.6626450382596237
1.1140019223950532
0.5913605157788677
-0.45291753078184543
-0.027194369311296932
-0.23209834599477813
0.544787326549638
0.08476541109651105
0.5467838891179648
1.672651718032997
0.6237331713273611
0.41519675095555153
-0.9435956157344169
1.866682256222665
-0.7664054992683167
-0.9829334498241326
0.4459469324140898
0.9540521066653951
-0.7978854472821926
-0.024664954819374356
0.060207979577373644
0.25638986522170054
0.6721659979699417
0.5458521498828106
-0.9165292603036888
0.45219487996847935
0.5964073814612911
-0.1723479039407531
-0.43753486107300266
-0.11151090050736519
0.46613694348581836
1.6677591533388765
0.7992035307628411
0.5083931355282078
0.5929552414165036
1.763986439548245
-0.11935562258270573
-1.067272268261479
0.515447168817412
1.1265588637775181
0.014875237176520992
-0.8149576931113147
0.5905669670871535
0.11239873980645665
0.9503756037694553
0.1814942970348776
-0.9524840850545724
0.49612729554062635
-1.777061672570992
1.590461769538898
0.020709038108234726
-0.30735729832189707
1.1690123594160555
0.923417768786825
-0.7814483483178198
-0.9389612964454722
-0.5647021346194581
-0.9560536030551001
-0.7550849571868938
1.5852439715802298
0.8622038062002284
1.1764750115790192
0.09421345050055131
-0.19359913095256778
-0.08113437692431973
0.7808242235389699
-1.015792023583457
-0.07450508642120526
-0.955691914253666
0.916444100852912
-0.21161832276053252
-0.25086521756449986
-0.21062457643353227
0.11730510421921737
-0.2718142634221625
-0.9396528053680784
1.9223133490548214
1.054466848197845
0.7689777812097858
-0.09089271982368746
1.8355699494223525
1.9082603363086885
1.4886444764855853
0.414606011081316
-0.27063681292859176
-0.42843130416026537
2.269536468916553
-0.16807141153026922
0.661816978604824
0.9527642559783059
-1.1749536183028697
0.3469986286168422
0.05643427930378886
0.13976668097070388
-0.38251139154341346
0.4059233946831807
0.028620528542292883
-0.26046392708923594
-0.9324440863698682
0.861966232005612
-0.6732369683418103
0.016992414010953222
1.323779021397088
0.3211266085688667
-0.7544329019105933
-0.21975013572620888
-0.16635024702037604
-0.7716181682107318
-0.6345145397947618
-1.8369404099757278
0.425336152449316
1.1966687503239144
0.23870577226100492
-0.8589014971085002
0.0628984108540553
-0.23016641779461838
2.2954305132830486
-0.5480963367747411
-0.3857170868730168
0.3201478394639485
1.073594692601321
0.21070623728521048
-0.5689211218240389
-0.5107637616711538
-1.1701886662486787
0.183497784697983
-0.21129861303607717
0.2001362940280888
0.4770257365903927
0.13163440406017102
-0.2943859763306519
0.3959967142702917
0.11673099630482
1.9055173401386452
0.8591834049415615
-0.019277459656368262
-0.4932907760321187
0.6960178225982254
0.9882599988615259
0.8278466234158793
0.9329176104506973
0.6719203798110367
0.9307750567157302
-0.2723108158921844
0.17600189372573027
0.4546010945284481
0.188738543350215
0.3479924603874419
1.7356103688184605
0.6458036047154704
1.187410462015312
-0.4715631855875747
-0.17157418629750054
-1.8211664040839817
-0.33455574449411346
0.7181806358368231
-0.5395168962614562
-1.5368565272761865
0.36755130409365266
0.7081139309376534
0.0035550323807854306
-1.4399413399291308
0.1264673433102785
-0.056231385088087824
-0.5162058141850469
1.81611112372751
0.9583065717257115
0.013659634685182886
0.42471543776871323
0.7110701133947076
0.11473800620353279
0.8045644049803307
0.8046486273267851
-0.4047851763498574
0.4133283416866691
-0.11156262126939831
-0.29238564257845184
-0.01801135257330949
-0.8185314471740645
0.8095179152942191
0.5250721929091905
0.6137202695323325
-0.11682085788252958
0.5604352775422214
0.18654002723594912
0.3522576776662261
0.8826019967632757
0.5231520990267964
0.48151246356047794
1.400865109242245
1.2589876730828462
0.02536796121843299
0.9206006645434971
-1.4170638183228075
0.006384856963304347
-0.6277971786759173
0.382543749358846
0.610060851616855
0.2533808273336157
-0.24141859545275024
-0.018516292661617473
0.23911322317428155
0.13798520265095077
-0.8892406826436223
0.5298465674999767
0.03076364398708687
0.8055910178054098
0.21964573059939438
-1.1196911112229138
-0.33604021447875154
1.4901044979245517
-0.1976405282100349
-0.057961626263127175
1.5890035312204498
1.1641370651125993
0.3446209404223029
0.055788925469865865
-0.5010258407735872
1.8373137128026866
-0.4676910185504281
-0.15598442784238897
0.6847611171323855
0.2373112188859702
-0.16033208304454316
-1.189625266146109
0.13135771794535192
0.5862885904032884
1.1095382822569106
0.6584371953209925
0.7120607273154366
0.4688601542564064
-0.20720151143291415
-0.4125202123965299
-1.7453106661020494
0.7670192964829179
-0.8935764380139981
-0.38963855315490925
1.0193539427907434
-0.4877051494531912
0.18702975857777623
0.5011379019887492
0.6605417935144816
0.05203863729643111
-0.8363476690298262
0.5197293647981679
2.2780546110325197
-1.0791097673432906
0.5258742548214715
-0.5401835096192209
1.5339337760708265
0.9774543177250392
0.29274431975734694
0.24114645283971142
0.1874661205823489
1.738421563339243
0.6052219743715983
1.0692042667869455
0.14408097064151493
-0.24398644179706586
-0.11920757925554956
1.1370195788237696
-0.6177295425223146
-0.31425019891355
1.2065087470723714
0.923309720057739
1.3687821842827421
-0.8132688069334181
0.14503750935309734
-0.2797929254382422
-0.4676388283866014
0.24327405130407967
-0.08396081583081608
1.4306582122188662
-1.1059601108979766
0.6522258565012633
-0.2774804333584828
0.02520414907498634
-0.2861130267991394
1.0037874687265587
1.343644924605771
0.35460821807733983
0.9074015474457291
0.5434177117995955
-1.111799980237349
-0.17068325246681193
0.2835692157552251
0.4483707991214734
0.14970891916138301
1.2273863391235662
0.14499497311281126
2.267121815248966
-0.15197222796989873
0.9694215766646886
0.4183693701647628
-0.47387158331581114
0.44226211326512455
-1.136849037915998
-0.06497168724038238
-1.1780185742944156
0.7473522433355505
2.0212338305876845
0.5098634207765553
-0.5492736561205309
0.8761801874901317
1.222994169013857
1.8421087039709882
-0.11487961062815746
0.7976158011503531
0.42006440244576465
1.3817644343399687
1.1484403573735233
-0.545412571051302
0.6290858589617742
0.20332189933406433
-0.9788742149065365
-0.19951674858300178
-2.2347137521564266
0.27562211791387803
0.8546047562876997
1.4704958351590485
-0.4415720426978473
0.38855825547349343
-0.30659988686659434
0.7945867310528266
1.1162775919373815
0.27465762836003405
-0.5279142738108458
0.36403668340813783
-0.06140732035986969
-0.05944522440221558
-0.9414974090076147
0.6661025160657211
0.2407577924385602
0.030918120622606807
0.7488513140739309
0.7761913269063113
0.10368363403768185
0.7862196425822643
1.292124116429802
-0.5140677401851873
0.22354614488279484
-1.2006732685876436
-0.45807876631767824
0.580897722784874
-0.06364272010998853
-0.33992623273809675
0.5189896291834853
1.5073422712731983
0.6864867998686836
1.0739084133177557
0.7901314321466437
-2.48056550286
1.3308297114409633
1.8742291491989145
1.5401667586788648
0.36021022649578105
1.134001731518215
1.7673887990164847
1.4666561390616437
1.4654205319149134
0.883707288970974
0.797105653699026
0.4375854352002181
0.5337685511078384
0.5505081146066803
-0.08004652416341831
1.0589005115619552
0.2643993307760853
-0.245706732264531
-0.3082354089938474
-0.9264577515473951
-0.18633597367354182
0.27886552163585565
0.5976768969869164
0.7232763384633314
0.22788246979878518
-0.6063200676558125
0.3192156666300573
2.0003807583924513
0.21489498844897892
0.9152692146834942
-0.4053629764780818
-1.122070838126854
0.26461873286407134
1.1640140553855527
-0.205970935538406
1.1767187974954358
-0.08506724908334104
0.9604252055558503
-1.4653893209600033
-0.6461688369896864
0.02497952844803383
0.3088500208384905
1.0145954351833237
-0.5423764972267434
-1.2479367851458663
0.6823601244641607
-1.3646064866555643
0.742430670694751
0.7081710181563101
-0.9075055537782432
-0.0947298073606278
0.5472029907127745
0.1452015852754892
-0.8390994534664487
-1.747055493016695
1.8343022213326174
-0.8070093325702846
0.4435918515904261
-0.8886641500966844
-0.07008100061408334
1.6113153368941815
0.4935542579955165
0.06676947217464689
-2.0553695725460273
1.0741554334630972
0.5550898581615514
0.2894236465091003
1.0935308593718336
0.7998350001842173
1.6393874493526166
1.4026257611900628
1.4732932339302247
0.5751395277969704
0.5717218099391349
0.7076822388280519
-0.09390729663970532
0.563270982048266
0.18292042108994702
-1.130671480001697
0.07100339930431716
-0.002944133016512201
0.10216273884513621
-0.007338440897301887
0.9753050174341868
0.6187972772705954
0.08810811483930844
-0.07414278283313201
-0.43394512735838087
-0.2708807658416372
-0.9320623378389279
0.9284457487774201
0.5253117276553675
-0.8617148339379009
1.2165583649329763
0.32460147230734626
0.14064492159859998
-1.3266389673675936
-0.08433796799613405
0.7361082875780172
0.8808549358199319
2.3878609517192815
0.5671505330659039
-0.27572746620806243
1.1205278014907352
0.9584458659403986
0.28931070499980305
0.13573345007167625
-0.095531147595072
-1.1038163145511448
0.014705979823080813
0.24887413286792334
-0.3287075230676644
0.4306009024295759
-0.6155804080359948
1.0943465613479457
-0.09206211701161426
0.17267562917799226
0.058675664899845825
0.033315467997153514
1.2632662598537014
-0.5485497983233061
0.8352243673287274
-0.19094080208516528
0.9739283610588056
2.36864922686054
-0.4095277126169531
0.47865756793275793
0.43844995108980434
-0.9916249718002965
-0.1479291175018911
-0.35351762770730644
1.5477055556540498
-0.7656319050568045
1.1077597088266726
-0.9678264507615193
-0.7742348703739206
0.7317069914161501
-0.06769148840241473
-0.09433929981931986
0.0943975605073489
-0.7883197660859298
1.057572594473271
1.5990993772594182
0.1837707789012361
-1.1185942386653078
-1.0435808518625085
0.6411211274659085
2.5805348896146754
0.240257606464549
0.578350618295172
-0.5337867182001026
0.3946953466094357
1.6637130191089935
-0.18907101753758856
0.9817631277560832
-0.7497308320148123
-0.6877695046071617
0.46284642708018475
-0.28158757112437754
1.022948479247468
-1.8744927157167413E-4
0.29380776444788737
0.8711733176029468
1.334037217364485
0.27916542924658394
1.067854211220258
1.6515407168079481
-0.6529326181570809
0.1369369004005604
0.1841278615830093
-0.19309419594515737
0.19031645525355353
0.0817716941328272
-0.5104454652014518
0.7750439241323968
0.5872116169246795
2.447250200944603
-0.9314218333393263
1.0398020539430168
0.39711483073298814
-0.8141766313281256
0.04936355313222485
0.026394865779319036
1.4684197455102994
-0.7212179432254104
-0.19667810114126133
1.0075924850966964
-0.6340001672336836
0.9071065411033092
0.3415256279658887
0.297730271492053
0.034199528445219174
1.1585544523042122
1.097977228150482
0.4845220860155834
1.1287487570892518
-0.5063803508281658
-0.2893477443507876
0.18828202897968188
1.3002625317816088
0.07134405689130793
0.7942722655457258
0.15702637777028586
0.11608824882688051
1.2656740345617463
0.016550880703943165
-0.9165453227367345
0.39627223314605203
-0.5508734886060704
1.4988485863365986
0.43391325032602734
1.288075316050926
0.5304360974989799
1.1756674015762136
1.2842475400497597
-0.23689704939151424
-0.8009778355427717
-0.4946491856534473
-0.43652577784708
1.3017540059253896
1.2582001503924911
0.43164329149133485
0.6713597997483983
-1.0501652457671915
-1.4424090675946242
-1.1153177671395522
-0.10978674836261759
-1.0455832619253376
0.8121587960595087
0.8095416638609952
-1.210477977199639
2.17484532824534
-0.08966440339177201
-0.08965245769654426
1.0643067662947483
0.17689026754193904
0.7434895298169774
0.4381887712535589
1.7867653154308536
-0.49945436144163996
1.9747721683635482
0.9675193823275908
1.3972480601433082
-0.30991149731296214
0.4260731605299522
0.4341745451730469
-1.776193735348909
1.915181933150272
1.1589122317365268
0.5390709457980563
0.6574578705655556
-0.08932672081486076
-0.4175501397215865
1.109140437313592
0.5424066798298219
-0.6227762289678515
-0.43722722752156784
-0.41003979632150395
0.055934103294698924
-0.21500849220217658
-0.029362030904681792
0.8562133575177093
0.2523732775096865
-1.9449481086678473
-0.22889354113687763
-0.2832682113349663
-0.919613103021223
-0.5039195373742548
0.5315523008926024
1.164916244262901
1.140145665775783
0.55078121691744
1.517894094362122
0.5409585955831759
1.9133970443081114
-1.3572838064094492
0.4592970614694667
-5.067537587240545E-4
-0.4939168853926533
0.47567554878001894
0.6116771730920976
0.8021551831604153
0.6779077663588358
0.4846700214389661
0.7070041824607284
-0.02824555939362315
-0.6575718240585859
-1.529899080774504
0.6244772654592148
0.007884492027886936
0.13068557938723735
0.5043428861894006
-0.4670213584938563
0.7013117190784466
1.0632156354363667
1.5361618892894922
0.3842769790326618
-0.8240997227624662
0.350860827975493
0.1947286426177767
0.4258285477693744
1.646106862659846
-0.3800624101898492
0.2985347093235389
-0.37243974087217246
-0.2600333725107035
-0.4075542116521932
0.6493380693269906
-0.06354198762858637
-0.7202961794454588
1.5250104257311816
0.6556811968977169
0.9267425146101304
-0.8972781843124206
0.5040037451865533
5
0.5497277273609656
0.4794849684419649
1.0132138174053194
0.5891295075824968
-0.384827886716764
0.8263607491210742
0.09456369241826257
0.25810906945961887
-0.45675778442464227
1.5387482589872676
0.2745348518992739
0.8607456919981669
1.6783017856898041
0.8490780487849625
2.1274625773155735
0.48177204807841945
-0.406934985161726
-1.2554601616534378
2.0257130148621814
-0.04761305338234071
0.42300605958938686
0.07151129161516065
0.25158569252330437
1.1839531325352421
0.39337379954377094
0.7361651464367104
1.1922890680034297
1.245527791468162
-1.0528747430652436
-0.4405319051467531
-0.40595836875076563
0.048562552677616
1.066853111517896
2.1133099468747796
0.06843960930408856
1.911304329694383
0.14100307990927902
0.0481200224506294
0.851355436878787
0.15768431975716263
1.110590728140524
-0.20565394633633136
1.9368323192167498
1.1353967158428733
0.5308613849061201
0.5259189564894438
1.7775933025897457
0.13256169772957468
0.3070224676476658
0.3717302784988537
1.3437283100572759
0.7273783364720855
1.1903495677084919
-0.4108612005519796
0.09154745442479068
0.19456534745224313
1.513065458084414
0.6798203808935573
0.03969497271201159
-0.5558274864847068
0.7397105147227826
0.05349295704483284
0.20305439535000047
1.0689952936394294
1.5628762746792157
1.465822634650108
1.9387968835834917
0.8190717908968241
1.1297848512192896
1.719827344413404
1.722161961330481
0.6820820475155713
0.1135848545516625
0.10303235800000951
0.6336325894149362
1.5227838855934799
0.03473727106709931
0.6253117418745922
0.8404185368482767
1.3172906582623287
1.6407797348007254
0.4204339767694501
1.044483825433651
1.0261454454752597
1.2359395306072374
1.594685479093658
1.1432472251896069
0.6611888668350016
0.6887404122079585
0.26990051386479197
2.9297921581243944
1.9790522650830928
0.8457790998200428
0.2639090052521682
0.7772411224879648
0.8597295202705715
1.0645488028360743
0.9391485765824437
1.256519329806745
0.018504918168994827
1.1643181389968846
-0.014182174264408057
-0.27749207576282847
1.1140720157082642
1.767311828419716
-0.09914317219698401
-0.41431975302165963
-0.21773878136422414
0.4065019780427257
0.9111647429241807
1.0695787988063317
1.2139533353886398
-0.6599492178771331
-0.8908663224260772
2.1808024219550664
1.210914780869226
0.3123119040872625
3.727938578367437
-0.7985219507536565
0.014837963553916408
1.6720485644169971
0.7358399625589754
-0.07659270366626761
1.3980303836974184
-0.06705854573124238
1
-11.517871563622798
-12.637929523665555
-11.924848485252417
-12.237763366447952
-12.711182800119936
0.7653319537882328
