80
3
16
-0.42234996493929067
1.0950499070540045
0.9420510497473095
-0.9832520301069426
-0.008100730264529326
0.43323949801199935
0.5228649973893034
-0.48553138118446826
0.01020785111407077
0.35934687953565164
0.16956831831754027
0.16419077368705293
-0.00963208139068724
1.248263733234476
1.4939926914155002
-0.24457027471172121
0.14063295239864548
-2.407197967816141
-0.6777526034927839
1.9313870233609303
-0.12137080785794961
1.1341488365957744
-1.2925764105982767
-0.0754900222953517
-1.9944074438463009
-1.8052487241435136
0.3586003524466484
0.39415716781127796
0.8837384416276806
-0.3625249562126453
1.0483531330727394
-1.5669831788237667
-0.774572994253298
0.7141534272113533
-0.31788896142140377
-2.3881217911114976
-1.5769382305054294
0.4300404158845371
-0.4692554971367533
1.3309753309677146
1.3803481563477975
-0.9012232289965123
0.7826709381424165
0.7362140255221862
0.46706154300285924
0.33055299255391535
1.0837050337766265
0.3015618329745993
-1.7099867768014718
0.16838386360979604
0.28677893953104405
0.680014697956522
0.9395032566291406
1.197587500726762
0.5489395055237434
0.9447943220504704
2.310799547825514
0.15997863671585089
-1.426529822395298
0.44646277632178677
0.17548323289336476
0.7403055985036693
1.0993108802303655
-2.718545155659769
0.5471205698854078
-0.4515981220736227
1.8071427560549123
1.2666611069003268
-1.4037423618620841
0.8653082275736553
0.4686561627507398
-0.648138869154976
-0.5561758858662855
1.4657833869664298
-0.23695837262303182
0.5108217458450317
-0.5571963727952101
1.1438203311057427
1.2780934122206844
0.7283996938498393
-1.3231614118868744
1.0761527847856895
0.5303394645331326
0.2792317609427103
1.0089641498903097
1.2100646416995973
0.044185344524776904
1.2622710095621508
0.41759281364728035
2.3248613140417325
0.19556114609167294
-0.4237495511851723
-2.0463247167864815
1.4507469524291399
0.7471289078930985
0.8909066771982375
1.2137372654598249
1.907429321424018
0.23795248148107684
-1.4628163619545138
0.3320407177962222
-2.4188170968366625
-0.09657629648087866
-0.5496525954710685
-0.25969796050507643
-0.9843540507655177
-1.0176201406813372
1.5525378648806276
-0.07971766484412746
0.19052889379730914
-0.28618582384996955
0.972989382862954
0.03109603572759663
0.5316706024137025
0.0986040291609484
-1.0253660526167172
-0.7855337613679859
0.9518891308962203
-0.33786635548542804
-0.15664265900796798
-1.2734776063781212
0.10454849139050769
1.180475747836031
0.7818799098529018
-0.10604939161399489
1.1122369052567316
1.6673533442616288
0.48913444425358493
-0.14972408200948806
0.5669290403801334
-0.3532231592521665
0.8329180363941954
-0.5576596116896726
2.2339842015840485
0.8083050121063878
1.0261100077842416
2.0793554480988905
0.18605742087439708
-0.3253462282418179
2.7408701240466558
-0.03152588126513768
1.5003921727744711
1.6369182396991682
1.7324243302357292
0.014968184860610273
0.31952838998260125
3.4918257055770936
1.2278741197974419
-0.40630278895186583
-0.3008757860553794
-0.5302461318240032
0.6366023154510977
0.16824114743030452
-1.570180849531839
0.2858562616023503
-0.029177393604156235
1.8033784161367254
0.44142411536405946
0.6796415205453435
-0.10925374546098635
-0.6165625843813487
0.6877408281960329
-0.36194563183150713
-0.601108580138514
-0.9049165081138036
0.4653860829980795
1.004087635853731
1.469591793486298
-0.45845462310662144
-0.8895001409152127
2.2399767872239087
-1.0999683788000911
-1.1561985575994305
1.2036566792320287
0.995574957411461
-1.4532946368106787
0.7239613943925414
-0.6807020862154303
-0.20085924375986258
1.350849483882397
0.10002143000254235
-0.5153489975843041
-0.6703847885810779
-1.3394862057144394
1.4204118371361742
-2.3526833919544434
-0.6412888169095345
1.78023332342974
-0.0033573143835316215
2.48878530179259
-1.2168226592297526
-1.5885465836760437
-0.42698612355939247
0.48557013193308396
-0.7896414829366811
0.6691706199546097
1.6310394345517119
0.5938628315693066
1.2158539557917112
1.3317893922443564
2.1754104116732806
0.9485084431346875
-1.1805220486816872
-0.6150429507144476
-1.5176778027457216
0.7063907989874364
-0.1529588913695963
2.036977136973909
0.4595132856491868
1.9532372012207442
0.7991394231121007
-0.9748724978572132
0.8620369685572653
0.02216218502885274
0.5853768126260606
-0.5809139096532352
-0.3814542442648123
0.6223250526264776
0.5880166462409896
-0.6691160265987197
-0.945266249052178
-1.1503273355743737
0.6037699110863274
0.6684115013432588
0.13414244076987528
-0.9135687342689263
0.5318679956742264
-1.8355249134382932
0.30259732179568866
1.3577195787642449
1.287232352300914
0.6823151174386347
1.049176491458024
1.40482030837542
-1.7640647829762128
1.0850854240071361
2.134483087368684
0.6897063167412316
-1.3216330278322848
-0.9385039429187816
-0.3386085267897898
0.9887482649035043
1.423730356983114
-1.5809362486562535
-1.6494560320311586
0.854299040589848
0.14114608519035834
-0.0577132217490903
-0.7173638515253479
-1.3069715362301908
-1.6166627828227795
0.6504571008173783
0.13141944133230388
0.7168597521056266
1.2089800851356691
0.08822444023151012
-0.7905527430682
2.1766028137072064
1.4064459460107055
-1.1791733416411276
-1.1543172961406039
1.0499873212350341
-0.9893490239684426
1.0592701813519763
-0.9414036256393937
0.12383426712668216
-0.35963473793483747
0.8543144111436667
-1.1622502495888918
1.4605240354970284
-1.0293773021941428
0.5422553585505555
-0.5574338306133662
0.12752573764564565
0.3165505696490308
0.0041537157560094535
0.20317973925154909
1.2751370153707708
0.8387396321996313
0.4204240061496581
1.9045236317357266
-0.6619510925625044
-0.016014543269062986
0.10323125795005375
0.2323020621407011
0.5689774899727114
-0.05050546133030829
1.5694646712889817
-1.9480548765793915
0.6309934053518439
-0.08168429755829251
0.22316214592144695
2.3498670228204244
-0.10400763769127894
-0.6860668143889591
0.8010113383407832
-0.8588532995827717
-0.8057047757514886
0.7727008100300934
-1.0118099147262536
-0.2894615743531226
1.8201749246064023
2.101441488742764
2.6417571071564407
-0.6585509645141135
-0.06778844021687869
1.5470369232522965
-0.7004299295728903
-0.7362465308077841
2.2038686589734255
0.9850121871668469
-0.4585141879722107
-0.4405950529596299
0.561022376622558
0.3397621709007577
0.3148685443282264
0.4972728687078771
-1.6396995878217155
1.4021073748087143
0.4067071177697044
-0.593748747204873
-0.5316515628249059
0.157417747894806
0.7308355309988388
-0.42157991310980736
-0.3344791255229316
1.9093189894810645
0.008410914186840757
-1.7373774595417153
-0.5510768423091095
1.9117759057179569
-0.5268403128607028
0.42621832560578543
1.7709086419417313
0.9064466777294848
-1.4294270507727902
1.6599248850681403
1.423265553178787
0.2798100182328265
-1.7465138150955029
1.2549246540334054
1.8406209580118078
-1.2549206638349064
1.2556691224828949
-0.270329482702232
-1.0631460166290059
-1.6502568819063508
-0.14041424347566872
1.2680275694488383
0.4510915702724994
-0.9171147661739127
-0.24184103098604603
1.5849036180177272
0.009046776832078017
-0.07457938074114508
1.1539760327775934
-3.0326236505312028
1.2967935926650522
-1.3781611917340642
-0.14835383365152305
-1.0001668482954766
3.133382228526683
1.4875917726290016
-1.133793425910085
0.23461037576494637
-0.5289798641009085
1.1867676492030215
2.056493476747148
-0.4538464451763081
0.34665541702719976
0.9850227953624133
0.9169919659265893
-0.8244176207701417
-0.6899212947507402
1.284862604285194
1.7126383983043674
-0.16249396976416877
1.1534114488690554
-0.8006863418957673
1.100470389697261
0.4259120893327795
0.5861999927669314
1.5026612935909738
1.2760093191163235
0.6789277891336095
-1.2365749472684118
-0.3459442340574402
-1.0259213753135512
-1.5942224167435124
0.6919171834090679
0.38141215422354446
0.2470794605379381
0.4509147662130173
-1.4203338206851521
0.8760255333260255
1.267192328243584
-1.3527223513185436
-0.7358676672531661
-0.9960489887483328
0.2792126503439586
1.3567334504697124
-1.7784359889140002
-1.8318519556052841
-0.19117312890336657
0.5149271109176532
-1.3275889396112808
0.8634204133682021
0.39451800733567666
-0.20786997195929297
1.4655177600447338
0.35180631668675
-0.8311451421324172
-1.4642839287915237
2.4581152190383944
0.6543496962515004
-0.6125115442176328
2.055447358283486
0.9482152373109699
-0.29080331416528166
0.06229563532484214
0.2737979836494083
1.440490423403546
-0.09473756385214688
-1.6581924630986695
-1.621140087862219
0.1771094540647986
-1.3144372763372116
2.6003267641037833
0.2868998074076427
-0.5933213086281826
-0.0972008257980983
1.5845177880058317
-0.8196050236504582
0.6111462175464898
-0.6918955496656044
0.667994563916539
-0.1602831281944156
-2.314626350280152
0.015336853387183911
1.0106613771481363
0.11775899261218944
1.1289244975853854
-0.20534504120636632
0.14498609494057213
0.11078360047432168
0.28404208844484646
-0.004102066113453026
-0.7835000637300454
0.11509606125701474
-1.082438139678356
0.799866411589399
0.7624642366604714
0.44304854521034354
-0.5397980558365022
-1.379780095071913
0.9670302490801393
0.9703697929480092
-0.0974348288058829
-1.3385977524709292
-0.21281061614690902
-0.3883835306493923
-1.1588204497096612
1.88822804370583
1.0229785553808342
0.8286755003893704
0.05486363333052652
2.0484692937560056
0.1857270246165329
0.7905804314315878
1.161550205440988
-2.8858359639879474
-1.3001587562307793
-3.198078383716477
0.8479167892963031
1.9717407866968606
0.4164050804958696
0.5157581881048365
-1.0242254116743688
0.9307048989747366
0.08425860760912855
-0.5896532159508391
1.4529325696778088
0.20623934903152802
-0.0321876127977926
0.6671098844896166
-1.444917567228158
-1.3906396753094656
0.6700663395835892
-0.9185148527602712
1.3010970643756206
-0.584562244921977
-2.7468564535951567
0.2979171113177452
0.3005553153860741
2.399813911756169
1.330724481339629
-0.6214459119756295
2.121536149681242
0.09129705096668218
-0.0029281917605347776
0.10728349134431903
0.7631880114425506
-1.188625336913146
-0.3212941402068421
-1.2051761426293088
-1.550370200175353
-0.1830010792325895
0.1586586522155246
1.066024871069972
1.4480592576024687
-0.6798441912618245
0.2353003252555042
-0.39114206959938363
1.5146144618594783
-1.136737100408015
0.30516652221663965
-2.5868652671315275
-0.5316466680765786
0.06025811559638189
0.5557731595952138
3.138156572683963
1.1037290103050903
-0.06910747624039684
0.5463007405844424
1.485909504215158
0.991790689295766
-0.10406467597082594
0.603083427901644
1.1522217859591048
1.3207276201798983
0.36825488604850193
1.3879577733386503
1.1700365371904113
1.1327556503964424
0.021622408003846114
2.4049465566221047
1.1970339992810275
-0.4154765112844106
0.04660810788421926
-2.1045499958659843
1.4561411745207957
-0.16449585896776373
-1.3327767011531828
-0.7753932357023853
1.4120365757007078
0.8852029884512347
1.9466513900577036
0.33224157788463554
1.392585768004687
0.5246890409048988
0.34472436523061567
0.2635105803076034
-1.433938088309476
0.22733037448156768
0.3940148993682813
1.5967841591323233
0.48232692854891
-0.40672110082444946
-0.09539639668325772
1.1153829919516172
0.23995613544585714
-0.0539838967613409
2.6989881665411493
-0.895132088489515
0.9366833066719858
1.8831213842307857
0.758888527986639
-1.0385867307573042
-0.15334160400116154
0.4400405892993271
2.1990059057638853
-0.5771324716656412
-1.3752989682070687
1.2354112781856716
1.427412125580299
2.2343722623254583
1.3438245451641166
-0.26931537067246325
-0.6998879469117165
-2.437104853397919
1.7698397762123073
1.1866987783053977
-0.335809881815733
-0.9689299987824801
0.932804794347226
-0.7333840081202161
-0.2741397050615976
-0.6648359534232401
-2.2208345263142504
0.9789842267132851
-0.8230495015004577
-1.6687794696875136
0.5098617405152652
2.2257575591792182
0.5524425205753067
0.4955308656860828
-2.893019412540622
-0.21768924908033493
1.1194264864458436
1.1790328865885793
0.26495197814670124
-1.2095614838083644
0.9259914061925851
0.2589149152274631
2.666520157735917
-0.8654243639459139
-0.6596804264666339
1.9202347668135695
1.6926626302142105
-1.276069339646043
1.5351480661902437
-0.2884524533268145
0.3052026437064536
0.3139123624621303
-0.9290315182203938
-0.4822402807899202
0.7844322851414792
-0.04028963546365795
-0.5896077627293097
8.300422290580256E-5
0.7405995871336121
-0.21184090408503126
0.5942323685754511
0.8518777423538082
1.6292851652003901
0.8004352421555869
0.8028484045009155
2.8951656949987696
0.8584523407756834
0.035941919895778156
0.68451893205474
0.0718088677054763
-0.9207146154440077
1.6737364606723344
0.1953939080773538
1.1123852117632784
0.6794139334783164
-0.8688387126629911
-0.641982105828061
1.2411800508976363
-0.14543275009815704
1.570528384774255
-0.45341169158612604
0.265315371227128
1.0840267800861756
2.5393215502590483
0.2661558659476996
0.7360711410818617
-0.424010421978614
1.8536102304075301
0.3540795045786991
-0.20415471049995712
-1.017316308869381
0.0822082119381061
2.300188283199081
0.11055416967693982
1.6687505585454157
1.5002412058965422
-0.20704225210515878
0.6182776739154948
0.9513745585712664
1.9062366212247333
1.3057625608014172
-0.2763161888911338
-0.8708032406570835
0.16607763333815811
-2.284750818033063
1.9873294802127963
0.3543673268248768
0.4633030971695003
-0.8745062024250853
-0.5641602945705381
-1.0556432798911446
-0.3054253619578775
-1.1634849617245067
1.0671101243516583
-1.9637278776790028
-1.1342298512000655
0.4528017357718675
-0.02072237764002699
-0.4108897811830381
1.7945776898968544
-1.014945204100404
-2.5594933999932086
-0.708007472464228
-0.38769529422213067
0.45702233075062854
1.204090425852678
0.3699965366645579
0.370343660595457
-0.6760781940655096
0.08449119140903119
-0.3217001678456057
-0.7421855137847952
0.8021954986444763
-1.2351285325802726
0.8331225212852765
2.3327747697483416
1.5487312325882425
0.08575542677426008
1.4228238548257475
0.11860305122522118
0.03889727495408602
1.48490712785621
0.4219816820425332
2.887588244070972
-0.8457481009389218
1.1265385092745097
2.6423331261308225
1.5849362200427286
-1.1972894724232641
0.021206063711800005
0.7906240965789683
-0.946665935405361
0.8397308695221364
1.3589238591058583
1.242696273208985
1.2613352617462155
1.1807432756378426
0.45823550932907414
-1.3603432659107761
0.08992663815187901
-1.236491708870846
-0.4817552190717656
-1.4446005613436026
1.8621888649078124
0.8932390741077515
0.6978457502554165
0.5639188881504489
-0.624185556883933
2.082703220419786
-2.1143804529721897
0.5942807807377031
-0.3654387798689761
1.1309649235827601
-0.2685911971093959
2.46175925501852
-0.7569631899161142
1.0194763922503602
-0.7816898735181288
0.2777440512560657
-0.7254419336943948
-1.2370139598828338
-0.9048795116506249
-1.4313908546486993
-0.9423840616020289
-1.0487682794408006
1.7816876424492403
0.1533162542522868
1.0161565442312885
1.0575734567794088
0.6273583932992446
0.5504012129666472
0.5891270692404617
0.5407602284432631
-0.7115687575241629
0.9526260405150835
0.07869198609718964
0.5205430606901613
-1.0363383511439819
1.4931332169516849
2.104152060367204
-0.5660690076702505
1.0209749223167817
-0.10323371836015716
-0.41856494086401824
-0.8055397372495797
0.983763431332901
0.9238446349128288
-0.7236396102975152
-0.2376983017654981
0.2347241831043978
0.8898440029899123
-0.23098014074820855
-1.7440527701015436
1.7122007666311467
1.4300504147816193
0.9298684356559693
1.9994328272475173
-0.9308180097884317
2.3893695234833983
0.6853626101258503
2.457677376379757
0.29886937395951124
1.3786403380587982
-0.8255712795595428
1.5136914981064449
-2.489572473672383
0.13009419796017221
-0.2716364466478417
-0.017224379892846295
0.8736345386418973
0.7235443435124832
-1.0635716083157636
-2.2390028594160136
-0.12561014143228721
0.03699177079519011
1.5664039393716007
-1.11413673692574
1.0798094734491182
0.5435654607550433
0.04580704095604243
1.8612566668077417
0.5374707413216829
-0.2751520586478371
-1.6069076107251996
0.9737049050119073
-0.6175840982483102
-0.56126192787132
-0.0697456550461982
1.5368141872603704
-1.686997910326505
0.6995060428629661
-0.5510754452919839
-0.7743261888785307
-0.5670204193438863
-1.9156504683841407
-0.9897693742499732
-0.24354868296945845
-0.3636080388517069
1.3803317929610737
-0.6069672538868569
-2.0575203250313994
-2.3846975219859505
0.8010167739805314
0.7151389128547994
-1.420143357530659
-1.917206830721922
-1.1529135276386877
1.7192619232302297
-0.40399798548085997
0.7550014771757353
-1.9534986801426022
-0.9972746375283421
-1.574349076837062
-0.1637664852627447
0.9651047711906148
-0.14640579206673024
1.1846605035323692
1.3287518048222287
-0.34790917943083827
-0.6299345863017346
0.1759004485471071
-1.1046921570521302
1.2873598062429172
0.648389832706322
-0.7569080576153021
-0.9209355384284481
-1.0314888976763157
1.1504184525748915
1.7201726405697368
1.1001446965635815
0.3840124055256506
-0.07387860685749811
1.9169413485796225
1.7196926397335415
1.8227626215947577
-1.3754183279085583
-0.10901289216080429
1.8717753826925603
0.13013366211471766
-0.3577236601305238
-0.7701025309550256
0.4891412601450406
-0.4565094204336986
0.024691802978125815
-0.17105787215209622
-0.154476786004569
1.712239599593563
0.7060441004991869
0.9472204257790066
-0.7470955779576045
1.6497007707168219
-1.0013335886894696
-1.8953450725116001
-0.2873439952768071
0.29282473110787594
-0.15585010090846274
-1.1664460056604378
2.2901300017015336
-1.933600189174859
-0.9102331087920538
-0.8526041803101444
1.5334832266765066
0.48002117076049794
-0.803928486953715
-0.19131903356201346
-0.9452838521080607
1.1363487850712284
1.045257250509604
-1.334021684908583
0.542919673182702
-0.34303765554932825
0.09707002115432622
-0.6596061451225752
2.4366901973030024
0.9838042770262659
0.3903922183742507
2.9201131889063867
0.5462540974988724
0.3662073591845505
1.8402964524818235
-1.1087439624851723
-1.6287452698695837
-0.19447944452729798
1.4139617741914232
-0.006482758326878418
0.23603611727281315
2.4658004949000905
-0.24648304030511115
-0.6891129886011365
-2.445785183217675
1.0488275001287433
-1.2800619139942206
0.8734472132335146
-0.09309260361557391
-0.2738205709469477
1.2707109111936614
2.2307880188361295
-0.034356112674267136
-0.7016131821446692
0.7871813454377821
0.9495564848675052
1.8242518196750122
1.0147024086225878
-0.08038707542066699
1.0993712118817593
2.48964868672754
-2.4198725092485573
-0.3263425718650826
0.9694938436267846
-0.6899419467905181
1.4073377329479788
-1.682671396424663
-0.5933058436301117
2.040911922031997
0.500744489640852
0.8936551322910473
0.49778493095485205
-1.2210058286314862
-0.7821825176615038
2.017980285010971
1.2214526337176197
1.5826047176869862
0.7431214894103857
1.1457954733624953
2.9973002171525485
0.2107503786792513
0.5581100621395936
0.3947324800253946
1.266831446238984
-0.8988546512484507
1.4100668975060118
-1.7431880273494154
1.7719623071905137
-0.5264485376528676
-1.0134025235630648
-0.7877738820380917
-0.005932417374981045
-1.2529675816221235
1.5946116681739997
1.5347801338913225
0.15413124697605662
1.3655652459429581
0.5971130953163332
-1.143171543869736
0.10009048844329238
-1.059416703565833
-1.8057350125932012
-0.9455107218252803
0.7924727429624485
-0.2572855142942834
-0.03858481020054744
-1.4675142273977617
-0.7889014010935831
-0.018955954400944438
1.800302769601781
-0.264544141792145
0.41403054799367417
-0.07849893468966358
-0.9481098652669193
0.43056338138147743
-1.9505834169959662
-0.26698925531064027
-0.3549168176732624
0.31839420248071804
-1.6359512313631477
0.10343913218031094
1.0411724000850078
2.1795348780882855
-0.09765418334373996
1.4489302966604765
0.7179751880135368
0.08772858952305507
0.04500218440048971
-0.44782636939981235
-0.9165896845415211
-0.1465399492502746
1.6595965901075393
1.8005688510541575
-2.58261949571002
1.3015638950850925
-0.24779167275240843
1.3856270828003188
-0.008902333868251587
-0.8914284529065053
1.3965485918737115
0.6175410454086129
1.57159056474526
-0.05372109705861494
-0.8238207545741532
-2.3698000302581708
0.9609617156287309
-0.5396428039894868
-1.1593320971061656
1.415457860316122
1.9413177174990661
0.2833637475316525
1.2447503669741105
-0.7360146260066777
-1.0951218182919797
0.10248266011929201
1.970023189712561
-0.7744208712224703
-0.18369844514791328
0.06376125421103467
1.4732144292250946
2.272002170412747
-0.913941972817888
1.4928909102425392
-0.027826227750391067
0.43992056255005557
-1.0955300324554906
0.8652137811185335
-0.6697548456302203
-1.3746063124960053
-0.1566327463397094
0.45096384222740593
1.943781889192394
-1.5408073191564466
-0.5395819095288081
-0.012127951890362143
2.1425213375592795
-2.228546879714237
-1.5060054869809507
-0.21786248817535694
-1.0328139177629834
-0.3618103036342337
1.499304355156264
1.4306065055122172
-1.0724601184816174
-0.35594653285634287
-0.11554341910740436
0.03607759992005341
-0.7087627831902881
1.8309875431059661
2.332005144145184
1.3286799436630425
-0.3184795167648975
1.9191445073750708
1.3787863374909928
-0.18331015490223787
-1.1809720092559735
-2.0425841976799095
-0.0018042163730788152
-1.4917142207647454
-1.4250597385168513
1.144381489414291
-0.6271711464105396
-2.510271086577543
0.8431542228009372
1.8579673199878906
-1.5999740131273497
0.5591849674456155
-0.3100913669516095
-0.2785964926172319
-2.556468214520962
-1.8791536969407316
-1.0201430131665472
2.2005004670413584
1.4756644498371188
-0.3081802039957753
-0.54298492098294
0.7002157003191802
1.0602682012036524
2.329246019559818
0.9770631185897793
0.4324678345064833
0.11307285397608612
0.2691354490678345
-1.3547272387173663
0.6359155329437363
0.7978047965258497
-0.5936491316617227
1.16431560849061
0.8479675553574664
2.536241762689714
0.9608458980088518
1.5724083920681147
0.06696009105430166
-1.2376887898162985
0.3310888577282891
-1.5427994536764593
1.3375964060483485
-0.9883745156667815
-0.04322606262597158
0.13173944025491435
-1.2258259347119174
-0.6972113700648781
-0.693230034126314
-1.4600234341358354
0.9725158273675195
0.18099221176550928
0.5211803540368272
1.2691291381029912
1.0236055136828817
2.3142927177653414
1.3935521961216004
-0.19251286275173268
-0.016653773033048047
-0.3395423583385283
-0.9724064018968098
0.3876033492865375
-1.3051180558564197
-1.2540124706256166
0.20716360915633172
0.805835703911341
-3.1379923699789187
1.1176485349877439
0.24150610363516611
-0.7055561934943289
-0.5523772410253398
-2.810234891526066
0.4247200962551381
-2.8894427592802567
-0.1280733360952061
1.3043608855141244
-0.2466732318442761
-0.3812219693442084
-1.0145216080897592
-0.5918644827291799
0.664502815274191
0.9351480524705322
-0.5333090678398802
1.6930066161791284
1.1377989378856952
0.21454744464264527
-0.5607444303246496
0.6953385548824946
0.5097873462991591
-0.2324664181401911
1.4806286218084677
-1.9438146078526053
0.6652944328095625
-1.2786366653042376
-0.3913409881569066
-1.4772662263089857
-1.9475081686217373
0.24358086698421988
2.092993798983638
0.44437843405782407
1.9088889711402939
-0.38500171912467696
2.024218004217616
1.9809487515278617
2.8772118004871112
1.4207576120464125
0.9155814062308892
0.7716551523403061
1.4038560018324544
-0.2941036148032595
0.42256141006856934
1.6251932865944778
1.9801697010210246
-0.13885842006972843
-0.4694668726584944
-0.466119768400559
0.1718450870132206
-0.4335774543820466
-1.0746571368518052
0.2824512968408132
-0.7612274502764318
4.030320840782543
1.2663965409766123
0.37963190597744245
0.4150956195586333
2.4204878757049753
1.2171527592877982
0.7659449864919298
-2.898248434363048
-0.18104334899996585
0.3940956197927008
0.9615918332795644
-1.1727447203858723
-0.07843367685701864
-0.2758571121321767
0.3748722094314937
2.023150269983778
-1.0063390783759814
3.6105560733630235
-0.09639782182217317
0.412641890280483
0.18000850393745332
0.8270766574477035
-0.41390568171609193
-0.7088715294879483
2.378248757825734
0.1872388291959221
-1.5114085031920084
-0.5552868819871921
0.9553396754427863
0.2234353003349666
-0.4953863156058257
-0.13929658664181813
1.0905975662647858
0.09177129905145585
0.15237666064000227
-0.24533802978918184
0.7414958133660903
-0.5313269551291987
2.5001144467420082
-0.8945851871115719
0.912352988666975
-1.4374709123242169
-1.2271190116428976
-1.4491841482821008
-0.29851534184205564
-1.0766458866119988
-0.2054891160194099
-2.083043639060915
0.846519720950217
-0.0835351010313061
-0.1066958930492936
-0.3887803364036004
-1.163116476283144
-0.7565369456675366
-0.08195814327344882
-1.7916224400948657
1.1681817175123606
0.5009271854866109
1.0275252645605766
2.4766144397194703
1.8788206294640906
-0.19847602859427968
-0.9094583217385295
-0.7477750947337689
-0.07124719335580579
-0.17584013842198268
-0.4370321958310904
-0.13396968110918
0.3933755710407209
-0.9233067270411401
-0.22480900476877838
0.8199868233773472
-0.9049191848097137
1.9170948287140424
0.02171529164939103
0.10778913051515597
1.4233865016338927
1.7656137266358853
0.2254338599432984
1.068172737644998
1.8113500239093163
-1.7289333728735532
1.9464650462316584
-0.30284808540350105
0.2545270212744007
1.2148419105683315
1.4555432957727898
0.2482225229076826
1.2471861168955911
1.194098974233683
1.8638342810086816
-1.243074978541516
0.6199050335101568
-2.0672937153759015
-0.6041693922294756
0.017147568818946503
0.48612420348917584
0.19658428205095296
0.6067617929708676
2.4320861752440486
1.3385549977560551
1.9696589699464662
1.777606750729597
0.5249219146498435
0.1107972675692604
-0.5385520903540986
0.4203737539037163
-0.2916515938616454
-1.3152244104729334
2.430988888203122
0.2794169858309725
0.2676264249967232
-0.12655557349636792
1.4391197763685966
6
0.2611452358726223
1.5720743464478246
0.06768976834072715
2.8791359188074286
1.8282438255484148
2.38090418054971
1.4497872823409248
2.5110834696522084
2.833118779095231
0.9821718227535043
0.6556274318377922
0.10931198021844143
1.1207378810182502
2.1467907179717907
-0.3058263082131143
0.9067416964242534
1.790329117132692
3.1634092582218316
0.6013337495024338
1.5216784610029845
1.4493838921638649
2.37194621106908
1.9318153200986619
3.27900800761343
4.0491709464698
1.7796166791671275
0.44279290388617387
-0.8416825347240985
1.5914364828556085
1.3125169570958801
0.7967254320223475
1.0064666964773847
1.3874126242357032
1.5596026896629516
0.3714218420481589
3.065868589955886
2.2386847887281203
1.6676614859992254
2.078555903047754
2.093453736631418
3.157834300827842
-0.24270879970480233
0.7559650518099291
0.9856839316597649
-0.9717499606032383
2.025386284079912
0.620348012890414
0.07862449629800149
-0.04485691319093835
0.9078278122878874
2.3268721258446914
1.9144939450765486
2.4011664736591376
1.2353312977595374
2.867763689047402
1.2442373783265661
1.7649086520711088
1.7578788507945344
0.543616313997718
-0.6528040502305301
0.7223859504027434
1.9028404153161897
-0.6258044554211045
0.16657344468700439
0.8155462810948277
1.8195336043979438
1.7571411177970713
1.3979464331899798
1.2279463127376125
1.5700257522071739
1.0809273756028879
0.02406672366408282
3.5976409178314315
1.1041173232717842
1.07771762125072
-0.5092144485935738
0.8535810560739312
1.6689853378102586
1.3008297851863602
-0.1597177297234
0.6145000201382291
-0.03527460502985338
1.3846424417548828
2.2350881952402233
1.6612244314906375
1.6750039498272902
1.145746532971607
1.9468494716551703
5.20222184986063
0.823450192522592
0.49531601615628146
0.9953464130857564
1.1612761064716002
3.7644027983071067
-0.00599655005318251
0.32810337837133163
-1.095270983515967
-0.880944970499615
0.9283099058914734
0.8836459664019666
0.11619439002142512
0.24962745305440623
1
-14.623561630212665
-15.361513930070757
-14.717687458899956
-13.14059282588667
-12.918511612856099
-15.17828231704865
0.7373845802598313
