80
3
8
-0.5318559292972234
0.6772385489901565
0.6575820297415977
-0.45679341262772843
1.419043105163119
-0.583858259373694
-0.2806304906555818
-1.2247408698873743
1.3062165721035874
0.7168865506845405
0.35068654746527056
0.5996625704023458
-0.18078712494353105
1.546708323396414
2.674407020756726
0.12127359518569619
1.2934763432033258
-0.7554713196159839
2.279597950064192
1.589229092971063
0.7976612300313202
1.5857958380585628
1.1518386021320264
0.653880258586437
-1.3466589228584251
0.2748480393597381
-1.0930266558079442
0.3820518684493802
0.9935560231958144
0.957569297673582
1.0170778605068707
-0.4839051749267828
1.0033571563268386
-0.20811066719197274
-0.19179945936558937
0.27061092221251254
1.432529063320819
-1.3692942384209337
1.543057054882294
-0.11302745148193884
1.7349286391433663
-0.029681574769816917
-1.2131249084272169
-0.3206217079606154
1.2179121168580656
-1.017974609925155
0.33978249618427303
-0.12315512729605561
0.6139258683778313
-0.342946602894932
-0.757858304476728
-0.2102781371334157
-1.080365367851674
1.470551010699246
-2.3078553600566827
0.04522669990818042
0.316894951906244
-0.02963965561230435
-0.9757516169970534
0.4587156577899076
-0.028777389426512794
-1.5171348595933687
1.275068185281964
0.8602829970864843
0.22484734628675543
-0.28362078682595
-0.13722622224801662
1.4796057448924602
0.9245574770623501
1.2893088169182407
1.731434749412976
-0.6924521095559372
2.0159414239316917
-0.5820183517843018
-0.388639752239232
1.7946430920870162
0.6179854036138748
0.29647233422723046
1.3600815582659243
-0.7487209285035307
-0.9219340904778046
1.579687358462761
-0.2814088874211612
0.607858448960617
-0.24446433633448056
0.0948180901454773
1.3294916877513505
0.9392304503596569
-2.8491182206826604
2.1330105535649717
0.9712119025336051
0.792034579469016
0.5674491987376453
0.28606534366868425
0.09713316837264249
0.8545205345813514
0.10194210501024786
1.0412159905473066
2.113230603728745
1.488575872719785
1.582108946695883
0.6730541509094813
1.5246340030339753
-1.0692168607881527
1.2613508757945366
-2.2001219065421
1.3902342566557255
0.8672540854859597
-0.9876527672266853
-1.3899474482574161
0.3797174770166365
-0.7919664392317136
-1.478522644201182
-0.031199803385768797
-0.22462018815720947
1.8078854308354932
1.239975901773822
0.023682078276353092
2.2019695596582576
0.08105089332764748
0.7143749018602507
0.25318197025487044
0.3498426866850212
1.543451192726007
1.0636426607607465
0.6324228900500786
0.2833680654899903
-0.888510737957363
0.5981083121845657
0.1308163241175336
-0.45235524759438633
-1.0828359926493407
-0.22905903667354033
-1.001018441471496
0.42083331668592083
0.9522029793580182
-0.7915264805142697
1.294676238506203
-0.140961904776921
0.42412638396721225
0.14181155473003268
0.7908677140163898
0.5625351547199581
-0.1421579749304315
-0.3442895988288519
2.0904903308510354
1.026394919636043
0.9781133693924091
1.8468852050947573
1.5476900882719942
-0.15168156035331393
-0.9173527996211681
-0.48501319700840345
0.620693880300009
-0.019724700846284453
0.27483537792497315
-0.6195537795309838
0.8880355423195504
0.42419288313515235
0.011900634482836995
-0.28684553399607204
-0.21449944837072604
1.0155474282685917
-1.0570225643436986
-1.0650915777577992
0.278095658789877
-0.7433166554804463
1.456291274686856
0.5411372121184853
-0.9793494381054153
0.804696749697846
-0.12877289058473537
-1.0989732490501187
1.6259400575284628
-0.8918463419461006
-0.8335442528051414
-0.933173153312594
-1.3293578119648979
-0.9494705366149103
-0.5856789759257847
-0.14965541604235266
0.5493291573913801
-2.630669868172723
-1.0384528174433216
0.21960459224460183
-0.473509008484873
0.07648991802071721
-0.6501138566670509
0.2643852403533952
0.7849783417496327
-0.0905120325865585
0.06291920386706934
-0.30670367371187574
0.022857804790225023
0.43597237955562784
-0.5823721989719726
-1.6042456807575538
-0.08431999565923631
0.06562238085615807
-0.8938229065935971
-0.8255272802741708
-1.9721573716524294
-1.5295530065713594
-1.0441930782675395
-0.09197694522436146
0.02096216281854348
-0.7900014811767456
-0.7453610506864471
0.44255456974608914
1.0356586523523208
0.27213961934953623
-1.1798243350595328
-0.9342173767324832
-0.5313506068778316
-0.6086355482828
0.9265049681287495
-0.43438591816607974
-0.7134885628455464
2.20473392602076
-0.20586959755195744
-0.6888123132883964
2.8214920833176222
0.9349142873038812
2.340921155692506
2.046183723209647
0.6601710004325558
-1.4648657518404986
0.5942636809705744
1.4268795208402179
1.7516236523861262
-1.4208898069196296
-0.7184161753188351
-0.7114684153781327
-0.5968790667220987
-2.1435555724186
1.4392891309840143
-0.5022628993945507
-1.1018061660650975
-0.1284918387328677
-0.24057552790590833
-0.338204459913614
0.0345323379519179
-0.1416612068008397
0.6329394965253979
1.4775259198133184
-0.09709594942397441
0.4119061651593815
-0.3378240614939744
1.3564601484769845
-1.0640109166286125
0.6444399417582238
-0.9157963494228035
-0.08998396536906773
-0.047141826944448836
0.32578457887222645
-1.1552484236716065
0.46366760463280204
-2.8822508342854216
0.3943563814713625
-0.7845745814487196
0.03991841523750997
1.6310336584075777
-0.3677003381903778
1.5021981016612296
1.4284673438525248
-0.4139540672186356
1.5813734260160919
0.27164952678902293
0.7681465348358804
-0.7600899307712996
-0.16075574042619545
0.8020325990441085
1.629000183139291
1.232443881460633
-1.6221836221307278
1.2758154703831204
-1.0065234488396146
0.8235181266592927
-0.20149171484377623
-1.110202806227905
-0.4712586531991396
-0.2884343650619662
1.1632759348522703
0.7124016233190661
0.7993659087251409
-0.6701670785565622
1.1242712377795148
0.010989360180359353
1.1781671076151612
0.9700667775735057
0.9420260585298655
0.9580616096576001
1.8008376860240727
0.9413627723677014
1.171348642089395
1.6242957845573296
-0.28460653024774635
2.1441223203069577
-0.51230107123287
0.8363504944293113
-0.26441557178244074
-0.30983352402063186
0.27339843265499564
0.912245384097154
-1.0565799254398074
0.4819853450743019
-0.5173333907893597
0.4832639207599337
-2.1655430268158464
0.7311222077223578
0.5482627891389014
0.03932835779399142
-1.3014674814748006
0.77027231895453
0.6620660551540115
-1.3668827126956675
0.7299657027830756
2.341599967946963
1.3802384978483235
-1.4002999568279104
-0.4439880728703587
-0.31953621453796605
-0.14222469586881212
-0.8964291780712333
0.2744829062771544
-0.1983086287178837
1.0249096787914487
0.08550415365961768
2.766605348582917
0.35277404708969423
-1.341524883564272
-0.12754877037129322
0.5897648351542063
-0.5825180378344008
-0.06442491046841761
-0.23532469146487284
0.6535375916315155
-2.1841059573240904
0.11247189795562791
0.2365376870696339
0.630000564658332
0.16384758011788705
1.894931850368587
0.8321994423595627
-0.3928844224434434
0.9282620439123679
0.454593720666263
1.117133064650012
0.6694610243856743
0.49744557756685653
1.443400656296752
0.5085031607558159
1.2592058278116842
-0.5716318810359846
0.39460802789015126
0.07805335257098286
0.6282998787885115
-0.4394492715603835
0.9581748817065692
-1.7799377060479884
0.5641022431676577
0.46145006736877203
-0.25610019005472523
-0.08664124743946552
-0.5503561126242973
-0.0491908177979475
0.25017500309877344
-0.38479223234767007
1.6485363537039381
-0.22609429889595858
-0.09893753615587265
0.9207118151722661
1.859616871666352
-1.4306147949433938
0.8829657278258128
-0.1477383003683559
1.4225038663375111
0.8584657191433036
1.2807918437864065
0.6255043136033981
1.417609020492162
-1.1494653723090023
-0.03979002409776024
0.486274070287196
-0.630517245354041
0.8289968749885858
-0.5450735200595078
-0.09253639518579068
-0.005367096859189863
-0.5181114897439231
0.43116094921356185
0.5098845274113106
-1.284305527490545
-0.15073309752830985
0.24503040564027656
-0.21036445507071286
-0.8822221121473103
-1.3121806153915585
-1.0208334264036076
0.4483100537559311
-0.33558089758689275
-0.040998267214149946
0.30934891338288584
2.1271978121068766
-0.7811312059849652
0.9068956996277392
0.36105395994757045
1.0383407564106037
0.8321181185806366
-1.797217748886316
0.8978033009498559
0.31697987190562926
0.24454959609683427
-0.044689249558031344
0.004140394268956517
-1.3789351531636154
0.7557338447586707
-1.4846366072559702
0.40062563768769976
-1.9529946454262506
1.081825729205563
-1.6380192278792025
1.031901570475732
-1.1116714101424943
2.036508195783048
1.8345792293976737
-0.9231881160916784
1.0904686977177287
-0.20417852066553027
-0.005215026056411826
0.2439208495381199
2.229102671503715
1.2707858150951803
-0.018196791655475594
0.5241401709111727
-0.3463319676836604
1.292304460088302
0.7645550153648963
1.499836372650722
-2.0441665580791373
0.7232478189941799
2.3828126718171063
-0.5824751423440154
0.519688803506347
1.132603005063144
-0.21118837382759945
0.48744356911045567
0.9484593668691615
0.709476909234581
-0.5766462873224224
0.33225739887423866
0.591480377782724
1.0003986493754529
0.057701186193535516
-0.17956880368530656
0.2801436587858614
0.7359565856684638
0.47272042919392004
0.8863638284415797
1.3208389715998308
0.9391785446010209
0.06569734604394403
1.5922183676514186
0.35555778988527253
-0.5026700678609763
0.17568710562847073
-0.6808148942679753
1.4492906993472643
0.8102690350652189
0.8375797974367765
0.7344784143494744
-1.5519715812771686
-0.7059429300592335
0.14886911130933367
-0.078687618204945
1.7114650337909527
1.044506282211468
1.2619584496216596
-1.7023882050117591
-0.32614686905391316
-1.263321136853766
0.9033330079985217
-0.7450804757467003
0.21093966368117253
-1.2033743602700642
-1.2727217060323919
0.10440314936071439
0.9895433581788534
1.0181369072681488
-0.3023582300799539
-1.2283537397963136
-2.120027259710558
-1.4355515675516837
-0.6603698190512287
0.028376621652889705
-0.9140365768559766
-0.5987929488881691
-0.8800582371650523
-2.8315962838188113
-3.077561862057407
0.893373427618051
0.28237847169666874
-1.8720303176471706
0.21841933652849246
-0.4965922647168563
5.138586550285817
-2.0964106246609404
-2.7531410123721365
1.4449508247914815
1.404567864357829
1.2696196114550466
1.8978968178459514
1.1260664062867896
-0.3846057195352154
-0.21458933625412877
1.9875311507531663
0.5781503200058524
-0.4974038540797768
0.5102870369126199
0.3340311268596828
-2.2120039944842733
-0.489759151740636
1.966867372811144
1.4441127919816912
0.019504376948124853
-0.7061555555858295
0.1545834744150231
0.8087356424877602
-1.021472482931864
-0.3299198488036695
2.286553851530449
-1.0195815080090995
-0.5933447168818619
-1.013281808292456
0.9938619423469697
0.3148751709166249
-0.013102443123074565
-1.3841266689613632
-0.22558299892610664
-1.014645109066925
0.2103252048503381
0.7193733998564928
1.0585413803284132
-2.492335866744305
1.3445973185317066
0.05706370718518546
-0.5422803468887613
-1.032263182869872
1.442089483571481
-0.9425311800815586
0.2794900748736984
-0.8256518043018524
1.1755910697230312
0.19212659836417895
-0.4447260466644946
1.8634332786329033
4.060026236976673
1.4048702288662582
-0.40443368052740386
-0.5007416820179361
-0.5959213907877625
-0.8635101463505983
-0.5404212327123852
2.1029798109238222
0.22344552494764602
1.4069826400999499
-2.5715928477591126
-0.42622541940659636
1.0916670387648253
1.9062024031068716
0.17688940362251776
-0.2835437673500361
-0.6331107464709256
-2.4597727997087975
1.3572338767699947
-0.2839010029062312
-1.0009318669719198
-1.3009167285490175
-2.0410928388481966
-2.2453215322743967
1.1374117984369791
-0.6464797642709192
-0.7467967343850568
0.2612634702253625
0.22963597815856465
4.0602121018606425
-0.6246148551597898
-1.675901043668529
-0.4250963597424134
-0.4486841548356133
-0.44486407892319024
-1.200833976298981
1.0239322746104786
-0.2657489609838298
-1.3962746644919444
-0.230210343608597
0.4954929212963142
-0.9607460871778422
0.3370583351482973
-1.0907398993381991
-2.098740393861509
-1.828279846555232
1.252188510722274
0.8471556768775674
-1.9471065451603915
-1.6238987877244708
0.9867319872796859
0.7295633911162341
-1.3532432083322556
0.4116555061518441
1.3029808346341396
0.5604867030063777
-0.5608511554778103
0.6796925960284915
0.5927650856383391
-1.1865141760177298
0.2892867325711432
-0.3478198032311142
-1.598810004590727
0.19026678975182415
0.031191090290059436
-1.1937590624639351
1.8898769711699486
-0.8023440080367237
1.9438742855136302
-1.772783659841852
-0.31944934343240955
-2.3070344846102473
2.3168792578083046
-0.6028369363990757
0.06153894706138698
-0.9881904105632595
1.6661198306521783
-0.3620809757954025
-1.1393606395551132
2.453087675693646
2.2591310812706182
1.202803976863496
1.337231218664114
0.6705525309712423
0.26413015153986624
0.02669347147188581
1.350514478929524
0.6395663852736254
-0.020221142303319953
-0.7364037470459313
1.1251075503724974
0.23318479313006904
11
-0.3277983659178243
-2.4022352924361683
0.1263858401353035
-0.11797351347274661
-0.2892519498967446
0.5639560449484611
3.6006106424535615
3.6443025531772277
-0.9581107193661658
-1.8574293319912951
1.0743625259225738
-0.04539898562589148
-0.2150171130427764
0.6653740192585833
3.8225833724404943
3.0587338147169976
-1.4398475296373463
-1.7706101894495099
1.8839095618151582
0.1692042710455167
0.7243112530872859
1.3960585716349803
2.968648340681818
3.566687530900038
1.1695786646899873
2.324098849341085
-0.0861308452514224
-1.5283388500495925
1.0588242774469458
-0.14188967147931913
-2.52203179208996
-0.5053663318912054
1.3188697355177084
0.14340594863111436
0.48856710568349876
2.1093199017987274
0.6276607091998375
1.8549812163269066
1.0848917894483259
-0.7646338229483574
0.015071884062130034
3.9235707343225585
-0.058807527829229066
-0.2805074173985764
0.5620598705395274
-1.3919074131789415
-5.029283888393467
-2.8121238822799293
0.13121838401930666
-1.73437846938686
0.30670244090921944
-0.0988374007229996
-0.5846978210017376
0.37907857960140184
3.7953567595444073
3.1250237072785634
1.4467142160394786
0.7108691308715103
-1.2362044459398551
-0.16851100581064463
0.530988739161142
1.5317084848254776
0.07269283344563575
-2.2215245534456365
-1.328779762920123
-2.014475430173696
0.5971288640002964
-0.2519931400447949
0.3293394457185422
1.238255609449448
4.791776445117154
3.4444962299400386
-2.0373272176146933
-1.3527907918589706
0.5469314803859624
1.5365628851217483
-0.8985261676548668
1.0393150619607028
6.849296546829235
3.1964299139987458
0.6888119599231418
-1.0464303295303805
-0.4217582536215706
0.43323138337735867
-0.6476013626470588
-0.2886927293495077
0.8607092744143293
1.116969130014381
2.043718243732594
-1.470946566340936
0.9363539740849544
0.591297781230155
0.3312864454783651
0.9968589845355823
1.527699622160652
-0.15166574595464502
-0.5895838216548565
2.021722734105269
1.5432203229616397
1
8.15743883851163
6.095036348100715
6.444053943798497
-6.155020200739897
-0.8051759465838912
-9.794340194064393
7.932984586790909
-2.8727424738106984
11.403494502099985
11.619341637608564
0.9582060645143239
0.5101564987977043
80
4
26
-0.9359612340799708
1.154432717181436
0.7006460867714085
0.9448179212315194
0.2629970489606001
1.3299142905857477
0.545873649725926
1.384675771091014
-0.3041048540486979
-0.3949111714807182
-0.1936652158736956
-0.032884620701205035
0.989229617102536
-0.1724584588004856
0.3954332218940848
-0.23147003677394018
-1.274419367139173
0.17418528878623044
0.4998315758698314
-0.002503872593363099
0.7992248647796654
1.3935918029685956
1.1043280945569525
0.3393652840465591
0.3540276350717106
-1.0919918710498566
1.3111818506404878
0.5099690025236817
1.3237780742862466
-0.2566970811757337
1.6200201249546424
-0.13451863480407694
1.1816682860958698
1.4687978921050162
-0.016072276382260484
1.3337842400442632
-0.5602631507342861
-0.22890554445541472
-0.3804906001348862
-0.4323894696362928
0.028182061477878925
0.5569720918150649
0.9716705779742741
-0.8207557107357872
1.289608442916649
0.44306905084580317
-1.6205711860868428
-1.382533251489324
-0.6357360232958181
0.24003917234894018
1.4832688826240816
1.9485704007498483
-1.3221651759020794
-0.2374951980938446
-0.8742330515420823
-1.1441927606436664
-1.1381450374362827
-0.6878753832434064
0.17152885857131644
1.1430127514384818
1.4570350687831846
1.6044635841815513
0.4482478128856559
-0.13818659132466604
1.6016058148482266
-0.11589326892252065
-0.37790709750349327
-1.8120497861986642
-0.05603137634489998
-0.19388617685215492
-0.2554434506996016
0.36108340616334933
0.8718753678301343
1.7163291173618909
-0.3688857954281563
-0.6863527371948984
1.1660075884719947
0.1958866610472676
0.6811789938028149
0.3549058376218968
0.3454335442297186
0.7907973415142554
0.03565275418193753
-0.7659053214858882
-0.5577688257180099
-0.331447199229665
1.268111621664941
-0.4236751350519086
-0.43322639588244555
-0.5818006460104463
0.63776677853777
0.7664329564778596
-0.6296306293969306
0.9554756037711998
0.8080034152963596
-0.3186868268178483
0.41767048628136827
-0.38789903272723225
0.3709610267517972
-0.8798905120587648
-1.399417416967397
-1.291347449786661
-0.146333490982703
1.5638926107960711
0.9948489878655493
0.7785092446031529
0.4445430386699787
1.041546163181555
1.7401641310085365
0.6611761605861374
-0.06377045669679533
-0.39261649986842073
-0.2348464912370918
-0.8789874796411234
1.0069423529012556
0.35242438166408907
1.0234743289127748
0.041615529471501114
0.7245612531270187
0.16256540811797457
-1.125375960584176
0.6920938527985323
0.6704938472843449
0.622081863614143
0.1418669335195763
1.7331578731604558
0.6373589817355101
0.08154614911621952
0.2067780632057495
-0.40618298211591075
-1.170966412135367
1.2166096939772009
1.159241494675661
-1.1235226193823415
-0.8401106949445436
0.3945721021069239
1.1920400841708718
-0.0878184838877054
0.4552891375744078
-0.2842927119895613
-0.514091466331426
0.9915683038635075
0.30390415694930406
-0.04667834481917811
0.4013277930533655
-0.5994685712882022
0.6131025220413897
0.15838207065523985
0.10528857623653456
0.6653124573569525
-0.28843257554182394
-1.4496636250305053
-1.2976861528100914
1.6758365283695178
0.9707032919485199
-0.6791707921011377
-1.6558983236583216
0.5937451565394155
0.4031372106517784
-0.36958646486983054
-1.2793632151294774
0.6560806702052596
0.3806353784633327
-0.24970018217063125
-0.5002127894546757
0.2936963812930876
0.10119744912865884
0.12038240180611104
0.258847137424204
0.3856655240701859
0.9849663461192923
0.1552188303194138
1.0958682380209617
0.3585364457619668
-0.2246875198998812
0.6487087318032739
-0.33238697847730114
0.1890009124728245
-0.14307513425129742
0.8371508095933582
-0.4789504595180655
1.3092131918989174
0.2782013753007396
-0.25894599822607905
0.58714972271579
0.585985697478961
-0.529768352316125
1.945327925913201
1.163468335469758
0.2780071852888611
0.9267275362556558
-0.11118362615627606
-0.17857609214333658
0.6284067078004786
1.3033930277534802
0.35953174978620045
1.0728930752191783
0.4352187195886998
-0.09408898095169359
-0.27059511643215
0.7907903050314846
1.2109477077609585
0.24009501475701472
0.6036476760586853
0.7963322725147576
0.08410693848068451
0.9506503848890279
-0.4409282147171943
0.6932460008159769
0.3341009982704202
0.7199289526551396
-2.5879728521120047
0.018631701754228867
-0.08847066384699731
0.8502034105636208
-0.4853209567282707
0.2691054853112611
0.9769796885016855
-0.6868745171295848
1.4360938049706098
-0.6441197415555072
1.063157017703809
-0.3209829860835136
-1.2332142587307933
0.08561525082164365
0.4498968362147091
0.2527866527434586
1.750038371631522
0.19699812329261518
0.9212675278366343
-0.9498694870446897
0.47477617066927896
0.9107357942769512
-0.7975729160634498
0.42717194641163114
-0.09662746983881458
-0.09978217080323173
1.2687268166842294
0.3623156284880754
-0.008363820674322064
-0.17617259543812552
0.9195199025467473
-0.02210507234638956
0.7175696291560018
1.8981263480367778
0.6117921294745625
-1.555320245563129
1.1723400605239236
-0.37316587149800295
1.2116019402402358
0.3399862836962547
-0.2558089247353237
-0.1673132586370268
1.2381487265163373
-0.42273056043529955
-1.004428425168949
1.5679215024570359
-0.37919549622672666
1.8146558871317315
-1.277441789319293
0.7445587875026605
0.30524504321269313
0.065990902093595
-0.2960957933303519
1.071028783434783
-0.13331385325210304
1.8888580531139199
0.2504274804457576
1.3318550630422983
1.3077015129999758
0.21706781585106338
0.05064458402500462
0.3886663610146102
0.4042200823839434
0.8899187833290213
0.9032149130405565
-0.5500784379401251
1.5141058905082931
0.4553656930016471
1.5713844589918884
-0.2175906305401688
0.08084965256546915
-0.9948834719352397
0.030835463194147136
0.6313879360145521
-1.150989156362325
-0.06409001687449857
-0.7428949398670717
-0.6661203771846559
0.6599996764415262
-0.8213127287510642
0.44000470973290107
-0.10269097390862482
0.003451101239886966
-0.22334031140094043
-0.6135917199445623
-0.27213952181711326
-0.7959314589042285
-0.5456986093604416
0.2677826263617179
-0.06693053274201603
-0.6693101792914121
1.1217477010518242
1.0254059114426641
-0.1776189792126764
0.3919840512945057
0.08267600499529836
0.09440556073135194
0.009070660470880204
-0.05839391680330733
0.6451344842905788
0.22191990527661795
-0.08706325866846923
0.131485525784316
0.3787403534122168
0.5885119820422303
0.30701320338782
-0.6292633697073658
0.2584410901634081
0.03669668422235986
0.6272567902360058
-1.2888635694031194
1.4161265895787998
-0.8895334561283251
1.0827441343769346
0.2817873962412045
0.90389622438833
1.5401400508983254
-0.9894314533785346
-1.0446758224137693
-0.6640557924817103
-0.33049539677872686
1.4496106765703916
0.19450518679509965
0.35978464913975494
-0.12148747622972168
-1.2287541541739633
-0.4582537830885387
0.1158627256059097
-0.6066230178452928
-0.19088385301154331
0.12781466251386703
0.44945886857729395
-0.44934867317707333
0.5657622909894008
0.6964077366869239
0.11497841689096233
-0.3377419574487023
0.1424862600939192
-0.859582681892185
-0.8014197239882537
0.19434565953638316
2.0426128250182782
0.7001893125379508
0.9042602073521857
-0.818788171703362
-0.24747258522242252
-0.5077023086074224
-0.6124667606195745
0.4838345591916841
0.8166328993315036
-0.23538185991216248
1.5234851897363455
0.9519341159845891
-1.185200769862977
0.17685749511351345
-0.37598206117503186
-0.6364240583323302
0.1573779365152954
1.9474490444755927
0.6813356917375583
-0.0901827777975805
-1.0972748371441259
0.4181511028800127
0.7651840857113268
-0.7986318699268162
0.3448177675125412
0.4027554174881869
-0.948227566210462
0.6851840056993913
-0.9414386590940701
0.4285694535273137
1.5861033783682832
1.0749217024308435
0.020426730794586852
0.1832521256385994
0.6717075941745405
1.0762384841806196
0.3831918744773871
-0.9594457242599377
0.8555332588208527
1.260672945423346
-0.25890280733797855
-0.7570767632879297
-0.6798457637720967
2.331736521648457
0.46188269806160986
-0.39042477656582764
0.4474835911391317
-0.9564192687115116
-0.678971441774797
-0.430139036645904
-0.6030089503355881
0.4919790241508777
0.4899176240279098
0.7247092563456136
1.4978694461173674
0.24742127181689388
1.181668113161338
0.7347581974706492
0.9363935326531959
2.07532947304417
0.9771495647082076
0.1076555570756787
0.4670565346473942
1.053140146207551
-0.4019049265353655
0.7081165222590324
-2.067484765466442
0.531644299410148
-0.27227553499734386
0.8479095296049949
-0.006844143422957187
-1.2962104318583998
0.3495019524712863
0.8446538283111772
-0.2130104580844559
0.1351575760306776
1.8735063742042914
1.383375838879305
-0.27819067409380027
-0.10348955525733945
-0.5346583065278798
-0.3443503230280479
0.2188704370524066
0.2726348608605624
0.8544409852052733
-0.1692728963647403
0.631226346243394
0.10907480176755148
0.5758158840165268
0.5549702681374348
0.7392182811134651
-0.41990493149453534
-0.3934148764387363
0.0027432587295574927
0.5236562318573573
0.7252512219622946
-1.489431031356175
0.6915643924077252
1.7986032741288107
0.8951015192167339
0.1430193761278694
0.42070195466722565
-0.4173412862224414
-0.30923819732536406
0.4550547767298761
-0.8340506843679808
-0.16184753469691338
0.571225071564497
0.45953732954220833
1.500069886034833
-0.6444624643182678
-1.0164985748629107
0.6910970694207164
0.05028958218063873
-0.5657691728005843
0.1308418178212925
1.1598998242965974
-0.1331630158895198
0.7877641038848352
1.2512170585825748
-1.1132710391315606
0.3136574293947088
1.344857925722757
-0.013106214003340722
0.7387310397162532
-1.0368882910012363
0.363589699053596
-0.277079194435643
0.7174221993113942
0.07938634620394164
0.05329052120378429
-2.2424070488154
0.21884201945298526
-0.30767808679800973
1.255578934724376
1.444969395196242
0.054874520976319494
1.9804925261873907
1.2534172016068525
-1.0465018652331448
-0.30809786078912965
0.2878399281226825
0.7867899911076784
-0.5463328354863946
-0.34643005617240386
-0.602621433786074
0.54651719417881
1.233016800665529
-0.25707414075920365
0.14958841710011245
0.018678486563162927
-0.005501961831303838
0.042988438617598934
-0.7000953539277269
-0.08088546472297564
-0.14128014161270375
0.8503188318219386
-7.559702286381725E-4
-0.0074770562376177754
0.018145235307047175
0.3107322946746979
0.561010531738232
-0.5543938373064033
0.7382372380927342
0.25996213089891584
0.3408884112661865
-0.27641679113529316
-0.2852083126560376
-1.0936623639968057
0.20604196064796604
0.45639995173805176
0.7032039273724252
-0.1639690171970072
1.104224670408039
0.1812705880744197
-0.11357112371774249
-0.1169293573908809
0.6169214135265444
0.711830957217356
0.4905849179054308
0.07052128698313113
-0.34431188661361334
-0.2274257337672612
-0.21537938500407322
-0.32595305051401513
-0.3389367030107462
0.9023201010692148
-0.7625340663159407
0.07153198322806585
-1.0544016525863737
-0.14329141548035898
-0.5231901561284972
0.20079190065776809
0.4605674464956547
0.9763901903486085
1.1661287978510297
-0.37668423480412094
0.5907007934869141
0.7584854671523326
-0.3025439550374588
-0.04754991016670702
0.4676822562149881
-0.22788680820525004
0.9292166173441746
1.4916070601376672
0.7758626737787302
-0.4433656045242837
-0.6137399915121283
-0.05622061828285642
-0.19574823342111494
0.9258516748099878
0.5118364487022927
0.25060254284423095
0.3447333715668134
-0.5930866661757145
0.23967188425423616
1.782915929466954
1.3924914548875913
-0.08835244960965838
1.2758246904356891
0.985276698466607
0.183565179288793
-0.002591786777221841
0.26026127589875875
1.3505489944793685
-0.9203627640785303
1.2616813093828865
1.1356322019761071
1.1458104010702204
-0.5523588199673699
0.24581636401399226
1.1464857951718075
-0.31594693659238093
0.31323108564537416
-0.6387698389783212
-0.12397536976888768
0.7130641214554791
-1.30365120759054
0.3385409924777085
0.2530399247906731
0.5178366270258903
1.426804123386337
0.2573087197709489
1.7271171807628647
-0.6322094123725941
0.8973238361990369
-0.20772188111491457
-0.8083166263620407
0.12320973662910842
1.6350088939590115
-1.7028374299502944
-1.5661171134207228
-1.556084461851877
1.276491869775629
-0.8237042653947227
0.45935028527437305
-0.11587723158032502
0.7386485401213312
1.4947906679659104
0.5251757383470711
-1.0210320048890038
0.21441854538276595
1.5351140213377497
-1.0393758129396242
0.40716428035225377
1.499827647848898
-0.4401604895498929
4.571745651931313E-4
-0.6869918089266894
1.052365558687852
0.2931543997322701
0.15526785290681472
-0.007411456916669763
0.23507516963167954
1.447626304981799
1.0846927338054968
0.5689367829731911
-1.1241346500318525
0.8383899916142399
1.3626941225993072
0.6063861651460155
-0.08731284791659145
-0.41730869922775793
-0.4029438749470012
-0.1399792998474172
0.42428657290818844
1.453982826344012
0.06495195173470121
-0.5222260463310122
-0.24023981836896557
0.7893589765011276
0.6012333059458322
0.009345930483970574
0.3276694632855541
1.699005563733394
1.7741450506115846
-0.2183430976112447
1.3435912730459598
-0.9437124260399546
-0.19334321466158305
0.48949907702101936
0.9322591287077835
-0.1715784111147664
0.14646920169644667
-0.3856606757427637
0.6090618509852711
-0.46258397048132865
-0.9047854799563666
-0.10281214384464007
-0.29600254361751166
0.3425411095001342
0.3371853635085262
0.40774453174290637
-0.8013944925807123
-0.45062692404855625
1.0327911764254345
1.2951136862769028
-0.10010162079015619
0.050525386292761904
1.2267803979700802
1.8134859482677943
0.5671941723770281
0.8604999600244234
-0.6157167059773114
0.2977666239313602
-0.15695401303174045
0.8984344000618255
0.20372669665230528
0.8524433314987947
0.3364414741438815
-1.5800961045093642
-0.3276029366195913
0.31283351475759086
0.9977463005073282
0.7342357411806681
0.8729003609081826
0.7180387701559512
-0.5827632125051537
0.8157099025703289
-0.2333263939064019
1.0328267822296076
-0.8344001581458197
-0.31318929271934337
0.21819928733429414
0.7957292346931434
0.702386616760063
-0.09490437887063963
-1.494213942345819
-0.5138446627518735
2.607341610586349
0.22471038275786326
-1.2568242525826727
0.10542265079735295
0.3763700179962579
0.8285423210756844
0.9738672526785834
1.9063194185720398
-0.49705785408411873
0.11865260773182884
-0.6868673125093522
-0.08939027833700267
0.5832510078071208
-0.5573795816551362
0.5078627329919455
0.766072678566292
0.2688474770773098
1.1312317959376528
1.075604788263633
1.3028558693495347
-0.9034515638861714
0.3314075916372724
0.07611525615707898
0.4935023312558053
0.08040355039260572
-1.1141481187818592
-1.0568959885762867
0.5144903558503747
1.0422569294818207
-0.5957859907657732
-0.06958034307508718
-1.1090572484216803
-0.6430045353818451
0.6099088535646385
1.711371467471072
0.15980819326825757
0.290975929447825
0.375749979997162
-1.0659133514320625
-0.6917293767377511
-0.5663714211508686
0.24150803036669183
0.8638102695904627
-0.06937976794016484
0.062448300196116524
0.059219164226992166
0.20100613450722948
1.7120065060664995
-0.4848986395326526
1.1510839577072705
-0.4619911845159809
-0.08236783775915751
-0.1762244082134472
1.4196996831289161
0.10716623281435195
2.3344440699655356
-0.31412484530237667
0.5428047358395197
0.5590847290036027
-0.18132820013475345
0.6304942341710584
-1.345308354682364
0.031620947412670616
-0.26312472996607134
-0.35857667760162976
0.006096124217977547
0.06932938186016202
0.6634601047011841
-1.1794267888832253
0.19448285361811096
-1.0257760801886961
-0.38194997127951674
-0.5161143991999978
1.0256684956688302
1.7880828260236632
0.5647808750695632
0.1599571923652654
-1.44341542697461
0.4619999583786327
0.4324291136051753
0.06687604899986244
-0.7366382723835931
-0.4067590538061504
-0.5037237468352928
0.5174768337554844
0.6522916599454752
-0.058499283900247334
0.4710212256300509
1.159575006625233
-0.895993884468164
0.984903605884354
0.09684393579700237
-1.067719764386456
-1.0036652035289058
1.6238769619292184
0.8320576760438099
8.95326326626214E-4
-0.21443918766241848
0.49649409983096376
0.7133678778051497
-0.21653277623697162
0.38109037772144017
0.3172016801900353
0.31221863271275213
0.3430023021360512
-1.322778162807933
-0.38935732309563875
0.8546839187737726
1.0008460020624024
-0.512561569837692
0.6372610375223479
0.4720325773364221
0.8221585172030306
-0.13603499696325994
0.27884183410292074
-0.3864719914265275
0.29585475091822233
1.1405544439808402
-0.40837401230190096
0.8647060369876857
-0.18088054282494265
0.11217059080505686
2.768918446438564
0.7821680755796314
-0.3218582637769584
0.1979473926361192
-0.6419503088418788
0.36745485175678017
0.17266543260109168
1.1676448076364498
0.048069610106483335
0.16963607206603526
-0.8486316223527208
1.4640070787876531
0.8030906964825448
0.3000149029756788
0.6865380087171692
0.7888706273757283
1.188014780454638
-1.2171993281989753
1.1154886708352907
-0.146876185630702
0.4871233992129059
-0.08275832571058359
-1.7750909739515672
-2.0563950042150814
0.01904145310236319
0.7792893783864495
-0.021736714607103694
0.4620730826311287
0.5504259473295925
0.4182848533495108
-0.25589774504762025
0.7797146386009612
1.2464873299343637
-0.7855942088408032
-0.6128527092358468
0.8684997644598202
-0.478037114927186
0.704782604621681
-0.43795922619941663
0.26191261877404154
-0.8618227814454953
-0.6352694603031296
1.9869450795592816
1.3615847814769833
-1.177151291538848
0.8658496675918295
0.8328247329066514
0.08935914705353833
0.10077888779385076
0.7298925924625603
0.16593426970233188
1.5228504957942581
-0.0545419860394124
-0.3398640625826219
0.768088178575507
0.49068321350424543
-0.30891850893623696
0.12532995383499454
-0.8062979243096735
-0.5980604675699006
-0.40485536428657265
0.08338831677810962
-0.12139685056447073
-0.11700943731005106
-1.62181986142374
-0.4616276374498937
-0.030633670731168065
0.08655556072463733
0.7204201892609681
1.0885475714576274
-0.25524595076329953
0.8648431548158235
1.0127574607792753
-0.18293235647602943
-0.351145244200984
-0.8854132256952378
1.7767719618163587
1.104670080016875
0.7794662795346412
1.3113515139019707
0.056808729489774015
-0.11114911032002563
1.1982216891911939
0.8138395674891601
1.1225805469854842
0.45009359738065896
0.7205729968540205
0.5054560427256028
-0.07436521499826464
-0.6173574711789183
2.1484899202824854
0.9312513793536231
-1.0110877314057474
-0.7710533740353624
0.22654120613404033
0.291457551954425
0.6376785304320711
-0.6872137315618319
0.4401101846729133
-0.6336147867878077
0.9639117314273733
-0.3882965919957442
-0.8987803252722512
0.8501564153837652
-0.51102782401795
1.076491108993772
1.5098638653402463
0.03295752798636904
-0.5441093467225209
0.13719721908841778
0.8241571411469344
0.6403586918496826
0.30248459425350155
0.5577937377416621
1.0454321452908688
1.2750186116521118
-0.5330034726954024
1.2511820554315922
-1.3103260859869297
-1.7253245145271174
0.19020442417110645
0.3966308340659417
0.23389072823556623
1.0671733356574666
0.8092401576612267
1.3252230719115545
-1.3948081384316398
-0.15127247549481676
0.05387462893340668
0.4800314944062154
0.393149592651816
0.14400563188760318
-0.08880626582877847
0.0025663692146984107
0.2050157513404617
-0.2202595488787367
0.5888692857073204
0.47393820817770943
1.1033715905150576
-0.9652308810944792
0.37104402671195447
-0.02584312246266264
0.2735731019756214
0.6645498666885383
0.2543749489026491
0.799540616660387
0.8316708543172817
1.1758824108560262
-0.06208630907710387
0.267091393815152
1.207325996879914
-0.03990326610549085
-0.09272136314239726
-0.4738543167381597
-0.22691389013442714
1.5499751935104802
-0.005956624700751238
-0.749469588159447
1.0066597435741715
1.7095501421170667
-0.8423596778925955
0.15090271353265555
0.40860273724466667
0.785790697297249
0.08658843982027854
-0.8534110871952363
0.9107392000069133
1.1035178619249666
0.40848109875952204
1.2771960849008048
-0.22203574362844136
0.17748872093363388
1.59171317775267
0.08454085846503441
-1.2465823130592644
-0.19067273592813178
0.24861633737100844
-0.39558144330042017
1.3101750400553458
0.8876545472786403
0.31447999547370786
0.4779289130271247
2.049187541072005
-0.5937147702941257
1.605811772903105
1.582527644870553
-1.0163026043691512
-0.636382926596158
0.12045071055342865
0.5888404500250475
1.0735755749368892
1.7000634367141267
-0.2959146938231904
0.9011896236913506
-0.1379172846214389
-0.5477288070096461
0.19119206715436945
-0.03694727833961895
-0.7669075642635507
-0.5921355329020435
-0.13904148953173762
-0.4572728862166882
-0.18332177251596854
-0.19002361579726953
0.39529203878709024
1.704608558675597
-1.0942070798579084
-0.0037794115564027883
0.673559786560195
-0.38598963941094244
-0.9116816791973482
-0.3142422995041228
0.4315134309638447
0.014113723506217854
-0.5679226484049128
2.277874781191384
-0.7954642567221432
1.8014953326163836
-0.2213410243335496
0.0666217451806081
1.5084139703673962
0.8070925666127361
0.8271199139183274
-0.18190016043972532
1.2044158028510603
1.5780106684281312
-0.16440429426318007
-0.14736240357872749
0.32621574862841957
2.214939436927953
0.4881849915577204
0.053456302853898366
0.6809997807520488
-1.507756573041101
0.5697989882783485
1.7088999358274206
2.291451127134294
0.9092398949156789
1.0240833868057044
1.1542198769604992
0.8750685472859414
-0.5254084996326424
0.8505962948437917
-0.72865009866153
1.9138354712038124
0.2083638411843317
-0.13451735329355158
1.180975791624112
1.0820547686575797
-0.20082929567058525
0.9654799029737338
0.753375141351233
-0.474862704139997
1.6158850930837327
-0.3998920845517359
0.8047229612403535
-0.8496926465624423
0.29235680279876786
-0.326162929456028
-1.1026667015193794
0.1471554839884231
-0.555310552589465
0.04827199877171811
0.2807108734789774
-0.7158293983606323
0.008287505033356853
0.06065390430704416
1.0988495695910279
-0.29706108581209767
0.6296606596573857
-0.12022251021236184
-0.6157004975869741
-1.3648194738401256
0.2632688869697074
-0.3505489760064858
0.47638531644942717
0.34744567407647126
0.5094618900011845
-0.6587561978208144
-0.32227921083907474
1.2727191310588162
-0.5956556871652313
-0.9956542786300571
-0.4755999765026281
0.23062492402187187
0.7539872915583987
-0.5482899683324653
1.5108783663689387
-0.6691299495544778
-0.5687709301442492
0.06857487828263639
0.3832422123458269
0.7997622072495622
-0.17572707546278218
0.61414923939504
-0.09807160279465296
2.252835703422062
-0.7985386328430828
0.1706290791468909
2.175884003571978
1.121021450830647
-0.23210011747278506
0.3448085127093931
0.028306669838021423
0.01167680416351563
0.544274948807871
1.1147969319747166
1.0165730311164187
0.44367144490676447
-1.3855965381590014
0.4521279671229064
-0.132646948410264
-0.8313854592191925
0.34221221514120503
1.2678126990968601
1.1488896391855488
-0.10389447625876054
0.25758692142087286
1.3096714239116338
1.3252897836422044
0.15474867814099097
-0.18497695338925535
0.6719836725319142
1.3222648213294232
-0.9369660727148575
-0.4730502469258686
1.126345651957886
0.8870715985554783
1.50662046578606
-1.704658769926098
0.22896096454247544
0.08528425201669165
-1.4950276058285712
0.989775934893375
0.12648382248568563
0.4498665420830923
1.10852958372509
0.4987191378290431
0.2787826160175405
0.11853380961793378
0.26486299069316616
0.9316331572523322
-0.5619579965945023
-1.8238597654115418
0.798094871461928
0.796969478197194
0.7323515989641078
0.9328485678710436
1.3108681818965773
-0.5267993531765363
0.05478783151302674
0.16880759001776288
-0.890733304329574
0.3581141408974102
0.5080827652415665
0.1210782724418518
-0.472236186920493
0.3574126622705372
1.75310210059865
1.8047359127427753
0.02727970387491574
0.4938920217715995
0.8786432333969567
-0.9330728224421322
-1.1905736963777713
-0.06125073918381199
1.1180500439806924
-0.03528309841571555
0.33573474715246426
0.17469657884664083
-0.45066118363976215
0.9012161314493125
-0.5373332969762916
-1.1902098243831392
-0.7042220866040663
0.1458419468425352
0.12179252051766255
0.9734370530519566
1.741547726806074
0.7321198501495796
-0.619756092186859
1.4022083666638687
-0.6640926399427667
0.07034815330728249
-0.006994203669115743
0.32548320458838004
2.49004193612675
1.6980399458909066
-0.7850987123399388
1.5607334069813812
0.1359104721286089
1.6994481669392272
-0.19548800254470927
-0.5612929403808876
1.494179693919713
0.493573473572776
-1.2685289377050326
1.2220997092973729
0.1067932649484488
-0.06144549528105825
1.5050367912635148
0.47767323527451583
0.019503414990751984
-0.7646051144094932
-0.49616288799057234
0.49686132325276533
-0.20447524715526533
-0.21759348264285497
0.6369608700830596
0.7189491997765349
0.939446224780299
0.19571149217695466
0.5138012881890914
-0.33534089194838956
-0.5597094185897221
0.15429977548193843
-0.5882964984877962
0.5954341881037646
0.21536633269483105
0.4580525497439491
1.2494232850468252
0.2425963938969212
0.22435845227893852
0.9207340279827846
0.3410221840036597
-0.5364387885492087
1.146596704839024
-0.9479536956198231
0.07031191858575875
0.2755628243613467
0.5568112946496001
0.11487208261069773
-0.1830264691797058
0.7059942929649176
2.8864497129973685
-0.7469284984930936
-0.5454472731989102
0.9659634496542411
0.23068333795813808
-0.05620614375742745
0.02363326151540861
0.8207791876995407
0.7723262100220727
0.20618325063236026
0.8922528869429381
-1.2447810532394787
-0.5074411151650038
0.45293130650628444
-1.3963381075231822
0.1438156162830479
-0.3509883683960115
1.8036130550922804
-0.18576194537358612
-0.31264534694019946
1.152295715808871
-0.356521783124083
1.026029007830268
-1.4502543719630359
-0.4504915131552114
0.6655415561239822
1.0220102039066636
0.6348212742882318
-0.54112479065819
0.9646508698097335
1.0227244189758595
0.266034444990215
-0.28791506856927523
0.9604533584629091
1.8185714804433695
-0.47820181709756493
0.4658032065328912
-1.0233215038999586
0.4942556772617637
-0.42319928102425985
-1.318461827871513
0.3453813573302728
1.2240725848124403
0.7089258206631807
-0.927227377305794
0.6426797917928667
0.7341794157880803
0.2770839537711333
-0.18117714188972983
1.0883616465805723
1.3549102206837058
-0.38822202588433247
0.44832776636899774
0.8672646032913864
0.16424565112582984
-7.992029068316642E-4
0.9668131483256298
0.8852734813267604
0.04657936083470479
-0.4184949623715464
1.2573050581541563
0.08981708899311025
1.4698642905956958
1.3511293645261755
0.21025256881254578
1.1790058342341816
1.0130381591569235
-1.1658900239300514
-0.5557250056008638
-0.5457611695650962
1.6899693683874486
0.9709536273351355
-0.25161121550891213
0.0701989675346076
0.029961864527018947
0.7826894301194838
0.32413379884510385
-0.8032481917573977
0.2593166778426963
-0.01799175110396954
0.2652576204948505
1.2349155475014886
-0.8463771290090975
0.7709901380608728
-0.032315027881084785
0.8288522351495424
-0.22359045778619868
0.5973856366517212
0.8520726989289943
-1.1078719193405702
0.10165601717808653
1.2596551812980905
-1.3592952337417499
-0.874797109899623
0.7387636552533386
0.01887906440411037
1.6428826123553626
1.324123982726145
0.21162156374041347
0.6315974099660291
1.1686692415785096
0.5619572185709061
0.9425095788863267
0.6070860599925524
-0.19205117104741767
1.5215729407447545
0.9394616625910007
0.4163329852121497
1.3831793384565978
0.7043708433987821
-0.12571816460732765
0.45357926137114385
-0.17293681721465198
1.2451986214495556
0.7687502189689286
0.3337190024204458
-0.2398790747429776
0.788692567356636
0.39460639787698354
1.515618593371037
0.11727429702188362
-0.7612631228122112
0.5542273210973214
-0.11906604706847254
0.41280439202008423
0.31503452511630753
-0.30179184244840773
0.09233777825518111
0.7913204364971882
1.0037048627311218
0.5080683020766692
0.8519290973391934
-0.23845253539356057
1.2701896398170074
-1.0545610057925472
0.3887899947147757
-0.1505021958679405
-0.5590880310663267
0.7789627378289655
-0.7817047235341288
0.6844622472499773
0.09803644289749708
0.20234348692388718
-0.32524886821645094
-0.6595715850945174
-0.20298661027554366
-0.08129118128004009
0.5064666726401258
0.1894700059142712
-0.28155316076349574
1.1935719308276302
0.640308616053594
0.5992098771448193
-0.962892606962371
-0.009983924515388168
-0.5717433503353022
0.6864549211859622
0.5904400374270028
1.9866707473006193
1.047786950261831
0.3990969093887218
0.27659447621994343
-1.0577852811362818
0.751159537662701
0.3561400420174724
1.6679618846305246
0.5139955400538588
1.3077334473534008
-0.30794822902553315
-0.2760171988870507
0.3132172075550963
-0.9054786449990728
1.249954985150337
0.46021334850077017
1.1055359322799845
-0.7904374169896635
0.6183838874218579
0.7389227383315677
1.436195464146516
-1.7346194858885173
-1.42054328220067
0.398406894807237
1.2209825224562776
0.05995089943020405
-0.14468778464449616
1.3841304019370373
-2.177684267809834
0.3638274169066555
0.4981806682684946
0.5699802575547294
0.8669817021133756
0.7176228133698841
-1.3173961442998763
-1.1245227589814837
1.433739055608123
1.2520083767031511
-0.630953126119652
1.0472254125844027
2.2408342947245337
0.3144263095897347
0.9454566973261401
1.0797593372184118
0.3431429730705573
-1.6498861316826194
-0.8938448973239259
-0.24355076279315974
0.27002368134725885
1.8518629764298684
0.03731031085707817
1.324615108294121
0.18835083990431517
1.0420877264377253
-0.4209732133516551
0.018063529355273944
0.28635930672270843
0.8832899756418531
0.6650867857751784
-0.19390523987050878
0.6625846777041577
1.0388404669929223
1.0471407961315051
-1.5025620593050308
-0.10033509425244237
-0.7072000374917293
0.9878957144590685
0.7564030316068544
1.68409092746553
1.1408831362776621
0.2243332503163062
-0.6619826449861694
1.248160643231925
0.21411948999079464
-0.5328558316589097
0.35718724305566035
-0.8323930899601925
1.5328063300794732
-0.10498643113335583
-1.1164424513747235
0.13540527013402084
0.7518612839669644
0.5531851769009413
0.9417248249452947
-0.6718677076213377
0.9763134610534959
0.3056069538897416
-0.33312768380623414
-0.11846922620397247
1.127469023294397
0.21081826779785834
-9.986612744452214E-4
0.5804928394665086
-0.25628581290426267
0.16575783650289933
0.07961074587503042
-0.04607196635701246
0.15423223146729326
0.8578136383281835
-0.2909395637547712
0.8499071113984865
0.051539765663909984
0.883828293627887
1.6565046633829221
0.015959994857057624
-0.7644787239105573
0.4600881939425395
0.3100898055953817
0.8389621503027783
1.3072607368937126
0.7306545363411434
-0.17244409270431674
-1.0369856163748294
-0.3137675602290319
0.8798226369292251
0.9229351197484379
0.8111198670728602
0.8969423318584105
0.020802231014627824
-0.5676186599455818
-1.188812289901203
0.6926590212936753
-0.033939894680618324
-0.40390957513828274
0.7088589658580405
-0.44008104459421943
0.8016045870115747
0.8595723625832046
0.5573515796320611
-0.5936357417254507
-0.8739432988510332
0.16668387762390668
0.638537408390786
0.6181347858677622
0.7100770040820361
0.182472074724671
-0.14816715651577397
0.1982226252149802
1.0864265517678242
1.0991589535123214
1.3846442317259686
-0.25397068885598983
-0.511660174051922
0.17663115056777617
0.9281831023939459
0.15105740628570835
-1.5889617900725432
0.6821187218523918
-1.6189013319297212
0.9477443854460516
0.17593151336163404
0.1606028782840098
0.19884631571633032
0.29870469896450424
-0.6147590035458836
-0.3825188363253918
0.3213058033163599
-0.12015876416113709
1.1208548214237248
-0.7320126642621578
0.4385312501343163
1.0695588392908493
-0.024732276474391843
1.239641825897002
0.9538282724649751
-0.10718571381127141
1.0429244438632435
-0.07280008256394586
1.0966367098895118
-0.29343292647806213
0.13911102661879823
0.07114445605401334
0.3851862517845666
-0.07309615456747562
-0.7849641553041719
0.32293339013245953
-0.28746692900949516
-0.04013249720038885
0.7811291998935264
-0.1286608693504727
-0.10648507503900327
1.1600332269782216
0.24014220950291082
0.15649385553518225
1.5637573341740154
-0.20470931896164746
-0.42894497305315527
0.709294401865351
0.3101184645221791
-0.7479267887072033
1.4318753698438595
-0.894246938364521
0.25449023514084584
0.6423073662730492
-0.5150700161827384
0.9736405287161307
1.1493154274938895
-0.8833067101386264
-0.0516329133988174
-0.022853125438016375
-1.073167785398308
-0.002217169111252776
-0.9215044980791008
-1.2209956621074292
-0.41762547278339895
-0.3424628351377231
1.1185527139791336
-0.6624134079328393
1.1682190330752429
-0.3578242051757647
1.2617725211964932
-0.6926814730860118
0.1866756491176979
-0.18048772275323907
1.1246936062878012
1.94684360033437
-0.20616745130715283
1.1129390362643279
1.0393517717719176
0.6273102457599596
-0.46630347694175206
-0.7864602780148523
-1.0235251570675328
0.7118989988258648
0.8236594910713433
1.624691803709077
0.2601493679376402
0.6588542926387575
0.14442451377351462
-0.2598298084487074
0.0727491345887856
1.9397937724417986
-0.6349244533751923
-0.5400492348225898
1.0694712086121365
-0.576148965911834
1.2922119463726531
-0.459693336931267
0.6770017878555165
0.859915293689026
-0.1566278424994496
0.744611374799392
-0.5042868780699014
0.9309997155820481
-1.1557967285170705
0.6237593525715343
1.3684292553109425
0.4696088567495994
0.8622019338424575
0.9717953975956272
0.4508029608922693
-1.5338258174625101
-0.33841495422539186
1.3330603882119791
1.9104742011671902
1.0387696984930261
-0.5852436624106074
-0.15147749875723174
-1.0403542588944281
2.0666140403317543
0.6777923453621785
-0.2629120139167749
-0.10620256174595347
1.4004508076183655
0.49933828083091275
-2.0869524489627667
1.7509624136072643
0.3363975202113607
0.49236588876447845
0.16095062332876486
-0.52323274748387
-0.24715227217657812
0.033498166105750946
-0.9723719492382223
-0.30226904003113986
0.4837627688275842
0.49772595960209687
-0.5343522621716236
-0.324326386447126
-1.0105660628088764
0.42483993059099384
0.4267422976881647
-0.07586334945694241
-0.20339276131472195
-0.126148309500468
0.23012336484169182
1.0902297062877548
0.21102863941918926
-1.2171888962987936
-1.6246812693221013
-0.6931449627426565
-0.27808299759260124
0.0476338906962556
0.9848388780581092
-0.27739984862302497
0.6436386868366825
0.6602976651799692
0.7191360390185194
0.01579831744314234
0.48926123028638335
1.5052149861563255
0.04672336231580845
-1.1108373439325614
-0.49436711021669877
0.8105289174732161
-1.185627362968929
0.13626609927410144
-0.43017769949560486
-0.3933370331758226
0.8239613316751804
0.8853154514929464
1.2080127778307927
-1.154540362951985
-0.19046909132487364
3.051696734711033
0.6030421824468479
-0.10236766988530405
1.1481898786298008
0.17319011750274382
0.10985026557286849
-0.44634852841912176
-0.6217694594154061
0.172536265207971
-0.45434504659188246
1.7426077708925636
2.1166626354602616
-0.7667494943004185
0.3314993351478411
-0.20267943408622946
0.8574058009476566
-0.249689071690528
0.4429124842277637
0.23391309721225334
-0.5672394482779693
0.6775839348557037
1.97686102957998
0.20614521146806952
1.6779187635676411
0.0961485545796093
1.4920321848614742
1.2934688191908343
0.7700974186753873
1.7859418114053014
1.156911044300497
0.5781467101363695
1.3470173896053175
0.5527629730278601
-0.6587989599783863
-0.7638441049337299
-0.21051324833531054
0.25981531084642023
0.3490269367294413
0.9967593508060466
-0.43048941270042684
0.4388543453574355
1.1958149961786964
0.7043555383873951
-2.1417432151664735
0.4117985837727608
0.08104115191516258
1.1168091796760806
-0.3505398867234344
0.10332277043620655
0.006578342113695249
0.32394798967779215
1.5774181518440271
-0.7845323565388233
1.2260915151096745
0.03212636057843769
1.4971126065331353
0.3702360761550229
0.6446988685845633
-0.9702395471264441
0.5094084428809259
-0.5298641466067299
-0.6782284062164443
-0.5574787594843893
0.18672425776709559
1.0299955606422777
0.4954677346021836
-0.5124845862053031
0.513661209960109
0.680999357121817
1.0702010830367794
-0.5274345982552433
1.731438935385324
0.25671768067964074
-0.955632924018027
-0.6827954085738559
0.9896946381074945
-0.15722564665849403
0.8869814195123429
0.6092740816934858
0.16255632788838054
-0.5682641606298598
1.0548831721669425
-0.22762436015991236
1.0357762560237613
0.6408251017157464
-0.6430662108893984
1.8305573643925712
-0.08178798165621476
0.16018888347207627
-0.09075954080238184
-0.023632060044706353
0.11590939250375853
0.40195407087409313
1.4794260994802138
0.5770478618163593
0.6206568259150573
0.6062643104826102
-0.5909299361430287
1.4782654458080193
0.6362123709564919
0.2337619255234643
-0.5800531649068515
-0.42920295964761757
-0.879942378824625
-0.2797864609021637
0.23586469848407157
-0.1335438677896053
0.6816688837447936
-0.8996392431986189
0.46395286647150835
-0.7982214155123776
-0.33387217325699414
-0.46449522895413586
-1.0070445228629923
1.360738778318095
0.9161282661653825
-1.1990668173274073
0.10845977685833924
2.265450010326103
1.3276031761890217
-0.40379779757047995
0.15751534806678824
0.27730321679336833
-0.8495414615706007
-0.42615537266294573
0.11207887235656566
0.24069062279622166
-0.07436116849562797
-0.6296602694156479
1.7571062302547567
-0.2979582543969105
0.6499839577202522
0.28936212281092366
1.7125998260002726
-0.6979428303634088
0.5265894120930487
-0.5991470014875323
-0.6736143186251545
-0.8315008611955271
-0.19460479874263276
-0.04256799879819607
-0.8434285483060545
0.43989481639501493
0.20500453331280333
-0.4463171107483125
0.36002184502320783
-0.4908004228694104
0.9968228027976664
1.0259516230412022
1.175614389309621
-0.57831079927746
0.10451493393795742
-0.9079303556163371
0.52023135578061
0.5391119491709813
1.2994654029967942
-0.5442564728759792
1.3075521712679141
-0.3268305137943822
-0.1693141017583025
1.190777119607703
0.37093206836000014
0.603900378860319
0.4590262118142934
1.246180994733903
0.0912829332931652
0.045048445078537405
1.3082731381971942
0.6842039567833224
-0.8441404516395942
-0.16881045598289046
-1.4895197984147603
-0.26229277454580907
0.7976641890540589
-0.03622679060843663
0.4983142999662773
0.886612798134136
-0.11799196260866551
0.061258881259778804
-1.7901280110980184
1.167609803664068
-0.05135804421008751
0.5597039402077886
0.28025150869178467
0.7872362437327589
0.4666716651197906
2.6584167114107955
0.8738775601838549
0.3103718670106044
-0.4028264231915802
0.5887446255346489
1.5865673918411978
0.196494570538238
0.12936350576101951
0.5043546721334398
0.4027572549153372
0.7273455049126265
1.21432214027967
0.00559358458538451
0.4024352506155441
-0.013929817592439261
-0.6377516255753599
0.10919626758970286
-1.9568011847616054
0.7090487221623478
0.10989883917494295
0.931734808613224
0.6410895282185213
0.2816680991041605
-1.3880499827308441
-0.14440891498927505
1.186104890133261
0.6761325339255582
0.5473717213642516
0.9624688898865963
-0.6782874841110368
0.20855573201089123
-0.6912939322928346
0.4095500272765084
0.5416711231802234
0.3491399294155576
-0.21195887967304203
0.7710752929368222
1.289832451321883
-0.24704743443490657
-0.2547841613242963
1.014759064194016
0.13802041996679693
1.053456776200636
0.5804658010030516
0.7037526197050431
0.0467945628674293
-0.37668262181301665
0.650638492488965
0.5008062824469142
0.4469959242347695
-0.6503012827752218
0.540180770348788
0.025618284711677836
-0.39668467754901254
0.7648549254078048
-1.206601337115604
-0.6159342316574439
0.22564866298641892
0.1777491781532925
0.5743949367614315
-0.20011372196345245
0.6325871040397734
1.263126565816993
-0.7828041504681912
-0.06389300090105669
-0.31028576413232606
0.8957609427212206
1.0462456126481081
0.19169816634317774
-0.38110019957982555
0.09376916925581602
-0.6834650805853593
-0.654997959406013
1.2990672820735805
-0.10245302856161526
-0.6836462710722848
-1.2331877403142943
1.722186983957616
1.2273339512616646
1.3397002692643714
-0.6094326591173718
0.3593694649073352
-0.4512212813089792
0.6621649196853429
1.1479599913063747
0.23029252996903377
0.2963286992966301
1.6264815598914786
-0.34226674547135705
0.633019634444333
0.48727121132625284
0.7143318451150487
0.39051375945488104
0.0834706098522509
1.176675428716544
-0.7279247639153288
0.9573520528737521
0.0703932534969284
0.5682535155897399
1.9372474209827835
-0.4977010320130279
0.5428009919495705
1.0063071331828812
0.9255042825655682
0.08709870510996895
0.2282394706347413
0.45441563932368634
-0.6563779803563172
0.12253494744750887
2.05326279449492
-0.40804504191153845
1.1666299978258259
0.28410098557724156
0.11344298129957303
0.7513181316483382
0.7528543805802743
-0.17051575162381474
-0.13850527058392403
-0.3993535125546913
-0.40402768775445463
-1.1814333135750377
-0.1765689398789599
-0.4851791602331933
0.6196320279193155
-0.3721547967100659
-0.7382292361194809
0.6302262213655844
0.1718184588367207
0.35811017418435637
0.08087061001097734
0.49915766533095335
-0.1584537191179865
-0.3215060280874624
-0.9542447815495997
0.16255762464278586
0.6067966288389872
0.30442049948183536
-0.45186512431762277
-0.4077714630602237
1.3320710110731742
-0.061350473976933315
-0.14946474316664832
-0.480528509800884
1.5383672438691256
0.7192792090691439
0.3324144959437376
0.9368714061349319
-0.438666538646086
1.0673302044045103
0.4607022105822548
-0.24459656263113372
-0.8905532920525797
0.8940522654666176
1.0761157719303351
-0.10516731230189003
0.12689056849791822
0.31984676690376485
-0.32835459827162444
-0.08174516813108794
0.6760680524281698
0.47219237656898166
1.139560414568179
-0.5566532526519744
-0.3201503952393905
-0.4084739637289108
1.2729643525197896
-0.006638137481908217
-0.7475567103621914
-0.19052848416425494
0.044328160706568906
0.5034918123948773
0.5528858738153737
0.17962668462272707
1.048523498130035
0.17682350097314842
1.5012608877163371
0.06699486633032577
1.2013020910922219
0.04699297483247561
1.0128391709421076
0.06514058228511449
0.9213905352653349
0.06685307402686683
-0.9732194545435998
0.18209057364238196
0.02105977852228652
1.0568051670908578
-0.46820923275931814
1.6931366198721824
-0.40046741021310406
-0.37665946114810406
8
0.16934867386694635
-0.5366771067949841
-0.5934099328758858
-0.8227268678767221
-1.0732186272794975
2.734421336284584
1.771623048507353
1.6519689275720624
-1.6312235980768608
2.1548579508516053
-0.5404908850188483
0.11830841872422924
0.8121176107476544
-0.0071046745957752955
1.9548720121964138
0.7164522673713505
1.7315686494069846
-0.25947111667847844
-0.3240587034658886
0.5645017927115134
0.04061694948504702
1.5470787801747874
0.8601253187786311
0.3132674954005674
0.8164748831516503
0.4153707046805079
1.3719599602010404
0.07202817839479064
0.2728000384681051
-0.35122712587348026
1.7403172476833613
1.6938791459607205
-0.3291537273144719
0.0758515674402249
-0.2998228309887376
0.09160493118153223
0.22909609680023085
1.5185247332428544
0.9602840633639944
0.30981298056268214
-0.43982242883216
1.3946068023052611
1.760119467092074
1.29928885073988
-1.1472647789497228
0.4917574554665272
-0.051066118351506644
1.3349472882607714
-0.9554089778471991
0.38431557474183986
-0.06384675961897737
-0.23830846759737354
1.0038755838831537
0.9686584834274221
0.2914419263116995
0.22148476495728878
0.16197359469352807
-0.21844746065698784
0.9872741910109082
0.582967446831832
-1.0513718651737227
1.2594692045400462
1.0805675963522727
0.5075634401294177
0.08373063818915971
0.6080209862835282
0.07581747016548944
1.0327401055071543
0.4930760907352973
0.10240881569024678
1.670273789246161
-0.4373114649891835
0.7360143576008279
0.5245129716575672
0.7490541151299864
1.0307732253210995
0.5833650067270257
0.7604214428487663
0.11174332434368017
0.17369650382304014
0.5131726979479533
1.753426510760259
-0.9369981142953333
0.7768704134341388
1.0415614565216542
1.5097908991605722
-0.3310978349111417
0.48418973365262
1.0246510519814591
-0.32210466775241364
-0.14864745562841575
0.4044645465733853
-1.107127564838619
1.4387218736501064
1.6547066795146375
0.3317665046587125
0.10574562278794379
-0.001821560498162747
0.6710099946392003
0.4356622030400153
0.19760555506833583
1.845218445491068
-0.6677413094872868
1.0165247871480854
0.20223811125401825
0.9067126933412636
-1.254911188709859
0.17461002505071432
0.37003356437043883
0.9820972474079138
0.02769900514085984
1.3591999509584314
0.620241730499197
0.7090429473688727
-0.9631239260696074
-0.1508998180793663
1.011213039312244
2.0948718287746755
1.0235669591357943
-2.163792997902959
-0.861897959058012
-0.5446114064125596
0.7941102230582543
1.5613214834797058
2.2376531095047882
-0.6744308342099805
-0.36464676531621065
-0.7198845945441386
0.3895662953436832
-0.27955087299075915
1.4233484283605427
-1.2075959054528358
0.7604936490060175
-0.1365003911819651
0.4639995340947395
-0.19061746712021935
0.7161472509269332
0.46728213780031563
0.013530354690267365
1.4245250731194032
0.32321365924068274
0.9559725848454406
-0.3226424785319754
0.5232397743396943
0.7045821181278259
-0.30677131799335644
0.648919394024601
-0.08938442878956458
0.6331462590612782
-0.9250564899927447
-0.3835460049387389
0.5880459583873534
-0.5241287044777578
-0.20772642377745854
1.934072410713191
1.8725068581848126
0.8083027117070168
1.4540174894656586
0.17709691893497137
-0.9497164931594589
0.24190127300034012
-0.6793164016033525
-1.5236064822389503
1.1731593716132553
0.6324507384221851
1.770103483141044
-0.1717155894872638
0.458798907447023
0.8058451432808299
0.07573046681699684
0.9685408415154841
1.4142947103127161
0.32446148996074187
0.6271636950507986
0.6215826688256105
-1.8172556682825938
1.3090420959079148
2.32025284570776
0.3284831387222906
-0.21236609671818352
2.4683319478818007
0.022617338633440166
0.662807122935403
1.0793711261522705
0.0328512696713731
0.4724862369829985
0.9160529708393874
-0.5420060994132554
0.054692136021602424
-0.5324122891328007
0.9251092390039869
-0.18047265599134263
-0.40713945692867215
0.6574131131550316
0.09444394095146619
-0.21329127423612854
0.657980520349965
1.4625403559793924
0.8730002561478459
0.8406464865721957
-0.23625569158312792
0.7219753702485111
0.40718104817241896
0.8267614079182748
0.052045332920707496
2.7119354993211138
0.3103654779685355
0.7019900430340253
0.4400728419798417
0.8902051751200666
-0.3234865334540497
-0.771574270969344
-1.4225854966027895
1.0194203906317147
1.3284777678968054
1.756742803024728
6
1.1302296861503431
1.1320244421372883
1.506154324149381
2.5371643552318095
1.3473046648452303
1.0837188794123473
1.3846081263640722
0.9581521292782258
0.8894743332689435
1.5392196373251446
1.2205549440777217
1.3778561596087724
2.0903034716188853
0.7749032680146571
0.8396324701480402
0.8012597989911469
0.506159127121162
1.413391467600324
1.1097968102133557
1.2400427388350586
-0.4020232692974783
1.9363985845266374
0.3786750075282647
1.0919221162197599
-0.49205536623840723
1.296586987944801
2.1160210409329125
1.0669623742905123
1.617500593115535
1.2168920020329879
1.5395082283744377
1.9915101741014412
2.3961645596339003
0.9260610468849593
2.0224474463287225
0.13060612413164813
1.3190637627668478
1.901484078637897
0.044106995783733005
1.3272196081992331
0.39084511615335765
2.272310559629584
0.5668035292292596
1.3565196260460632
1.2864734912496967
1.9403148291077583
1.489200758515203
1.9428238183161142
1.001139969741664
-0.5420620426118914
-0.43075939705571686
0.005129347184551172
1.1530262684747852
1.1229276592034139
1
-10.107118583778195
-10.383006553627002
-10.015183488834756
-8.8274103837096
-10.78949230093648
-10.181546072795799
1.0284796902041125
