80
4
21
0.45919872820941654
1.8457987768982267
2.0578548873114135
0.0952339453110781
0.5178187816698689
1.112822613438995
0.48194370650662566
1.0834735537246067
1.7512216578267878
-1.231612763686474
0.6408577943860327
-0.7960087352126848
1.1053136273724526
0.20780786380759853
-0.7879911908726951
-0.21819964882139076
-0.6842960124575904
-1.684421802832058
1.8075391818012942
0.14773376074464578
-0.2061633087103313
-1.7245845965350908
-0.13199139579089003
1.63310754094472
1.311404903097201
-0.21190992160399377
-1.2567722332704465
-0.4890976299012635
0.7221106114074103
2.28703085206104
-1.363232740501214
-0.3257784211827352
0.4814912390684981
-0.6697796601709619
0.07134829633037962
-0.3204218669211131
0.11187758547813823
-0.7991647775259504
-0.28468428746165936
-0.5745199105052844
1.197732554836099
1.2707430626979734
-0.26837967672779
-0.866760744872558
0.34529034222684074
-0.37844387182393613
-0.4627744567107406
-1.1785605509348274
0.6830888767322396
-1.014882618024536
-0.6952556336211824
-0.5924103827120965
-0.5119932042028696
0.6112347206706468
-0.6388592472269381
0.41168514474432794
1.1196302382032757
1.1315355711664599
-0.376521262678053
1.315962540300036
-0.01564793810621526
-0.7828366092033769
0.3946202055145005
1.1148557100377492
-0.3603696861937201
-0.812374366841836
-0.15207945786267468
0.1885574799955647
-0.9614330464209117
-0.8649571387371539
1.0526880233924734
0.9458520055056613
0.7858275045259048
1.2532545626702023
0.9851964167685214
-1.581894313406938
0.8686861519071005
0.19312118585360782
1.1723260491728915
0.7326301024954309
0.017806047775877246
-1.618749723586386
-0.8487029648917068
0.06379020891997109
1.495756744917139
0.8308871119652416
0.35721070020429524
-0.06839859953276127
0.8093877317882162
-0.06768195696040268
0.2328085131728218
0.5629959808578653
0.7229747112776806
0.6889365241174406
0.28500843844756585
0.07666179362285885
0.6160278582468172
1.2233995870964458
-1.4217579348466796
1.1432578770391277
-0.13627859804089829
-0.06544865593318845
-0.5739556675467856
0.9564819850321976
1.1209585982281944
0.8486424702884244
-0.07811535581995921
0.83740985296034
0.3839941615390589
1.416242807075363
-0.599630747230982
0.45338378560230985
-0.29517598041377746
1.1387232873733424
1.9891287013787644
-1.0356353948729713
0.5900072048816046
0.3800656378538533
0.5805441875047368
0.34232911885072626
-0.41370847808219513
0.22531365708213774
1.081124121942282
-0.010796944745158715
1.562695055458181
-0.35611044930425173
-1.3324154166988211
-0.09571446161489439
0.35856544255723416
1.0215233286648406
0.15105317286368733
-0.7442358581571296
0.24161337636469432
0.9391857362846844
-1.1455934739851055
2.0256457380129924
1.5855663844160341
0.4631964672376542
-0.566868729187434
-0.10858943990588195
-0.6400899248626866
1.1922648631977577
0.18298461240168196
0.3824864053654465
1.681694567364262
0.33604802584366217
0.6022632278343645
1.0819217027316386
-0.3866259940991197
-1.7950801124938667
0.6723628273673486
0.19423274547892733
0.7424437241498496
-0.3209579387339922
1.7057526857937622
-1.4311974630471305
0.25345489450935427
1.3076800316551354
1.1394815534524305
0.7783674860708973
-0.7293052023487493
0.1714664708421701
0.25962322275984545
-1.433749885433341
-0.36011105156494505
0.24383151626092658
-0.16198242623702663
-1.3235022070406184
-0.3461923538927665
-0.9984797540699106
-0.26868778146375677
-0.49269303615588367
0.5885869500211065
-0.8424349937724047
-0.9435855222330984
-0.174934816149713
-0.45837959987866017
0.010347718566990807
0.1044217405106032
-0.42569193658089954
-1.406363165435421
0.15820263628952513
-0.9879753200798878
-0.3153138309488155
-0.14073148704108077
0.08483638716849692
0.3355239427087455
-0.4064655766926866
0.9069468557367506
0.5686582933990689
-0.9959792485477175
-0.19328499715033262
-0.8492840988674291
-0.4976685408634681
0.6686513474680388
0.8267846412287504
0.5727361277617193
-0.9951959703176274
0.3917652252535428
-0.8738038035150737
2.124244878593155
-0.11151740798369011
1.5951261952993079
1.1525220799105602
1.438910274845436
0.30084262803783446
0.4722764481531775
-0.7330062183828561
1.2237604764143168
-0.2177899736449472
0.16489778916887313
1.2555088943447275
0.09173582379645415
0.4788166827003981
-0.3271977754370716
0.9879332718908691
0.43898719630507205
-0.4656267219417175
-0.3463260031670771
0.5599814777310446
1.4718300381600027
1.6866114239866152
-0.8690025558065992
-0.4715188168394112
1.0110396596731754
-0.4104097847385815
-0.6842935487784167
-0.36446884197707413
0.04362048284885216
0.877162659024668
-0.45313717162782075
-1.2335713666322727
1.375248960328982
0.45897346400086586
-2.480738818095935
1.6806758681310547
0.5193296817510623
0.40060309909052577
2.1241777988704333
2.149283483076409
0.7337550577387787
0.2768372875449476
0.9225252309217987
0.6901556418685836
-0.5098451061824899
-0.09083428437004017
-0.47873599450008886
0.21324275223190603
-0.30582023564907246
-0.02387166588984188
0.9513804037203422
0.059310079101939694
0.2994391010911225
1.364405218675502
-0.02362281506145862
1.3036985479562446
0.850871070792939
0.9005343295057741
-0.7654309499150962
0.8576927914774585
1.2394406651451961
-0.7104337119289833
0.11573633246235374
0.8960178349525988
0.6940553984639655
-0.012747365509721656
-1.352085922276674
-0.1799810854067389
0.9775962999033251
0.0998781417808076
-0.2530641860603008
1.4764486739625116
0.833318901652148
0.028395158959697187
0.12410989453782187
0.5011239612822201
-0.45683985411589056
0.07703170646932747
1.5907569877962746
-0.34627745049075165
-1.2573721515336773
1.8060337060940728
-1.1341748331353951
0.9350395197530307
-1.037771149458604
1.7584301121548294
1.5192616611540248
0.5007624728408427
0.5962624210224473
-0.45238099350151484
-0.2995490655246505
-1.0396388173889208
-0.3604599594758406
-0.9895436352291742
-0.989784175746377
-0.40274240832428687
0.3237732648040159
0.9111156805440462
0.12688976136153082
0.14099695233511805
-0.6814546103796857
1.1093274093013838
0.7892559092583331
0.9527616799170715
1.6094903717353648
-2.1738508947942465
2.349217409723108
-1.462802687130959
-0.6371775028524045
0.513202739898945
0.83056788663823
0.2917471389691373
0.8471588044890671
0.7418634873974675
0.6179215522860304
-0.663999920966184
0.7052462527412314
1.3712614768507247
0.5950549216894366
-0.5656842660665946
-0.83060427127121
-0.6534129826235797
0.24407558777562482
-0.009920443553065733
0.09786491401748522
-1.6197701718237092
1.2001849429278992
-0.2666547501325742
-0.2810912765438471
0.2354055061885191
-0.6080634369118472
-0.8283754015301062
-1.2635524013182706
-1.6977234846090894
1.0138371465701044
0.9339709565755553
0.3466350291635635
-0.36376457121708017
0.03355885767852625
-0.268860998585234
-0.006738764873605155
-0.7591810972637472
0.3396186164998072
-0.3839840625145699
0.597607722322316
1.0033557802489756
0.5122506438187245
-0.24513966686633057
1.0743201693908382
0.6744572320885032
-0.18042403995627992
1.21966117829575
-0.8818071917278503
0.5738051566248019
-0.3927101101738519
0.7952354332902762
0.29330080274694326
-0.8006649188017921
0.8287441619436632
0.026254747882532313
0.6487107968982577
-0.42911351930832586
1.2332610557020405
-0.1846467579845794
1.0770310841980248
1.0025384401748727
0.2940165789280891
0.35436753449883573
0.20553527044337033
-0.4061279125128969
0.28548950858874694
0.7054462017372828
-0.5990185672865148
0.06514711187723993
1.6951004078138754
-0.6917678994158136
-0.21720577428038013
0.9765397633576693
0.35483342668283424
0.41845748822722284
-0.33417909372879456
0.3257772553920884
0.5637831672691207
-0.8571725664692348
1.3614899623549543
-0.23947481496234
0.8416348045245949
-0.8493080920444537
0.4254317816574167
-0.01637406807901887
-0.48010905380512936
-0.4464653718345093
1.1227786829220132
-0.617461959220595
0.043019697339476436
0.8105567141563619
-1.5735974647623463
0.8060350694991656
0.49252296646315435
-0.34473948497601314
-0.936684687328757
-0.12248538294843961
0.23216124531469254
0.24227231919217618
1.7503730932254447
1.7058491907096611
0.826189449580568
0.44525452293032336
0.39587919866863774
0.771673291884738
-0.9548823664299511
1.1019815721931026
-0.227655776363894
1.0026487828803028
-0.10439109671265884
0.3708031576247708
0.06326144206246907
0.7386452453363027
0.5736710425944902
0.6278917620719595
-0.43014930084720254
0.4480934136746042
-0.40179429197323774
0.9074251901608498
-0.008475556753800143
1.1129995194035198
1.0808499726084229
0.011804690998608772
-0.8742697748759826
0.9641617391355517
0.21611454595081156
-0.9989677432669879
1.377500337243226
0.10317914432363062
-0.23618796451793583
0.7629511169122274
-0.27103901349817117
0.13538775665500458
0.791345735874497
0.8451694178515026
0.40059471957063686
-1.134641419006167
-1.3289385173095203
-0.4954636186657613
-0.23554120061745148
-0.24097466574786164
0.5177829383363634
0.16129379311009168
0.5161293837430153
-0.2998278197849611
0.6278591228083872
0.2485023267328706
-1.3690836134487976
0.5372796180193599
1.5442059218614856
1.7656810080327583
0.8023253634421672
1.2763410978969507
0.1351352948126074
-0.10702914316014342
-1.2835492701950104
1.2716793236395723
0.7560978758830043
-0.6749643191798977
0.616444693859211
2.3206684605312984
-0.5111698154689684
-0.02307004918656535
-0.5310037693028864
0.976179949704661
0.44239816498836504
1.4881808362629065
-0.4852327110779658
0.439929478253147
-0.7932976970880758
0.3392433824228105
0.47823194090079807
1.4026215582282857
0.15709587024240723
0.8818444835046826
2.274212493309036
0.18012231351110145
-0.9532646588406211
-0.3274837491252918
0.2551093667104469
0.460478780282022
-0.5655116062961298
0.2707530227424422
1.2151825675086574
1.5877054813142548
0.02080153481421576
0.8373853663919062
0.41804843213633774
-0.03485425336667888
-0.977322916747758
-0.10608317112472873
-0.9097924129906497
0.8117043660221734
-0.20596485013641813
1.162074947956667
0.36315549071972814
0.10439640893682603
0.18269896445877454
0.30687863259476633
0.8608152456824287
-0.6104596180298271
0.2867788085429125
1.7701653028462694
1.2004855092107287
0.19093955996645917
0.9010396586640409
-0.18458470710765917
0.24561328621350242
0.5267984053483532
0.43682734317415034
-0.659338441075556
-0.3507346973187706
0.007506891101802887
0.4301758377026224
-0.2942966702392952
0.6824499176923443
1.2732917066512552
0.9827562859253748
0.0011364161123218874
0.6719833460155586
2.0257274163341994
0.7778445484786872
-0.16189855381644924
0.05519813109983644
-0.7310055020819689
0.9590364929358999
1.001034915101798
2.372065252770373
-0.14702319628442767
0.43843650911037124
-1.0957795640261105
-1.0918049866464212
1.6775422978961099
-0.9590351930883685
0.776329492915587
0.6865509657453919
1.2819424604781433
-0.7534172981089631
-0.06103073252866699
0.5542276641026691
0.6913917309768575
-0.7077240712584493
0.10989064264126992
1.0584055447200937
0.17574272298587065
-0.767641197284753
-0.08504811401054987
0.27224142953704245
0.7378997676561462
0.7346493005933308
0.779712707383506
-0.7168587539940918
-0.8286468779499989
-0.31776498460927544
0.2887717040602315
-0.529201301852108
0.3393926148671256
-0.8275325822343189
1.0353774411236303
-0.5869869038050926
0.21396050213894613
0.6853806565975866
0.7110126594178118
0.872603401913555
1.5716553985075012
-2.7290399143925645
-0.28821301775771235
-1.1265966939783585
0.06673859807257321
0.15051049407610217
0.9676409317444528
-1.040094415221528
-1.427567283546785
-1.3721296387523667
1.0741669868167862
-2.0401344415097578
0.46478427516505405
-0.5637748804888159
0.5505875842249645
0.6284326897210977
0.7947246937891479
-0.1205748963471533
-0.4327317833601635
0.3617631767843959
-0.7786190258234489
-0.4868250976213693
0.4952740373623208
-1.2024303491411588
-1.1240539376655327
1.7128478066846426
-0.5928098033903554
-0.520698012715852
0.013830711292069336
-0.7068789603868242
1.0188662468294218
0.9260852999756947
-0.21822352103723863
2.005183304844681
-1.2623210316782734
0.647256639629253
1.0174165900465442
0.2552562412513733
0.8015416595922437
1.45042066668045
-0.14689143636657082
0.4543383180052483
-0.27138211791582534
-0.620228420461337
1.89076062802045
-0.0947476489506475
0.7389271956885473
-0.12514839355289983
0.29639650217861946
-0.15046768061204782
0.291860151782127
-0.5313439680034848
0.2195705496177553
-0.8133989584836282
-0.02948009375513702
-0.7287861364734638
2.352539462467613
1.2254258363805863
0.028934452446647684
0.5438443510067803
1.236234165132863
1.1879681614009063
0.7351179925999316
0.4458504041035359
0.37576207748805296
0.8079495836510502
-0.9383856503585589
0.16698372573105802
0.6846378457072111
-0.20638655646811563
0.90405641645184
-0.17230681537517797
0.762855544374443
-0.3408579805117369
-0.03281142052819537
0.05430275982009683
0.18611561125844447
1.1731887745258858
1.4263530282942765
1.7027986788365712
1.5664386919877753
1.2134086792586711
0.02593213393195163
1.0539163237077287
0.46720840274607917
-0.12211372636606654
-0.17328737281663817
0.4156372838657729
0.1528041406307333
1.7082122660125216
0.3838525567087906
0.7902075460070042
0.003172558227189093
1.0091545990375268
-0.22177021111863135
0.14583220739288716
-0.6513068084503666
-0.03323662021088041
0.31014317687383175
-2.054459807572234
-0.28963187264573803
0.7779976244609766
1.1358184694324451
-0.35142576022405064
-0.3191895488081329
2.5845264641526517
0.9717943534868081
0.6064045068221593
-0.5562632393406115
1.1193338424065424
-1.6063218132531798
0.37656834460375044
-0.5212041824538685
-0.45591990335014426
0.4199416930536542
1.4905958424151575
0.2664041743316648
-0.22092236127991988
-0.03214693573062219
1.8352294880913518
1.4445333242393177
-1.22727512375078
0.5222762224717634
0.09306030882374389
0.23564329023902292
0.7953191643245172
-0.6411031678975692
-0.8999441546265413
3.2917705173815475
0.09941898997831877
-0.8736039724296693
-0.6251216052714591
0.8107920534953509
1.5153497751690521
0.11229968749608037
-0.07271197015690592
-1.1731053179158921
0.9309054353014838
-1.467083747841388
0.7992437839580041
0.7969532508417323
0.45659082987663874
1.935742258463048
0.02737803112222257
0.5798530308657524
0.3399499726187124
1.6066515096245704
1.5128614132439602
0.48386470182370866
-0.6622124496682833
-0.18900867544765737
1.9598188786107777
0.20916975571736762
-5.749081818485907E-4
-0.44887839267022667
2.064100141335203
-1.2230150361775176
0.05531155455814046
-1.0305132484336248
0.060500232075635846
-0.34162155304210556
1.2620027618353382
-0.7624194866916267
0.410163720333916
2.967921233821509
1.3284711852287885
-0.28815713886569566
0.38118458217615253
0.4311634585540281
1.4032168181835758
-1.7077777051110539
1.5026733434607422
0.45401242695332567
0.5584859058197872
0.4271597597523435
-0.015729377713234884
-0.7541424589646692
0.04545570816553571
2.484825196779357
0.8569656616947988
2.862005411378409
-0.4994830738801293
0.23043547441311268
0.2745540065396219
0.5302692099512714
-0.010210390760757394
0.342194578138562
0.06816107300647123
0.8283231889290434
0.3405161082332624
0.9173060337027172
0.9480181001515937
0.5331002881831253
0.3912545578525706
-0.03610486940105964
1.0095591275481732
0.32308734680571927
-0.24166961664826797
0.14320702331145407
0.542553204789208
0.34699824221199643
-0.33427497010654866
-0.12055815230780988
0.7132821028495833
-0.689299880259351
-0.19901188449650345
1.2970386872309243
0.8293076358187075
1.056182754584951
-0.4160040022407385
0.18220982077741438
-0.5208656831599183
0.35359038387493746
-0.04505280416833336
0.46918311072575686
-0.8064981892300275
0.08707842377838886
-0.4328117546587847
2.6931657021008935
0.7473335921889934
-0.04481024867533295
0.03640089009741334
-0.5817862242262232
0.35628351179005924
0.2507844191826003
-0.9257103239600024
-1.0411542073833613
1.3802351121526013
1.0056534993617112
0.016946318065601075
-0.7746336260454963
0.2359879838650025
1.10511111852158
-0.3630070307387125
0.7164533386558851
1.0918530815733938
-0.07252154144961517
1.2907607892221509
0.7602327562203255
-0.5156619093202467
2.0666878939943754
0.6813088101467856
0.7856632168231624
-0.295732865525721
0.4574715378497212
0.027622242256472085
0.878033624417588
1.3843961243435787
-1.7453070160061928
-0.7039215143435007
-1.3575383224512576
0.6274695091592486
0.35943653386503477
-0.8559386908523008
0.2144667047097506
0.7119437258619175
0.637267260878457
0.7958856912803814
0.6688056602145098
2.515592242752899
0.9880924823484734
-0.4326794204639866
1.172621982230913
-0.7084137094824773
0.6443815911437962
-0.5598638296617897
-1.7145297084090574
-0.9996455485128157
1.2245458719640288
0.071145524879353
-0.5634082342715235
-0.7116444646019491
0.20670987832079454
-0.03649822258730978
0.31671535774682025
-0.4652221971388963
-0.33633487797442974
0.07483658056062144
0.9498688105070869
1.2036026679670904
0.2972086925622063
-0.4112308274021825
0.09729187084100907
-0.22889054598264863
0.22888414407229218
0.24105243858401795
-0.34995837453942436
0.03177067543232204
0.7972856270639356
-0.21390586622547428
-1.1149780692504483
0.7483847827479027
1.1111942024240513
0.6453397272681413
0.7820670423055549
0.2766704190421079
0.02623714892858063
-0.9673021645127222
0.7088684212542555
1.5653494128310286
-0.5782944258005769
0.5684202805610621
-0.34352623759535394
0.4285980642244243
-1.761744765689671
-1.681312084149483
0.4548442488779357
0.44599659305046846
1.034469871276307
0.014566925591726097
-0.14215106995738175
-0.9597267124760187
0.5695739905380622
0.284190781385679
0.8751181053302908
1.3634468602313112
-0.45698054940887384
-0.46213127594692804
-0.17505221054522907
-0.054812859712135065
0.13204784386316962
0.018805856657508814
-0.3715609005512763
0.16935309294995632
0.4845456299554179
0.5283684190412032
1.070573357169038
1.4833879152800964
0.284585694673474
-0.02453442515103041
-0.13853091089329173
-0.2308789058535028
0.9663487324349039
0.5146343217773437
-0.5266442009310776
0.16643240328243888
0.33652961585833713
-1.679643047062792
0.4466534553599333
0.036105611676803484
1.3269626157165144
0.3919269122896385
1.132799146046006
-0.27548999017346976
0.17474590811587193
1.259342137852823
1.772904429167537
1.1788796855101706
-0.20984242532310382
0.05516415948897991
-0.8407688696776682
0.3480444314421835
0.41560654415360054
1.8010672900751552
0.2818759837378879
2.15324510852828
-0.958791288926212
0.6962368201382517
0.4175232008543083
-0.9957921503535936
1.7107715644749182
1.4262063868303585
-0.24241410141169245
1.991402759771418
-0.2254508618873858
1.146296630130028
1.78886718972484
1.0318812170819966
0.31430691677442796
0.29695814380825775
0.8606979112680012
1.203298277502325
1.7038419835219247
1.412739968432396
0.17199867625602022
-0.32649397239111577
1.0642686155955572
-0.18501935533141423
0.08820749385178626
0.31753941942402375
0.2638352037405109
0.2854316299032889
1.79795157131775
0.08845379984555873
-1.5740081565227861
-1.1522060062747421
-0.37407921915291453
0.5279565169252052
0.06240951581420654
0.24235016257466702
0.6480366690947423
-1.5806107716705542
-0.07568800795366613
0.26118729338654395
0.7452774127174425
0.7302313116997758
1.1150475975925311
-0.11946745567371507
2.6149982120376754
1.152333869071347
0.7396773894803708
-0.7397520034755387
-0.05838526239361065
-0.4453417626729293
-0.5773345459212142
0.6026008093106217
-0.05323926555932351
-0.11798981969051991
-1.3237879080989892
-0.0802665362280799
-0.3441628637119186
0.8749544487697217
-0.3056571046427778
-0.24200437822840526
2.563416765331375
2.1360281904418903
0.452615994904709
0.8128699891423506
-0.37482184094924964
1.4050634589563502
0.666704681516819
-0.14074717097592176
0.08590412952314898
1.6733542103892423
-0.3133450280609946
0.9071752518613911
1.2906522604659278
0.43168512258817865
1.2305798046157794
0.7777118132870092
0.5766895326846174
1.1133427116729755
0.6906071364088286
2.207402390469912
-0.35759916629225913
0.8378518199227263
-0.994714511419512
0.30373064562083546
-0.16607160661134043
0.7063770272774129
-0.034011358031144114
-1.257511124979657
0.01736383922867732
-0.9896575943969073
0.9998966932695778
0.04340983353278643
1.1299212164371875
1.3263006485352344
1.2135724313146847
-0.057545195203176615
-0.18280200207940855
-2.2599107665000284
-0.4514769464135581
-1.199934326521103
0.8544282959691415
0.9108004209778523
-0.2260657853997755
-0.6299102994839421
1.134820845090242
0.9385692793825233
1.6835601864504939
-0.27600278106036397
0.45528713128332776
-0.29266502395077953
0.1973835786155316
0.6782887885159175
-0.5538724315282275
0.8191804311797217
-0.41197058047286367
1.6327277272762377
0.2295039450161466
0.1180803964673183
-0.5296209117263742
-0.25446742756630875
0.9171846943798031
1.9633192345239787
0.830963924971238
-0.8190299580326402
1.2638869125285748
-1.1912352306930627
1.120621442658913
0.4310894909051304
-0.28358743058604935
1.0724119045897842
1.4912930433109546
0.6047939896631283
0.7302610540082229
-0.23997165521139066
0.30111132855099726
1.4671510431380193
1.1744559093477074
-1.5695508395851936
-1.173238907276239
-0.9603164708513126
-0.3297796002855927
0.7307740357285185
0.8127177603767932
1.0231428835456402
-0.5111188854898204
0.1651744442067215
-0.3236446944283673
-0.9190018524772372
0.49287100649364174
1.2583562482308193
0.5064991832729905
0.176714838536361
0.758531736786886
-0.23161712891773426
-0.746569605195034
0.558787578534645
-0.01984221011349553
0.3969167190792705
0.48034649992954087
-0.5836896124790083
-0.1839147908297478
0.11491694138288991
-0.726785437917513
0.5301482204212247
-0.06356726205284391
-0.29882540208635555
0.518577374690039
0.7968580886541656
0.43254326167964213
-0.5653163515615933
0.182251095615187
0.9265267969900693
-0.37936752624062675
1.4824186187652746
-0.5880115595823532
-1.863438591387676
-0.447126935736041
0.7920114712664863
-1.028260067778466
-0.13967257434994873
0.573265756564703
0.41462321336006036
1.2941990587276015
1.0514502473227738
2.0152187869776035
-1.0997057034509552
-0.0014998775066114023
0.1148939751113638
-0.599629911959264
0.666064578010418
0.9611139390593879
-0.792458979966148
-0.32905316289711395
0.1961301423969396
-0.2182937301197565
1.7785811103263984
0.3127991124887248
-0.5922283234282574
0.5748638459665164
1.240912325284348
2.029574481994372
-0.32756228610620575
0.6087315448783608
0.9913106690732484
-8.186838822709652E-4
0.8233750081615367
0.8860305521924299
0.49005457171015193
-0.44545073832742355
-0.9409732988431938
0.2947479436489952
-0.49620077293335396
-0.7374356368966184
1.2853876960129675
0.22520796362428827
0.22005331583519464
-0.7750074785084395
2.158746305828573
0.6935385925881893
1.5664815575430955
0.2071203939364943
1.259694411982179
0.8411571197163986
0.40527558099832933
0.08702664792456782
-0.3346761316373652
0.33089193576173137
0.00837508924825709
-0.06411325752668122
-0.06617889591104822
-0.07925607183179828
0.672782681971989
1.529203988957095
0.6603720412628037
0.7316252219783914
0.523543826340259
0.9798429125927627
1.3720286592022146
0.21134874714810323
1.8619054246308095
0.09925676344660864
0.3365787654840468
0.6511452984214202
0.04597720686502957
1.2249848506087102
-0.9857181230231683
1.0163719202514632
-0.27645626849197935
-0.019409740058370442
1.2719090399525024
0.14212087550636734
-0.49761469658634416
-0.7194599104684576
0.5259903251428134
-2.3139647468353592
-0.8363125956311085
0.8878081922042479
-0.4455235911150896
0.18107687473592504
-0.9642174244325706
1.485894798107701
0.7098515826805816
1.771221923795791
-0.8732471855503414
0.3310262964870082
-1.16733362567161
-0.30501504358295173
0.22363065839234988
0.9598955670567652
-0.12398081170947507
1.1397957331430135
-0.07781558756772389
0.4264823870770768
0.4006747085789864
-0.4568161046961566
0.5169007442718437
1.356682910854917
0.3257038236979484
-0.8702557234825422
1.0429146743785447
-0.5058540343333734
0.661620042488811
1.2623293881487763
-0.6690791972122208
-0.7862559881722264
-0.6292554994609452
-0.27519696691257495
0.5008442065801478
0.3699250925936783
0.5443584248878767
-0.7270799033434855
0.17530505951933587
-0.6084478820809026
-0.24524487663796946
0.398830862528644
-0.7917941573055488
1.0584417811979323
1.0870915848059832
0.6184112748808217
1.854007618139142
1.9125406091612782
0.33912431648904245
-0.43651957507482025
-0.3265056858220121
1.0539218682353784
0.27984714562562585
1.2298233766803557
0.838972867035392
1.2569738939577315
1.2048787762043174
1.3364247515377685
1.2228567912499104
1.075191944272454
0.5380522820128714
0.4562928062785329
1.2874785957341799
1.395551365784721
-0.35912049152878045
0.4428373707263871
0.20340524529454876
-1.0262760296060955
1.2886940077423632
-0.4259610555801235
0.5370815480761358
0.6892493753323704
-0.10060761664197405
0.9155120605356877
-0.6166624561282723
-0.2850026083682716
0.6992583838852462
0.739397395331063
1.1873060927459866
0.030642257420670928
-1.2256409012937237
0.5410702912690181
-0.18371397001785592
1.4074258644570414
0.8727655872046106
0.12654439111260343
-1.320836773245645
1.565093450715001
-0.19587774505310598
0.60254049273511
0.334298167064772
0.5802076386428311
0.13919818435575326
0.7719207834514425
0.006060474169997967
-0.3581002124106679
2.258310311968462
-0.25038243066150573
0.30115092641501123
0.761149873147828
0.3109681823373446
1.3937912835363366
-0.29649929392272906
-0.7473077017687177
-1.714405324962379
0.5588470219639383
0.6112673914410509
0.925343923093103
1.6962937766084734
1.6199228456699788
-0.19503097288704327
-0.1794581115151752
0.7253585317494154
0.3004608182730089
1.8137378183382784
-0.7808897382071535
-1.3601600335676793
0.5922909399876775
-0.7637374103064549
0.3550537998657211
0.6952046035529803
-0.3949711171807406
-0.3433199173066003
0.5502298807908526
0.43942380963404726
0.2628754978310104
1.9163513191202317
-1.4676830074479161
0.22346608238350993
-0.40962187397972766
0.02461210638968126
0.6511740573226656
-0.05236275868434109
-0.804347622307277
1.9766310070068533
1.577203870402192
0.09045088845304886
-0.5862664568937191
1.26204788863008
-0.05088296110276798
0.9765947446759269
-0.283855218241528
0.6109134905222557
1.1043869545075022
1.0760278202982967
2.5966863456984384
0.9248130602915593
-0.017303679859592767
0.44702614330768675
-0.19487364972180815
1.0825720646163803
-0.8343685107081505
-0.3333122896547993
0.24463504951253967
2.1503701977119696
1.22962770908827
-0.1061001998858433
-1.252825284505078
1.114075279838388
0.1791402301876811
1.8520181200592833
-0.3927772575637263
0.06055362959827889
-0.4139393799082391
0.7846043236586355
0.25381461157441365
-0.4852009575447985
0.3954662099127831
0.6077658854272849
1.2156831218741404
1.2749019885261164
0.07694136764402791
0.5634898077688588
-0.5340877425637771
-0.5121628478062803
1.163899957696632
0.028452166869624977
1.6960714731190432
-0.35575720126037014
0.5129916255638994
-0.9509310606245868
0.9834289391048524
-0.12808506390437252
1.3970390043726804
0.8027110440136469
-1.469521704245836
0.20813814125310753
0.9006061285757427
0.4566249666901136
0.36405117840868634
1.5177384149505597
1.073455362368065
-0.32522028467339126
-0.4666638158958038
0.09745420614713565
-0.2500181442048219
-0.3818166673033327
-0.2600906743968273
1.3577969869922477
-0.7076895833238439
0.5636667496386644
-1.758491460519229
-0.9665058417675487
1.2156453315502538
-0.9329118990514895
0.04531218016902995
1.4111925690053078
0.6849034930926415
-0.7856752717092372
0.3783354607289583
0.26655861773162154
2.5840310790184224
0.1832037865839439
0.865495747729697
0.4650066813428972
0.07202888602540919
0.3800287935023413
-0.49005798577524007
1.5650556465362722
-0.48461521961332094
-0.48399116160211775
1.3890758920899475
0.5635318110138392
0.2023125219269475
1.7535866760654149
0.6351739071800648
0.3492158397648039
0.16828001877805418
1.1386229987366636
1.8828684369355921
-0.3468578754668401
2.55016528376979
0.0010748128022480888
0.36474145127636814
1.3818519973309444
-0.7923318013008713
0.39744166850529766
-0.03949703215536236
-0.4044280668212456
-0.6159210809994625
1.8912005603410393
1.0172925637461434
0.3425632504318221
-0.6556704956837116
1.3041239240661107
-0.5115101284188768
0.0800921160460412
0.8052285868681611
0.01212613578931547
1.682866007451252
0.06959589467617379
1.7906527863598058
1.3591388682431313
0.20634883973208057
-0.24767182402866178
0.9473162559654686
-1.1817826470048045
-0.36834535955772485
1.2405518936493753
-0.6163028588239032
-0.5491810539478613
1.0046103275070413
-0.18983295661071728
0.27956483033542756
0.7072669205571162
1.7631847370828422
-1.6962380071959218
0.16670141728926385
-0.5951068606174956
-0.2512665204341324
1.0136564510214
-0.4560190699375324
1.2761052045246055
2.5447704376686793
1.6140997962981374
1.8861882793602447
1.730018804322491
0.8837038891736322
2.042841326725893
-0.05264407792259305
0.644793298331233
0.15509868621223744
0.3198458644928367
1.2906120324326347
0.964460389281468
-0.39042786217199027
0.157902145947718
-0.6212894686955909
0.3815785849589104
-0.48975444009729074
0.24880828866286114
-0.16022910692360984
1.3824364300295688
1.1881698380840637
-0.45143690457870667
0.004430807964232064
-0.8209646330651071
-0.7657574137420823
0.253154159797789
0.7842582466595828
1.1960952563879914
0.4748880423621028
-0.11901763993909031
0.3293232605975263
1.0671882630558205
0.2129994100393428
1.6967916263360368
-0.7409158185060905
0.04545473719755271
1.443719778016108
-0.4221567534882476
0.3212475943191321
0.8190323196632785
-0.12249688805026557
0.4486632348270808
0.3168354375101616
-0.7962528608799435
0.4081440268894506
0.6279967361914158
-0.20927214412232722
-0.4055420496299073
0.9198059043813329
-0.2942169896345655
-0.1435275051902808
-0.32090314483939486
0.8898347106421239
0.060202987004998654
-1.3122661376410358
2.4895572000023334
0.7471337110897714
0.7751509580995597
0.3833271286780428
0.07850431337964899
-0.21634245190685936
-0.1494073052249713
-0.39962106048000107
0.03257694725353118
-1.9753618897761505
-0.3596807183842654
1.2436350498862363
1.5325442067168593
0.38372637078025773
0.705357814435121
-0.23952073079350633
0.5977582043992348
1.105991347730351
0.33757639277133067
0.8733263055983067
1.5441067585636954
0.9220440367057411
-0.9450307806692272
-0.16315860030968382
-0.3734563804312468
0.36036330653608634
-1.8181709630492808
-0.10730775927988724
0.21002776901230635
-1.2448315653599626
0.08302772964519518
0.19205812662240157
0.6399146192050102
-0.7030010970131788
-0.5950617735068318
0.5472934850893942
-1.1188319704170888
1.3688320036147663
-0.18684421511532673
1.1218865824046624
0.9968972977614908
1.6714718396304329
0.8649268116366509
1.1640665985196026
-0.16129876653339908
0.23938257253054077
0.42441597450135526
0.7717595285492346
1.2814481691026758
0.680029374793083
0.5848172185993091
0.09814874551658083
-0.15256789836009518
-0.6952611389049138
-0.14583825417519597
-0.5220382629936183
-0.3984326723282172
1.5128909049003876
0.9972809314860417
0.7167021409988441
-0.8391962954041442
0.176649188126682
0.9548805564736502
-0.38867413933703215
0.35408927077703023
0.710443629668033
0.130500881669318
0.7521578290114216
0.7998592633876138
-0.6185320575872598
0.5129225764623724
1.232661366354223
-0.4084904511761435
0.09815968246575901
0.23256281146184143
0.05497800381735299
0.5327690261359048
-0.4051024101182979
-1.0477046943433286
0.06401590949809506
-1.223205618392111
0.7046482940403173
0.2502145345378276
0.15382096751812968
0.7488297025035334
0.7294655595841277
1.1452488444918267
0.2827228846066677
-0.417401031071511
-0.24285093560014395
-0.38422351104728913
-1.293588368337778
1.2246430970376339
1.3368330824867263
1.119591091585557
-0.275203776558496
1.1534007266200839
1.1493521106059408
0.4298330755097224
-1.7098299289636496
0.6084514823043086
0.003361781244399748
0.417379215463791
0.8967608577539943
-0.2984649381789439
1.0505364385168152
0.44764628223160197
0.21804570888214947
0.7955997185132859
0.5480109180703597
1.12982362372369
0.656581159509007
-0.7778180964973053
-0.49466775584027356
1.5692620937690571
-0.8423660473869823
0.6311963942651763
0.7595002566979727
-1.9041495378230586
-0.14728889629029154
-0.6137956459998618
0.7867855385199586
1.5808150431142183
-0.24831488067338464
-0.7972613309428681
0.886151635612055
0.5986325545079443
0.21351777563415983
2.467240544371761
-0.5447734484186146
-0.4014825293485502
0.39600584358208996
-0.3310397449430168
0.9200469314064826
0.19510513905858104
0.6584158254049323
-0.11599670248481023
0.9639031030633733
0.0793519610991346
-0.2698496966394597
-0.12740121276687777
0.4149991060192181
0.8717359689902707
-0.0263288254476865
0.11402288201334179
-1.6145291209988155
0.20295718520473632
-1.595222900359948
-0.3934049752553506
0.026829438058749325
-0.22461544968743283
-0.03500541070695987
-1.4785168476471273
-0.15072175767256293
0.15722931442640087
-0.8502949980849669
0.6986560842699236
1.3044654098110426
0.4880379333521688
0.5628434048961486
1.133972387049057
0.23913216524083636
0.7820715087252914
-0.5452693597145095
0.1743492971138041
0.026166476048796697
1.9259624855708448
1.2266326304939668
0.03691905715149245
-0.24028390351070622
0.5620904750558288
0.6316145780679795
0.07425898800664305
0.23123153527027474
0.17243927047361712
0.8338100599399567
-0.9454986090685196
0.333532377214181
0.994747062297451
0.6163831322647791
0.09027172058653449
-0.9276864902313886
0.04411122550539722
1.5760285768246
0.7544867496486338
0.9444886821518538
0.5328473214589088
1.217231730258892
0.30542817057055205
0.2841383225368625
1.8132763109515229
2.0081045436526486
1.510123281599505
-0.05963985402034532
-0.5004912462387097
0.07778470768889671
0.6321672202657838
19
-0.8534682737683703
0.23731324202753418
-0.6472725886256366
2.0050564969643023
-0.031291383699039874
0.44291596009526313
1.7539012335863475
-0.2783121654664052
1.0845893603260128
1.2455205638930391
-0.1430066299844816
-0.9585296309078633
-0.03150924631316427
0.4604775053066185
1.1573133656965544
0.9735691755131292
0.017610478851894595
0.20478948118339457
1.3112062653133711
-0.7375906351014118
-0.19900222945925886
0.1654199613313082
1.0221411222519763
-0.12350817194968158
1.2712330713679667
-1.599922967987043
-0.4938457685267383
0.4827270469754938
0.7877321509649061
0.2904663669558173
0.45816567762033983
0.07066151797661596
-0.6392810472759063
-0.2703833640435031
1.5419222334840765
1.039314670879416
-0.10651890155338573
-0.545986294802456
0.08250581498031122
0.6887516818252549
1.0068732687435094
0.009923863115426017
0.2544177066284048
-1.3302524254132242
-0.6376987495141531
-0.91521609802144
0.7855943928443605
-0.46811221687904786
0.41637613171196175
-0.32514795651922923
-0.3057740658124074
0.6553410241914439
1.7550241673385307
-0.21594000287027998
0.35725024726535043
0.3187887958856576
-0.6294348102145662
1.2159696071476311
1.478973620633178
0.2526829200296931
0.044374699922565354
0.2439793501361065
0.18317082235661714
-0.49486139881257574
1.2700596939560211
-0.593678380868298
-0.4642122324768223
-0.5243900850658026
1.6481629172885592
0.10101665195831991
0.6812525235384516
0.6622107167333438
1.0205748165391917
1.8911220236026904
-1.0831564100124915
0.8330419895157735
0.39041462142175254
-0.2027390623197601
-0.723285305210927
1.0315513706277177
1.2096060989111577
0.1748278298242369
-0.2400570481486899
0.886325793751159
2.3129095124786816
-0.1503306211194148
0.8129644444745054
0.5498084960687071
1.3944807246918667
0.43308380614103664
0.87790254195861
0.38113782684128716
-0.028487458879095935
-0.11304034707193641
0.8379301267528506
0.8320882410868621
1.047367854770938
0.6237226268187926
-1.4100934316288984
-0.2953600119936424
0.4485170990509266
-0.5801606933313683
0.2035151581282576
0.24920442839172535
-0.06420788880092979
0.2033669631325823
0.8069437013803559
-0.6434253826115892
-0.18186234571522783
0.7916698094833128
-0.22699411097017952
0.4341549594243287
0.13024884211282
0.04391179166503245
0.44525013710416156
0.21883799826451614
1.1411892536585646
0.37956410961180326
0.713033585594883
-0.16787301580237907
-0.23848661150877037
1.0284867731839005
0.1257899995923901
0.5677469832930233
0.9365540037680957
-1.5592156720868067
-0.33870569351926316
0.14820904897253914
-0.5829997525073025
0.08364277266295879
-0.9071511253585403
-0.6858269562883509
0.3317562810880938
0.5933351671240175
-1.0075779424395166
0.8478295537644636
0.2264789450008192
1.6817585772568826
-0.5750650002639848
0.11279568431908461
0.46558073922471993
1.340539621094667
0.16016982630865662
1.17431208374378
0.5904427011908513
0.9257019238834308
0.4782737207756672
0.30733047704943717
0.07473011031668188
-0.44318153524941173
1.1611042148612896
1.3022849137481665
-0.6431956901108951
0.6876548634536009
1.9687736682980341
0.9577679732313823
0.7039463247066744
1.0380502202318926
0.3348209452299779
0.6830205278304754
0.36854460585189713
-0.7033312719356337
0.2823371315814892
0.19373524726138044
1.2447667904213342
0.015425812620502985
0.9968740098675476
-1.0158263687259264
0.09355197121815464
-0.15551681077931195
1.1487378126438432
-1.085357481759162
0.6538080335163404
0.8261292605194276
2.0953339594162386
-0.2935457428360662
2.877278093810898
-0.29291659002961634
1.0819400057918829
-0.7447919296393539
1.1263300123335722
-0.41486036801811627
-0.996584656329418
-0.26872379375592126
0.308673679058709
-0.2209436215569056
0.9149696606839628
0.48082513008060185
0.8177498354721356
1.7480721455842345
-0.28899461984778496
-0.16218627159989582
-0.4833378488689856
0.03180146505904918
0.3120955695261759
-0.16085308331417814
1.0803875720736862
-0.6425886525663749
2.272469335065562
0.4689551012008343
0.014875601203607064
0.18236012203986637
-0.367651642993258
1.0093637881058175
0.4775520516579183
-0.39466807311071894
0.3975301278270415
0.2054213333867254
0.9643024994347867
0.6092538922689125
1.9940418917823728
0.7995581384009061
0.2769071980635649
0.04903283704455526
-0.9702654061441531
1.0530183442588688
0.5467930386347405
1.5158097392459595
-0.8984374837451223
-0.7285936218129818
-0.3032868718656637
-0.1941275871223762
0.1663246292318989
0.9165475143434569
-0.41557851328436196
-0.37466781795360615
0.9612399644153165
1.120114506545333
0.4069664655991984
1.7826994797392905
0.7124788546991417
0.31637416273921476
-1.90417609861299
-0.8289012405939618
0.7771617119026599
0.8368515125229599
1.7843318705998779
-0.5194315885633314
-0.2081237617483086
1.0369780415543417
0.8835831839950128
1.6710569484678939
-0.31131774643251786
-0.3133519613205535
-0.0574888281510079
-1.445062638110918
1.35957173848721
1.0031498016244658
0.6275654816232312
-0.5692368115246706
0.3445276845607658
1.5129446850445556
-0.16927827519315414
-0.2617588306572233
1.299273418581466
1.0460074677560187
1.2238359854547745
-0.9779017693528831
0.8539322827756777
-2.1583143905984556
0.18206355987317438
1.7271018327256045
0.0684475885773319
-0.05122136451711408
0.1038926494148745
-0.5210226830555641
0.6649390965421285
1.8644304551907727
-0.36703282345931115
-0.6161737749692777
1.064771043812561
-0.41796854960711904
0.006477435189855687
-1.9393033442289984
0.36121992575687684
0.46610449482554595
0.6451344314338011
0.5812960904522806
0.6638435223239192
0.3420043947608583
-0.537137733429498
-0.6158153792232495
0.3637526217346613
0.2929306844578151
-0.17817357571430795
-0.33027865854219535
-0.46977536296884764
0.8522977020358007
0.5744019610930496
0.8810672387535338
-0.008011939963287938
0.21453843939687475
-0.07934160539766616
0.8725308519883118
1.1965264682725443
0.15990724304350026
0.16538325977276985
1.4245438978333782
-0.7101198983894624
-0.28535714045931526
1.6368159689048523
-0.6076609714337672
0.8895437167365952
-0.2310717435276146
0.9237435170938934
0.1691953923237502
0.8606950548098888
-0.6880486985719059
0.055893057977906696
-0.9764768404862751
-0.28451252577448677
-0.8349130692496272
-0.37600562417556965
1.3950462002974535
0.026519410577711712
-0.5439459874521796
1.7969052306208046
-0.49092089688635593
0.30897151621756924
0.24062563249369207
-0.7848457946698452
1.6713931681081085
0.3358584521524258
0.21192664478547776
0.22897340248259784
-0.6829886109746794
-0.2838946847819964
-0.6476585628582356
0.3039086997914948
0.314445490150806
1.0079388911488356
0.24350798333859336
-1.4289773377587833
2.4170688542214007
-2.076380054495531
1.6591304946018326
-0.14479919375172257
0.9585628538293006
0.231790287285062
0.46710417781567426
0.4540669694107692
1.2758780611533882
1.1237086741473892
-0.3123147707414604
0.43365971446723867
0.4245148271784498
0.24465366588362303
-0.32607103416585204
0.9049751702800103
0.6963049848454875
0.20268162130560613
1.543897359556273
-0.8461699811595811
-1.5934063815673567
0.34073782196904406
0.500462601879171
0.34913765376520955
0.4112298377138128
-0.1967791271666462
0.2219993854876309
1.8734049003816473
0.2545176115461539
0.269009592468479
-0.1627843422459349
-0.8134281884911992
1.355725182387769
0.41568543318757833
0.3233832544476033
0.30056751330478715
-1.124710096783558
1.1433977891025555
-0.46003101561408244
0.6971417978312181
0.5458227799976378
-0.9388702568191682
-0.7689990978144613
0.685398601847074
1.4570325590357174
-0.14902062618028225
7.084937304835115E-4
0.8819133772674979
0.10325465513871923
0.7022765435601985
0.7905235991653408
0.7112472432495797
1.9585936653773615
0.27268904137340005
0.23721566202054395
1.4342355995754676
1.205171451916041
1.4765244594864444
-0.3524413616811051
2.2398281786053107
-0.16255645317053227
-0.39966603799400113
-0.49600014895698846
-0.7489149224604332
0.5273726938123926
1.0213169326549905
1.4308779804565837
0.8732490291955464
-0.5038001055532919
-1.011501443275349
1.101694133154743
1.2768156727545823
-0.6337008721239138
0.9913202988046654
-0.6138237211836639
0.0990626850005787
1.0711437464969258
-0.1548960108444054
-0.3611993451788585
-1.173875873507775
1.411576261622218
0.6695290717685854
0.7500379848624772
1.0892019289219075
-0.09761730859797657
5
0.2774098841413964
0.15003170762576215
1.4064441061065316
1.3168652662702136
0.08736015135503233
0.17535264283907762
1.1745517445971592
1.8509729133832002
1.9896259767604831
1.3915392409232592
0.2204035633090789
-0.18458763037876086
0.17164152216811956
-0.4699689657605944
0.4289878775398232
0.6872434305045033
0.7235929302621484
1.2426406399603163
-0.16263047217094023
0.9182720769728545
0.3034839057598695
-0.06791108881215678
-2.439169344153554
-0.019683127710291765
0.029352412661131748
0.9807969701617156
1.0381059311533385
-0.31304121710829513
2.7024879849824
1.1554519206045433
-0.09926774210305377
2.2760793792574483
-0.44450073508996046
-0.09622739650096829
1.9671577431909486
1.815093739353256
0.5612827049362374
2.8468758576244566
2.9801322778897847
1.3503308453226697
1.4134256901806677
1.5807709533512924
-0.22951127195418491
1.056962569601871
1.0735148805801766
0.1120649056647379
0.7065903432384878
0.02444983509342906
-0.253782324282212
0.4606666869809397
2.0465332639051295
-0.5769939199459596
0.4688692070401491
-0.7012059242598526
0.09121651874154219
-0.8695317896657365
0.9771705747075556
1.2874238808544591
0.6257212231251383
0.07288038506807047
0.6558767005726656
0.7180063735415281
0.37887142636330756
0.3743974636898193
0.8025318791078184
-0.5057889625549525
1.0472666722732176
0.09757775517298449
1.122876852615148
1.7920906803543186
1.1794491732472334
0.8742467169752794
0.3299143350305356
-0.1855922047368116
0.2462878263067491
0.2540354785977514
0.4010024719012433
1.2400158951271683
0.18075453006374984
-0.5801087753081833
-0.5408553413513729
1.9464756373082484
1.0478452743039754
0.012087567548723574
0.2924076295939497
0.8044607091360773
0.9966340169747636
1.7748263236885757
2.420543752879237
0.7739870156272488
1.1306871508423237
0.2853382693007908
-1.2986344482086922
1.0191174246582084
0.9360215715040833
0.4988032432283823
0.32955730325649857
0.23816782205956552
-0.5574141685425663
0.9873413491341162
1
-11.81069904020881
-12.713467665737525
-11.494610076570586
-12.357073472476378
-11.806060686585935
0.4302445163725035
