80
4
5
1.2060137333461336
-0.12442340747735858
-0.09943874811816447
-0.10259983642280565
-0.06779396396603667
0.6023023706977279
-2.0458290591907797
-0.10836176382299656
-1.2874556947366946
-1.440347583059241
2.7700471563146225
1.6094188503122437
0.9589717931431648
1.9008823285163208
0.7865535962806327
0.5801174695295128
1.1300902739615122
0.16654700039788983
0.4789128290749812
-0.041171022983114196
0.3321997844670731
-0.6484176275190929
0.43156576087457543
0.9021673382885517
0.9467785708103994
0.6599097732664616
0.3359793887959851
0.3052183681475425
-1.252595497330411
-0.6833351527354706
0.07302781260104141
1.6041698283705403
0.6153911668348852
0.8434535194476559
0.31977293654551403
-1.3211472126829606
1.6717070647226409
0.9113449668795955
-0.22779342468897662
0.8867795833552661
0.9209997703209445
0.018056660746553876
-2.337550671939867
0.03594341472231039
0.08377472526483425
-0.17555373672125807
0.9840582885475679
-1.0077911705369027
-0.7053717601699129
0.22605271462225557
-0.3754024869179335
-0.1399790479787082
0.37649262455346466
-0.3483331444461788
-0.8111900678077167
0.9367505189785811
0.8518513848412999
0.25026131540455787
-1.0963978308272848
1.0218526084531032
0.3869728301602553
0.12599415473464246
-0.0802498244824808
-0.6124939652394257
1.3665576405211355
-0.0033746955876204944
1.065739207000917
-0.27080232555513467
0.7204744453827426
-1.0804486267355862
-0.513220470683578
0.9267888538080428
0.46270000193270994
1.199700803061777
0.9137998187851601
-0.1411931821167327
0.12167373801664014
0.25482740239915813
-0.6710138602139539
-0.7854903335342737
0.36116402562424066
1.0603846208951908
0.27870807790185914
0.34919802666051025
0.2871329832082627
1.914947536019787
0.9481876256633675
0.871539816497052
1.4165608663081921
0.05378004606790035
0.3169678755281231
1.7559628714643236
0.3233174350392064
0.26967689168695663
0.755693806678791
-1.1379132328090928
-0.04903058667938193
-0.035803869835172954
0.2702739450055858
0.9197284501123245
0.16308808911932474
0.8266386295156049
-0.5673173014832744
-0.4756734988776603
2.088738938988589
0.800880055171788
2.3446261504334776
-0.4138406954871623
-0.1760977337974577
0.2732619530536126
1.1616913139430647
0.20062751914032964
-0.3430334274000751
-0.9118681235965209
0.35090263038655456
0.2218291059136816
-1.3393279856519602
0.25591716744716586
-0.28020745395005897
-0.08719862080436294
0.5096431632385366
0.2244182227540809
0.45105452931375467
-1.056637429715405
-0.7603784806088416
0.943551341942713
-0.6679038330127649
0.5824896496746261
0.2832246706600717
0.8283492054207345
0.6182202288756741
0.6276514583888628
1.3419575676495907
-0.3743452374394033
-0.31555765854585777
-0.8148186927201119
-0.5812202407369017
0.8000402601111775
-0.8951674608742342
-0.6752990433611878
-0.3915205720284191
1.0671855649309547
0.9683040530948654
-0.23506666964955703
1.5455084631053244
0.8730386494972981
-0.12050423585329882
-0.5414076381868999
1.0847661692618493
0.25694758404047735
0.33464588580314575
1.0011439826161572
-0.8323067566947853
0.056505711876442814
0.22701384670543948
1.4047998014755376
0.2835413765783024
0.8389654662259292
0.9596355707031545
-0.015998070541594037
0.7098199462829164
1.6675730161449447
0.9640651093511126
0.47046033497976114
-0.599550871675115
0.3213874622879119
-0.8978505047516954
1.1311222268346692
1.3355100535287507
-0.4296357157408896
-0.3182469362933139
-0.6776755260218339
0.42746365685330184
0.3062304465952318
0.5741959606041882
0.08087012225061661
-1.1523366858626747
0.7125573769619079
-0.035561322293605764
0.8451508620955052
0.2641559941376958
0.7753235461755015
0.3620748162381171
0.11171965840889934
0.6501941602031063
1.4627382935043307
0.6102760994968202
1.6595928264948638
-0.14882963507503966
0.5905004500511161
-0.6082876783716189
1.2258751356697586
0.1393606054556925
0.5108865919253377
0.27462257875572416
0.3336813759193829
0.6561663985169214
0.5283099981206962
-1.3922350924722229
0.33305477236614667
0.326526203296292
-0.6695347778010545
0.0331434175390793
0.5093772283811273
0.07075161304624644
0.13114008689643136
0.636509997573679
-0.5688062685374043
0.20071369530998398
0.2172879747663245
1.7373270964781513
-0.7674553066081561
0.43126313133102373
1.1294883348775135
0.14179764601438308
-0.30815401609806004
-0.25197355202286364
0.3255836868494073
-0.010291997803638805
0.103048357782291
-1.1842241518537708
0.27400031832633504
0.5638252136898932
0.8763604173007039
-0.03430803366468954
-1.348678388799961
0.05126490252394146
1.5769336558617872
0.31095841027104476
1.7819060870544794
-0.0047096928167830975
1.380452393383821
1.37723114107159
1.7928983752211416
0.26496752060599804
0.40390686749804605
1.3048218261438462
-0.973540421113244
2.051659104513206
-0.34405252648822404
-0.08205014536154294
-0.8864690817296693
0.5208400455753079
0.10833222007717563
0.8115327627199724
-0.7040956929768227
0.3399527874192571
0.044353808562716944
0.03565531596585472
-0.14226518444521963
0.8913235343837298
0.7781479794000428
-0.32794976105461887
1.0568396774110072
0.32716614482380507
1.0534418714509883
0.7986444293975595
-0.2749042877591007
-1.9788727509909743
0.35779000610650724
0.17206428890872608
-0.9274603368418435
0.7912907825583324
0.8333389475101453
-0.43570875307928786
0.07018525544828348
1.1924470154448528
-0.01731396117113461
1.993546568815219
-0.11723421212481148
0.923757036856457
1.609783065803126
1.6937734934950965
-0.9870330519513545
-1.0003570607674122
-0.20459412845503883
0.30432679455617784
-0.5593703046866463
0.2933044353037319
1.4796972147862038
0.2687872278755485
1.1348090165256561
1.3878446138018474
-0.23863838551138306
-0.4152287316156888
1.1613494875161678
0.5062466656785815
-0.6118198193028863
0.6609934025441301
1.426265520565428
0.3303118508071063
0.08850955035468598
1.392265328565991
0.7110090743984379
-0.30457663367088833
-0.09502418021005501
0.9297606652065892
1.0107185213427865
0.6939106588264415
0.15431853179797375
0.10424084827531746
-0.7554159556107002
0.5499215780984557
1.3849749507890723
0.6472708076655161
0.865077287771775
-1.2268806524704345
0.6537763758055135
1.906924438295521
-0.08893340606191064
-0.1515506205917232
-1.5891950694628023
0.3753614987612516
0.37573881210449644
0.46351639987148086
0.567128710817479
1.2832882766199825
-0.42292262509243367
0.31625164552837176
2.214297488791383
1.206014456328874
-0.5030622914862988
0.02133629567719302
0.41592283221694637
0.4596612812625305
-0.4905540384662952
1.0384016551231392
0.6880734113502206
1.3646405412147233
0.9131691553202356
0.3054942069773996
-0.4692185324669316
0.607619272389011
1.4300096837850653
-0.42852046505680635
-1.7564428589380838
0.4980200437284516
-1.0118526524910345
-0.9174797071188495
1.3428237433419061
-0.06594175276696403
0.7619886649205603
0.2221340661136587
-0.0577656894644369
1.0171143727018384
-0.1387542433013299
-0.11364063194161651
0.409064930565308
-0.3231006795318337
0.2109853612923501
-0.40268410918821285
0.19449855519903167
0.536415294113819
-1.2239599699358334
0.9061798396026
1.435518557002948
0.42613721325873866
0.7189199056838683
0.6018870435435189
0.49339930765548895
-1.2033581096906476
-0.8866892251477382
1.9901644483627032
0.2672607065208923
-0.23185134686509298
0.09375452004649948
0.44977322619974036
0.43004069702940284
1.1556636308638577
2.0177538047193684
0.27134366140346533
-0.3210278691153756
1.1141797138273872
0.7912979151123865
-0.8936670063348352
0.9894836238321507
-0.0819905464396003
-0.2814386221257418
-0.7550074296541283
-0.49723956373582107
-0.18983669849663554
0.8780654988679201
-1.0473488598813585
-0.8494632012828368
0.9034258373644319
-0.863106533795819
1.5173675239543565
-0.9052274131200128
0.9554555364482475
-0.31515430033763664
-0.04997307854397831
0.24740166336002453
-0.3655999421081705
-0.002643543599673698
0.12425916728413094
-0.6473920745500944
1.0758741468449484
1.5754403970315731
0.1879233800706629
0.19295406854901423
1.0336342557478337
0.4358782993630089
0.4423913183757779
1.9912719612484293
0.8578179699897105
18
1.2917680192157195
0.31034475482479273
1.3941277420992586
1.8541271053618598
0.5706663968263852
0.6740044958930068
0.24771080850127553
1.4511314917113516
0.31543018637291
0.738303014887495
1.0359766660030536
0.9929272395544343
1.3222991665899528
1.019186879063571
0.22808979091485446
0.7873787643699215
0.5689446994729924
0.2601195686537731
-0.6202404231845148
1.7734466722207578
1.623022832184604
-0.35441075819285994
-0.013604690169325591
0.6605065711595761
0.4086761854943248
1.6612092818373088
0.04074672736756124
-0.5933716519506665
1.6871597388517408
-0.8591177039331022
1.1470870461559528
0.09556183946244405
1.1268484314601301
1.0003944702791205
-0.1202231161364573
0.5376247222777393
0.4342449747955352
0.17693280221605934
0.6985630389184021
0.7961219419225969
-0.7616535597261889
-0.1679762597997155
1.6577654583796728
-0.41931409360159627
1.1207172131976904
-0.47729393377355317
1.1985676173832422
1.0874980291923368
-1.3399154034210614
1.4413388278196064
0.17364594720615933
-1.7587747527785464
1.0035864085784953
0.7189724298278278
-0.6803825394513017
-0.2006736938108489
1.4778805092726939
-0.31382520876308745
1.639464902870206
0.04967385577447444
2.7853572688451327
0.28518141610661174
0.07591742869040158
-0.06802626476204683
0.3083869297421588
0.2512747586658217
0.3335693225467361
-0.009961898100499605
0.3189037849438096
1.1681544323979298
0.5625641672977306
2.084588764686416
1.9483843816149446
0.1314807419248829
2.3425227079270936
-0.5668395866159784
-0.8615772099550643
0.44941643431692446
0.08152167871982349
0.38977761999885374
1.6202372520131014
0.28692625929995264
1.6401135157126638
0.7825079563382862
0.41498563537846767
1.2694193185126719
0.5177678066601387
1.0897319968254222
0.9461363086330548
0.8475348162458094
0.3699158289084388
1.1148898309735964
1.56183448815286
0.8448350029526707
-0.14183959193663148
0.3593268854432269
-0.8345574295398427
0.09324973383291578
2.2527168975391083
1.324864289308288
1.0282699085646931
0.33823143857989635
1.4068264846156817
1.2335622734788947
0.6138392089635117
0.6836878951484648
-0.545456811862962
-0.25707373792225763
5
1.4168326464730805
1.744444464064384
1.1288083521436185
1.103820188991571
0.14830483476627146
0.3285530816017517
0.7133409642911027
0.4306081932293533
-0.3094613400280083
0.8518619652491309
-0.19394079021590976
-0.34309162619150235
1.4319514395012023
0.7265047541614343
2.0597199390715897
0.11865473733523503
0.4531920803858721
1.4695764551601829
2.037107189128058
1.8948034407892698
-0.05699468059173698
1.131669050367184
0.7230582756621021
0.4886108315902302
-0.3495269301090646
1.212431858848842
0.4998531473136491
1.9337456538859983
0.6616979915832215
0.6668712920273332
1.6919043981485418
0.9787839252255607
1.4066107546937257
1.9430436818461556
0.5170911036189451
-0.09316042237855039
0.7236414018546169
-0.08308901442606097
1.0286319639672568
0.5794215151484341
-0.46491103995231814
-0.26078786247696933
1.399458730278361
-0.08180732458860142
2.118832752941739
0.7398081698316264
0.31038651062514305
1.8406640974594173
1.7085077884772788
2.3719838274852596
0.6259610351314228
-0.46975461025259213
2.2867188790357207
0.5090878576059807
1.3368311925595915
-1.0400269225763643
1.701297974205654
0.9006642587178688
0.17796216417244762
0.42317600578116027
1.6003463828845215
-0.6681742315113339
0.40677164383331144
0.7618622944503528
1.4824064315421206
2.0623297294380007
1.0055015158235252
-0.13031232923239428
1.1363546483221139
0.6060645275151766
2.250551840822084
2.14513684634775
2.6582780650444247
1.5113109461934306
-0.05966760419257985
0.9849334128365791
0.17601466249984643
0.8548161174812452
0.7664964288867148
1.4446771641436729
0.8131688590713826
0.7568917503908376
0.19067652169980182
1.663301588034082
0.8838819355583332
-0.7175848703922357
2.505492409077699
1.250910647429972
0.6193321487406599
0.5690145174160339
-0.2527057045192825
0.21111097644025537
0.7789034480231241
2.014236209823448
-0.6205804948688723
1
-11.706788346917113
-11.65008094290502
-11.359126877272637
-12.72006099909913
-12.499531255521788
0.2305858279799099
