80
4
20
1.2052629418666014
-0.8215070530855632
0.20067992922872918
1.157528703564084
-0.5474047639057505
1.2553817121599273
0.8934150489216909
0.9801604232792663
-0.40248295124870404
0.1655578142170115
0.36002895373098603
0.6394004020847663
-0.03396124089402148
0.37190264954274477
0.3107850582928056
1.0799834796815553
-0.2493583929290214
0.1794572469254992
-0.07417684200454258
1.1796128755707291
-0.010454137675958486
-0.668747729691158
-1.6212329639122847
1.4723592674752513
1.2306963749415445
0.020298414619398443
0.4839994149314635
0.12883641352769404
0.6275994893463074
-0.8228149096158784
-0.46749699188431043
-0.5460113565862399
1.295265321013891
-0.45405443183556704
0.12615340722913965
-0.08756816596501492
0.7334533242593454
-0.04436010450535832
0.5093054402731579
0.910001166797298
2.0314926247418317
-0.3181976813620519
-0.6593869501792423
-0.01866711293069208
-0.9011910412352461
1.6669897390266544
0.9572591949619005
0.891396253392493
0.6128746545803181
0.9595810221885613
-0.4686130032843635
0.39960273248360717
0.6284431044243303
-0.2025844265317035
-0.39624489823476705
2.665502743462686
-0.9629172853684531
-2.228901750761465
-0.10376140419418811
0.7602370960102316
0.4995302264890115
0.2399864144203064
-0.34820119777056735
0.1508594089771605
0.5309418545060156
2.3900572661633843
0.16202683043535318
-0.26736180516272656
0.8301299258753141
-0.7172657653930002
0.16235971170729246
0.43454617184542865
0.03813690856483434
-0.4448309215262985
-0.48576998084625356
-1.0935579654152698
-0.245714255151949
1.798360929100001
0.49522245741076626
0.24800629861932008
-0.4460306152784216
-0.0941616753058985
1.0190240469986944
-0.5148087870151281
0.7017593923947317
-0.0796175923223544
1.1146596394073933
0.44076126133796506
-0.3476022320687365
0.9672736990624999
-0.10202456369742846
2.3099554343473057
0.3308417272640733
-0.24947433253360518
0.5059529690359598
-1.4980339551519548
-0.9589198149758991
1.2648227231092872
-0.753347488485887
1.274431571277298
-0.7020543231519918
-1.0587602160267202
0.9338610590904847
0.40016607890375727
-0.3685529473250845
-0.10939075122875203
-0.02229105368164939
0.5087043638454913
-0.2824055511474772
-0.43168969917400946
-0.38524548154827176
-0.9361979956409061
-0.4226250864439802
0.10325311287327164
0.2923444981906208
-2.107111785399193
1.096635787963321
-0.8097703544311299
1.2446353351917685
1.2322040696160383
0.25476302298035797
-0.8052335874274746
0.3183881025170198
0.8803177844090413
1.95623582747462
-0.39520036002542985
0.28375254453284837
1.2413919649655722
1.0308396600743217
-0.43776339223590177
0.3288840864314633
0.48806600583781645
0.9166828133764091
-0.6218842820028532
1.3657228632176606
-0.6240555774952407
1.0676045873829993
0.6124383315484813
0.27361976087561973
1.162501332203827
-0.31521032932839826
0.018891335123483663
0.07725585918862564
-0.7085970378085586
0.9844980160279724
-0.7956364717359417
-0.9715097916456195
1.2347209879872452
-2.1077336608392168
1.0359631549994104
1.471515568388246
-0.22288153304025174
0.424529280695553
-0.7029523331173421
-0.5786103385303033
1.280430076083913
-0.16004491949937216
0.08061023058638213
0.14017846253668095
1.8163443753303867
1.1336414175039502
-0.8862111026683287
-0.9156428879558707
-6.701551224949434E-4
0.6688313570950248
1.1503094989593374
0.114032494206854
-0.8543828610352182
0.5092428994039633
-0.9490696801215768
1.0278312407728865
1.5742941861957842
-0.5832706679474522
1.1700714856927372
0.3506288699098021
0.5285201033132025
1.6604778945730343
-0.25299015596942825
-0.4338210309852095
0.7474856314277676
1.0227716367601143
-0.018581147396384366
-0.23688191448494741
-0.6231198146781106
0.3618384128924377
0.6207852361545421
0.36469656002627415
1.6075215304976642
0.6309099829737648
1.2279354247035084
0.5465016734497131
-1.488075769009233
0.058864704035540824
0.1873530144065872
0.21999345975719223
0.4051882563175102
1.2910803645245617
-0.1576259178220319
1.0066191770433872
-1.2751047483596958
-0.7538199348128084
-1.324057439078766
1.2110254304950923
0.5606531920675546
-0.9951160087956842
0.7387183605456915
2.7184224499691383
-0.47352619942097635
1.7540091472705497
-0.14916260858746097
0.3431285150004976
0.3162686356591706
0.6631136804002562
0.14172012883459748
-0.387690065837444
0.3389036282327083
-0.4846384194301553
0.8925468531308367
0.3729889860664143
-1.2548481843208188
0.4818382644936031
-0.4748545032043875
1.8773627884770205
-1.1056799012171887
0.5601822786258268
1.1750644547846298
-1.1772678873829079
0.41052552886209465
-0.5964489253566329
0.21969964869961062
0.3541143828557784
-0.33016092526630253
0.09314548743235518
0.7451593248357367
0.5577866620454283
-0.29744447583532607
0.21774239437224818
1.0729849369961078
-0.010720148649265238
-0.3644749764617444
0.12657968514980442
-0.0013905299575673324
-0.5622061325317096
0.8266162468188258
-0.6809927588002649
1.3036374486752351
0.3706171370084854
0.7622359116929234
0.1353885627596627
0.39518083672607357
0.9815473505123535
0.921548608187808
0.4388907486920143
0.7560716235704286
0.08431164725316978
2.1540339061465374
0.9519946188018742
1.4805541894638152
2.358440349654638
-2.2798806415021287
-0.25635175661190684
0.2548114461830948
-1.1283650872016047
0.422698579976676
0.9925011100277187
0.1953069887506141
-0.8999774044883562
0.39153670356410664
0.4344784647952811
0.20293693173784202
0.11389553075952881
1.2146280465542296
0.12092674229236408
1.242633099217548
-0.8998784858067018
-0.15413120465043068
-0.2858511076238527
-0.7795769829995048
1.6175468037982847
1.1943043193389657
1.163701360237485
1.124508301569068
-0.028096194955313666
1.3548639841039112
-0.3296570340555907
0.05496281701375557
0.4535938330442759
-0.3065453868677353
-0.16374345369032917
0.22333022142168543
1.1556261545510993
0.03306878383741235
-0.37703917506886786
-0.13111389071030757
-0.21672629149447054
0.4232130568655983
-1.2228152183028758
1.0838037335872133
0.3316294347599327
1.572765938726061
1.641201077322522
-0.4864891206913207
0.2582078086852635
0.27872325120832836
0.8583316601042276
1.2118647720663218
-0.35234513985086546
-0.15873490917626443
0.5359204854780283
-0.1339844596104724
1.0156379503769766
0.5164220789339374
0.7833506164744763
0.00597916076526446
0.9301274844477037
1.5526390454628332
1.490304387175968
-0.1756943391022011
-1.1403479762879283
0.1918914181620468
1.2993028808304088
-0.495763809754345
-0.4089030285260074
-0.5945982868905243
1.267473574070782
-0.5073280656506494
0.9246265813307573
-1.173255266372326
0.09818463526133016
1.5848977638107635
0.18999484622776902
0.7470776077290074
0.641783778244859
0.4422216374023771
-0.4847378626485201
0.9453293818081001
-0.11962462121578421
-0.4989267174713783
0.2501194093905139
-0.40604916320027606
0.29724089077663834
1.0183950415843828
-0.4727665876350764
-0.5338201209451301
-0.41476490901377416
0.5989512408842553
-0.14178033491002115
-0.05933377995093536
-0.21421144143116
0.4751191475071345
0.15248900030754511
-0.34810896558986854
0.09463496583532621
0.7517719465552524
0.3223741634597461
-0.032079768057665686
1.2533004866953898
-0.2858736045059214
-0.2728530160155782
-0.7561517853663358
0.9880507132493894
0.14031697977722773
-0.3206948930291643
0.5881341892979294
0.22434778514688483
0.8240920043584632
0.5664128808692198
0.8554639548714327
-0.4128375632512741
1.150663165889034
0.34773534897153363
-0.6135776665276322
-0.2810680697624809
-0.38935247241222987
0.74897297398572
2.256696516281354
1.891003507979891
0.21996836327371905
1.093169783353833
-0.18372909091771622
1.9940063344241368
-0.1302693462618068
-0.850988142911011
-0.7121235392527914
0.6534173207692117
0.14693598184008244
-0.4204517612090696
-0.13972154740896126
1.2544627325794082
-0.11410436312083688
0.012338888962467418
-0.3774297647215451
-1.7574364182662716
0.9550984119649713
0.7453822268000055
-0.7847549404037533
0.9314454618599517
-0.24235487891118745
0.5182825102215363
1.0459898376168297
0.4863078503480827
0.10570040925948306
1.4954306818947898
0.343364995217703
0.8146929241051305
0.9046265019900648
0.10545950633828037
0.08924116417439104
0.8057947693519066
0.416690045325924
-0.8020984306247688
0.1596017921552755
0.34069167996763744
-0.09212929125124136
0.6339690481300221
0.47439380162155576
0.9442944141670617
-0.15525415500647927
0.6959103212844007
-0.9188644942169801
1.1186784500013833
0.5547477969582846
0.03915780731559471
-0.32810980391807565
-0.02494415349650546
-0.5300083375554895
-0.488987859421578
1.766291714603654
-0.5108868616255708
0.01262633289159952
0.34753227025453587
1.4818015302063732
0.013278816498873885
0.9546979600594547
-0.415544654436548
-0.5318455763203658
1.7278577018989634
1.4164902826660932
1.4365691650462284
0.7375868803115053
2.15959558848361
-0.4139809797971175
-0.42709712798131527
1.006011907733822
-0.08894845313220312
0.6749301477868632
-0.5975753437387352
-0.3286586255988719
0.2298911815232807
0.5338183508080578
2.0859451648794156
0.8679614212965653
-1.4509944475447822
-0.7301319434928735
0.16650276860791544
-0.18645970260849035
0.09433791700665048
0.00831748404228404
1.9734505760669045
-1.061031134303532
0.4881137472667877
-0.10769892966914413
-0.2713043852911879
2.296217769228914
-0.21445614767363946
1.155750684270969
-0.14593787620962229
0.9636254653577155
0.2746694772648762
-1.1295175878163413
0.37515085942690635
0.6306130219121532
-0.3488441503869478
-1.4859020778864398
-0.6550923187868433
-0.006519675112550569
1.261862653872098
-0.19897115763534134
1.1312203121065798
0.4438148294517745
-1.022425121004622
-0.1555801277216891
0.6839231575773462
-0.20568074543451564
1.177816885252224
-0.2574964208569463
0.841081697211677
-1.0722976312461436
2.307848792470424
-0.8631852551195893
0.3771496699979606
-0.4452422342011434
0.09076699924899284
0.5715984851742667
-0.06269456623536906
1.4268801506531357
0.2477340413418973
-0.4460619496376649
1.6492232421681328
0.7155946933194168
0.9972181572050857
0.36457610263952944
0.08054323244873825
1.3650294581085336
1.1881011563721144
0.014797423998529652
0.3258149086412642
1.285236104463248
-0.31604722649826505
-1.0421930858142534
1.4675301860291177
-0.13900227248201658
0.05864767222008074
-0.18310701449537226
0.7044331508275836
0.44666451458369705
1.403036220677691
0.2650117072057808
-0.5097048197144162
-0.584969060377834
1.0125507178557795
-0.488329225584222
1.3150511701533698
0.8438860455561983
-0.7244664476034954
-0.7039300478340546
-1.2405267455211475
0.6111440436759936
0.37342210304011375
-0.3067838754148763
0.06939388934128723
-1.0297775009333225
0.21381575207941417
0.6320721963687783
-0.23045404682172138
-1.33891782206355
0.8954451633186934
0.2721615680072267
-0.41682173936616107
0.39558371920337715
1.6114836327873692
-0.7272033924669439
0.9081264141742582
2.161007889534558
0.32225710248074496
0.3363260461704354
-1.0815231944950932
1.3681424152948107
0.8480902150165148
0.7088659667214596
-0.26059105898487794
-0.24762762662472618
0.8741004670168802
0.59427995355703
-0.2963292892379236
0.812171736980683
-0.9594071364257641
0.7673650509735992
0.574692788106598
0.1529130702833003
0.3286958784627571
-0.08749548735020603
-0.418938744473602
-0.3625951459206958
0.3090048282544713
-0.07930529346515411
-0.030638636365721155
0.3265313483103845
-1.1407543695126288
-1.2429600697859364
-0.08592181719551052
0.9376922666397102
-0.7918120980368808
1.6697142055806113
-0.02569189373529588
1.157705833675788
-0.42495299116387486
0.5303803816050254
-0.032091503602566414
-0.05459376851177305
-0.49680932934200794
1.3326624784423506
0.7188453355966831
-0.8792036660028818
0.6150923667050577
0.45921628888297106
-1.1511456230166814
1.1155313717909003
-1.3218749123584885
0.6219934822005501
0.5856352303200526
0.1774563651331011
-0.7714385660863765
1.0649019446210561
-0.12094475114128814
0.2071938041080989
0.4024542483754167
2.0363677830000575
1.1880830279407897
-0.40501912149563374
0.14004125186323188
1.8058384141907253
0.24363039837001738
-0.7731106788304124
0.046898485714494564
-0.17647984550095636
-1.9690456648714325
0.5640739874140799
-1.1287750158545338
2.0576678892036098
-0.9544402408883492
1.6816515701342523
0.5700576688593061
-0.23673825144396424
-0.33972948740953246
-0.138336682415171
0.664941098750192
0.3085853565102124
-0.7462701799168283
2.012966385268156
-0.7352227823671631
0.025221236911622397
-0.9957681892517134
-0.2198161280842978
-1.1316159891838362
0.15520289635599685
0.9075957745036879
0.09717576626958604
0.06927990439511827
2.207251241300975
-0.08372740519804009
-0.4163432014312979
-0.04972724625873587
0.5272733868302899
0.2999733542099069
0.8720536838342954
-0.6394848767641891
-0.31647067489371816
1.4842306759040247
-0.7841302924186492
0.9795143014679019
-0.2611519801078483
0.4662895513194004
-0.09432265779304272
0.9233088627669568
0.17289922189534984
0.059674488673282025
0.6749765784009354
-0.45554640901185256
1.164317735703764
1.6906689793115617
-0.17177315142086838
0.7661756195147447
0.36643727433191575
-0.1531483586193838
0.44803152058968926
-0.3234177168797293
-0.5279565621030133
0.35404285850819023
-0.3115601748535223
1.778571380555085
0.7959293534922625
1.3486459304614815
0.22917359078160127
0.006826890321835685
0.7901704769533652
-0.7920385503121233
1.1103127179643637
1.2433046944466142
-0.09915125620781301
0.5559309434001751
-0.2673759392598463
0.5758016202009942
-1.2495130519731494
-0.3008042785476728
-0.48391699481262834
0.794215016931229
1.346375715113861
-0.5188305417604597
0.064228120232386
0.6881552119454388
1.121370563781844
2.100630001857255
0.4163070380914168
-0.12880663279406968
-0.3394766621006383
-0.5982433829520999
-0.7928325525018067
-1.1592108078723429
-0.25898822141531647
0.8244577724034163
-0.19117028424200097
-0.23520008182917213
0.7550580603714738
-1.9713357339150963
1.4404553945164644
0.01585124147294399
1.5745891759276818
-0.9063374484609446
0.6698398436075489
-0.26536859668793744
1.0549174472967535
-0.4949436293644132
1.2391347002663144
-0.3468562218429484
0.8371267149993126
0.5794884471491571
-0.2957449457579771
-0.7198586988493075
-0.007589547842214758
1.2763743329959338
-0.058837873935431245
1.5052453982105563
0.18704214240281625
0.8702332703325876
-0.21561189554547272
0.39514325549617246
1.0395964930998933
1.5407656692770106
0.44838198711108046
0.1183592995941556
0.7195878531607217
0.5926282539382042
-0.05926097318722062
-0.6279787758352057
0.24166088872295824
0.0030057064738126943
-1.000342776130279
0.026848851095331458
-0.4666030307018163
-0.0012572113675168445
0.24187150234454322
-1.5537435216761255
-0.2287348904116565
1.0758040716625028
-0.3151377547964418
0.7195282200700148
2.8153407432391857
0.08240845986210164
-0.09574667374223653
1.072734018883241
0.4929031307821632
1.62822988861985
0.5733312579615627
-1.0594509045029479
0.5621930274621519
-1.1055435764844412
-1.6905275970270706
0.14619852494109947
0.5967232794436977
0.14072264543699783
-1.4024782346435822
-0.8465860368801578
-0.16696703846240324
-0.4228803391477635
-0.18533153704691452
0.4682004295828389
1.2975563083943693
-0.7594099063456243
-0.6038159488033382
-0.41762412105527374
0.5951146664566022
0.9640218022944425
-0.19453211889148442
0.48432916679460114
-0.24261295257196488
0.5223195077161811
0.9145401961291384
2.151556806037541
0.17737703641196673
0.6572701720282605
-0.6137176471691744
1.512020110348723
0.9471987731686176
0.06596277620751986
-0.052408317161233384
0.0741198429036228
0.27354729352111073
0.805599095195807
-0.45412993203928864
-0.44636896631622425
-0.3228764999891875
-0.6327200341154587
1.4776183526186704
2.0204154450498435
0.2792466802506531
0.6552219083305769
1.241240180096414
-1.9059003671041956
0.867317175456944
-0.9343057268614604
1.2858866842815329
0.074820055924029
-0.2520432330125495
-0.5558185973215014
-0.20653422198193583
-0.4582921575678677
0.7998273223414414
0.242123668077464
-1.7711494873263507
0.3954562702437855
-0.11709562150075224
0.8159776362753327
1.2803672638589296
-0.6941608804293257
0.6000950008509408
1.3254413466135933
0.05444332487187031
1.4618228302277196
0.7421709179653518
-0.7486820271659552
0.251890509641821
1.430438251598641
0.24043230528869708
0.2693795026263678
-0.321763771574954
1.3208490831985276
-0.15908305144481322
0.7014034711647934
-0.5773235324422895
-0.046344795880176634
0.7456557120665316
0.2978768388591151
0.04426607927156152
-0.7925509449053053
0.05758745103004155
0.3345803194686191
1.0358317866743185
0.04822406103426932
0.8667028180145855
0.20570992394872067
-0.3959468031404278
-1.383928808722482
1.9735893282633146
1.3404378115694071
-1.1092316778720381
1.1535514572294596
0.718114625306605
0.3937719745305039
1.0472412386888166
1.3490276411883806
-0.42941219236955197
0.09218453915715062
0.4352410265246535
-0.28851926629842195
0.38982482372841
1.146755261215951
-0.2122237720839368
1.8849304723428526
0.9809872448045751
1.0724873070601302
-0.7842677419363966
0.3632226540503589
-0.39334968536447745
-0.14153096539716792
0.24559305802737902
0.5258661280755288
0.6479103358571986
-1.0179360318930715
0.205662868152668
-0.6862163970044445
-0.7966330366596214
1.1654101089646967
-0.7364982297272149
1.0189057547659186
1.865482833987287
0.03557525673225316
1.1790470773732136
0.15715155505606385
0.1557261142214589
-0.036651582882903926
1.623181663670173
0.34162208103235836
-0.9297575646339366
0.9678795386107799
-0.9791021446197796
0.47535503676755786
-0.80949528281073
-0.3045839732412189
1.001022141429815
-0.8916049346586955
0.19638646159417059
-0.47203144694971855
0.7309213807713362
-1.3851144281199137
0.5266519713621453
-0.13761923725796468
-1.0680026949846568
0.23313926337962412
0.5670282511105166
0.7995363112561724
-0.9160339185063461
0.8435183042940495
0.37933132030616723
0.41381085063351325
0.7055762371143979
0.6372206241551204
1.1216951246162434
-0.18860502199336443
-2.0088746124202705
-1.7534935902879831
2.3600753341761456
0.06053631037635227
0.06991058437636152
-0.23618802196223054
0.5489350286994408
-0.9470694060572868
-0.7735308311755907
-0.9043668791600082
0.1568221951284013
0.711827174047096
1.3516632608492996
0.9130662678945768
0.6805227546529635
-0.2677329803663903
0.9034094146224146
1.3939754594545786
1.5178032049361456
0.8620892644358158
0.9351880247267439
-0.8295389047132431
1.0531966895664462
-0.06209062082675025
-0.03422674595766638
0.46466971469253726
-0.46929552929185603
1.2020755681730975
0.2059325496895496
0.2604592101382609
0.7964410656517198
0.4810121438329389
-0.5446223774378951
0.09353096880227721
-0.6427919165811296
0.1011425737522317
0.8686828735907708
0.9540820932353697
-0.9312680994468132
0.5357099972427903
0.2878289976630735
0.2708348627736074
1.478559402825153
-1.2492522403370636
-0.245460739496627
0.10139564384725903
0.31003445034748955
-0.411603585000459
0.09086726597455488
0.1267625852836458
0.9396934281754014
0.39439291889567557
0.7924168230233388
-1.3274297291516717
-0.5916452326885834
-0.14121255271567168
0.2659818670458761
-0.27061001620092406
1.808580460486106
-0.3792670371442537
-0.4469454513785303
0.36476170458767965
0.6223239674498717
0.220910745748634
-0.35002574628748045
-0.8418198963982839
-1.5370473172161123
-0.9704936403354131
0.30622806653348994
-0.8700492813524539
0.4813283091144567
0.4683894892837013
1.4844143971065542
-1.3129167662766668
-0.8481454405623693
0.851535838176772
-0.0164091719568836
0.38018202550375546
0.3797682342384052
-0.4771485522343176
1.3859005333716095
0.4953223564669004
0.19379146675645575
0.9164202997522857
0.3361924591257498
0.1426076855208691
-0.16147299654571814
-0.3256830496932518
-0.1541252771992612
0.2999471959763186
1.2625602977861268
1.7669868311903876
1.6166424563001183
0.03175396602044449
1.803181204763183
0.031682705084104534
-1.100126191747562
-0.15684908919685778
-0.3304800804357645
-0.9173959706947903
1.142222648848602
-1.094439854410978
0.1301265683817426
-0.533037285729211
0.08032748543479676
0.31353780362763517
0.4541071121836499
0.1902862753896814
-0.48468098190012426
0.5595582592458166
0.39478984748429946
0.4937644237072463
-0.3978591072327501
0.36442859663540916
1.3928596474284984
-1.0616458674285065
0.7239258031390622
1.2103300663511787
-0.13244388594138196
-0.23585680865598627
0.5748830258582791
-0.4831671183677986
0.5430854765405793
-0.5255538528039235
0.5789936341937739
-0.4359536617026063
-0.14720573632811867
1.080686587098873
-0.73982768506847
0.046344700959612885
0.8845540186259127
-0.32853201441102003
-0.4187614932663315
-0.10547305608088765
0.4363639657326427
1.1644317320250623
-0.2062854912638068
-0.9608428470508588
-0.16147179175871484
-0.06613141475862933
0.4954951249058854
-0.8394017307853688
-0.11358863675499783
1.4530664786547511
-1.757401724269673
0.0013448446181873047
0.9439634179543162
-1.1195124199146966
0.45932948942992746
0.49770671952971784
-0.42919285679222474
0.9699507226470208
1.1554524274931732
2.539956398869495
1.2555535961579196
0.5882503328911568
0.891918708574422
1.3355973156352061
-0.5076446170127683
0.341731955979599
0.6855179158625395
-0.537206582617899
-0.07420411942575734
-0.011152978657190796
0.6598288903783766
-1.1949341780966558
-0.5766605502787157
0.036895629179607994
0.7283089832860441
-0.8653371018911299
1.0438399926117181
1.0291488132302715
0.5919780737300023
2.3130598338220194
0.18807743851968106
-0.1291117188576047
0.43409015832100584
1.0564741278924208
-2.2891314233692825
1.057412738690938
0.1005411022137462
0.5104033682506784
-0.15991179138158487
0.01817250238322629
-0.4250758566333823
1.3652435622525387
-0.5870299477481636
0.6311239570366453
-0.4614716516960661
-1.4747883555528158
-1.30793710030252
-0.21169865505282887
-0.9943556676105701
0.32348651756192026
0.773023137993681
-0.17537437926598176
0.5894481407548391
1.32221063273665
-0.18786779170154333
1.6048273655477625
-1.543763298256401
-0.43584669194666054
-0.3527309014800834
-1.6223751258459835
0.6709720945978551
-1.0425039275991053
-0.2538526020468533
-0.5412940108730193
1.4898261512993394
1.6800647916609905
-0.47917931378602663
0.2596267100616995
0.10181896542177812
-0.5423500275481056
-0.08748416867246706
-0.33397584990781015
-0.48621294733392584
-0.7448492754822669
-0.5360484391762439
1.3624297572290192
2.6226219668989157
-0.4515281108096588
-0.4649990906911602
-0.6369597231393426
-1.6910462399605266
-0.296355437306897
0.32101920029281183
0.26298076289950545
1.3214929161642108
2.1978616204014374
0.03273889222877213
1.0298485815087965
-0.2013868444997562
-0.12194598069229506
0.48210281901499136
0.4856808258073344
0.5317486842276875
0.4720275089136214
0.043804670095274806
0.5948969140809449
-2.1719152179131407
0.8073528583823494
-0.061079397148004186
-0.16288445538072405
0.12054784205532659
-1.0918779774911211
0.20374780034837875
1.38941014312067
-0.1410828501507299
0.24352544326022935
-0.023905586828373817
-0.06563724260281516
0.7325314980057396
-0.8346037528185607
-0.3833199425713164
1.1117738562998665
0.020424010704453807
0.5910392496614364
1.3067734859383453
1.4288754406172224
0.6335750517441203
-0.9165673070305648
0.15316813891258013
0.681715641854562
0.43822583208305055
0.38229697616423575
0.5474831348073552
0.6787787489779576
0.5436721033670671
0.07168009817373466
0.4300258136413993
0.5833508860525312
-0.33930272033175446
-0.9633550128642678
-0.18782302038063872
1.326931696593799
1.5681669149158575
0.2596426612497351
-0.45181601104569635
0.5548066475851596
1.0609282454488118
0.9436926296001071
0.05939153984436614
0.8210172459120368
-0.39808549628327794
0.6845951639939235
-0.5591924249996136
0.6736959297625583
0.09152265514630313
-0.5465654059111903
0.5457918440926485
-0.139418183776717
0.6579367561257934
0.5621457384398715
0.03269056414468721
-1.2021370411589978
1.4105055905720767
1.7194609017116946
-0.027828603609321753
0.2603714112965332
-0.04829144091267736
-0.29599577895798707
-0.5430414981574292
0.40687021880333396
0.8006816055649676
0.5156224835681201
2.433974784329776
1.257047709771389
2.4434869995459687
0.10772531476995721
0.7187686973693113
-0.13263989926007447
-0.4444757104862236
1.2114183037113677
-0.1807684035691729
0.2964295961607258
1.148170346158165
-0.5457145133989396
0.49551362094289836
0.11109998120259458
0.43703487229303944
1.102492388091764
-1.5560392985034783
-0.29520428630457934
0.522628037991136
-0.014231481404081547
0.12742415065706833
2.2740389224422097
0.27276271924259987
0.43602367110675694
0.7972523180804031
0.8781037520051278
0.8647432670334811
0.18433591959230672
0.9188583843009662
0.030060407806145842
-0.27080307487682986
0.4014826761494372
1.8405295434185012
0.4100436359933966
0.9167882539551371
1.0651364570546946
0.18917106640373677
-0.8242092246918886
1.3114889803834262
-0.7435607659018514
1.1479482503896632
0.12318559218868613
0.6918330942654825
0.9993075270529711
0.5473394483562329
0.7709541862536277
0.5291087552096561
0.6520862891734515
-0.7429417653571135
1.492916261192301
0.7333072515510277
1.7845730854565907
0.023115522698400677
-1.2004902153655008
-0.09973683569648613
0.36268145076916775
-0.1589950064901537
0.5526120417338649
-0.11511021906266451
0.07016905141502441
0.8266071234903793
0.09443987218069494
-0.2544657301042085
-0.1273624482999727
-0.23656860663151136
-0.5555378146842557
-0.34924342329286856
0.35326265195663187
0.8010808250740085
-0.9980452027149835
0.095392993441412
0.3185896024820528
-0.1468285977070293
1.0074554180019075
0.4279641478329954
0.5803865159945736
0.3682286247326634
0.37733223010130673
1.0130195529150063
0.7164043744062067
0.561194972054249
0.5291510355761452
0.3436399123605183
-0.5194176997481029
-1.7618245131348234
0.459995207098087
-0.09282969400682178
0.47570436494315976
0.06309714161672807
0.08297374114285841
-0.19382702059184578
0.21352698003521026
-0.18605105900139138
-0.25527740004020305
-0.9217543741853237
1.8872642874635746
0.1640657559411969
0.9036484263484931
0.3946775155070603
-0.7275029233673959
-0.5470176072894547
0.10678052679831644
0.6216632195520588
1.0366605687444965
0.47752232339855916
-0.07735502652703509
0.6453645310093425
0.7418342622150151
0.48797018411467785
0.36121529610762615
0.2585222021653506
-1.95304925377108
-0.3351760628966066
-0.6708905169319834
-0.4337765204041075
0.3420741482488009
-0.30978797588271756
0.8096689489289322
-0.8101362640273709
0.7640349624410817
-0.12380298953993601
-0.3728628856034944
0.5957651788745097
-0.6879674015208582
1.5309545530831
1.5075153066797906
1.4323688776410417
1.0173452217562642
-0.23502678937544397
0.6872996840899983
1.0550257346969025
0.6261037217755413
0.14529590436875695
-0.13494337829867228
1.092253119421783
0.23074454326784302
1.6194643465578848
-0.9013104148331536
0.3967337922533262
-0.44989152843176006
-0.45552280276565466
-0.05611839684568974
0.4780892108818816
0.30883469487389725
-0.0017946626818372384
-0.19980024251310452
1.104390029106441
-1.1018541291234663
0.04829206979131253
1.2054401553939675
-0.8926778154192962
0.11754636943985859
-1.1061996567150225
-0.8046589346038134
1.1092583944050072
-0.20273541995512437
0.7486672253613007
2.484556651968896
-0.43849198801589184
-0.24955473981056342
1.1823130343840926
-0.8133370084314083
-0.4009416598953839
0.5107375190779028
0.03245282545454391
0.6575073495639137
0.48692082987483754
0.30753139588525047
-0.6746726692141267
-0.021586721247079714
1.6243684707162276
0.07432222041704621
-0.7555951523822105
0.12355069525933964
0.48752993733960986
2.7135036734337143
-0.18676926348894826
-0.521084338767064
0.7748730436804085
0.3017059085110836
0.6688824796085314
-0.3296837046606067
-1.2293770561625443
0.695240477274693
-1.598047142602846
-0.03829641614867904
-0.4635693140940539
2.382443775398868E-4
-0.9708197213420542
1.1811296041787687
-0.5735062471480661
1.0681311161999363
-0.8036908739870888
0.9260773799846711
0.9064161902020876
0.1828006115748474
-0.8196857884810963
-0.776063397732264
-0.14388610833902793
0.9375357626667993
-0.6354217491904534
0.050646988416762156
0.5337773291440302
1.057188420364497
-0.049348018841485645
0.08296274192296998
0.7630716217521452
-0.35113444020801615
0.040618837039947106
-0.41620573646742964
-0.3977145926510923
0.38149574975694783
-0.19996123455099307
0.19387044985128235
1.2800929425903635
-0.6988966116058986
1.1369869045189027
-0.4418380825669086
-1.3067570238303827
-0.4125760973506446
0.2169090587139375
0.9380990013869906
-1.8462931526731805
0.5875494090681131
-0.4789570022503341
-0.975180525012678
0.8086270101506035
-0.4635240396529917
-0.7962911843317038
0.8526053859036212
0.019277909846371268
1.4749851735013053
-0.11731431409566397
0.5219100718478324
-3.2338700834251997
0.05618660942288635
0.8225429462584092
0.38295563431238056
0.48191551485131134
-0.46998711425075257
-0.12843856214530133
0.6401201773293405
1.9233780519801031
0.12030825671567963
-0.06669485039265263
1.0956243352182524
1.178282910020625
-1.16371035927027
0.13414753783886119
0.6830044739634771
2.1828545945836764
-0.21663307942047116
0.2363539000850729
-0.7604432790522373
0.6143225011965605
1.136593980205065
-0.299569379292207
1.0554714649266852
-1.320670905868202
-0.12690081933684802
1.0145872010649952
-0.6962318355312355
1.0665077182824607
0.010050242364434064
2.270470019264857
0.3719696686195175
0.43801824785268634
-0.5056399348239504
1.3489780926715493
-0.04798033233052844
-0.06042656886229504
0.33507584767574095
-0.5202815841085126
0.3900213941895998
0.005544832903693918
-0.991859962822416
0.5574588158979357
0.6615766119302517
-0.7386377656956035
0.3305133634950169
1.8548157274078496
-0.39597467315911367
-1.5634641622679206
0.11636370435109386
-0.5398755987278353
1.2755068728176215
0.1563988232523483
0.14727640408905907
0.5648113783595479
1.3004399966178668
0.2423154432035708
0.0156889355487037
-0.8110534552678246
-0.5230555272020925
1.4204596542326118
-0.3577976592410464
-0.849962129762696
0.4033418845903509
0.47775153380507573
-0.5728269666654451
0.2733695651918009
0.9696270883597923
-0.21675804597433665
-0.39222433610863466
0.08821535118157361
0.6957964493628858
-0.17245716573874625
0.01961004334785344
1.326497005091397
0.45134364765090007
-0.06029635144928806
0.3194152385459176
0.7172588684886235
0.3376402116580359
-1.3441024915210529
0.6669104701895119
-1.0795143244162526
-0.495365988708174
-1.4905248132603732
0.6160007004812341
0.5647459376039103
-0.9252250520662538
1.1335190588079909
0.028937596430679807
0.0583265207743938
-0.8450227360898211
-0.5388140482728123
0.04649373859741944
0.6106539400779836
-0.9116564302807524
1.0456010065543242
-0.6961079456777653
2.033000731159631
-0.22229896242185568
1.268538316061761
0.8871201783761282
-0.4729523570631119
1.1818824063952817
0.7414211376511479
-0.9324466593239364
0.4946564494215207
-0.14311710886617665
-0.140666565388422
0.1149674151335417
0.8067029520115827
0.830106271031945
0.10012785203270835
-0.9168834623113998
0.6715355675788929
-0.2822167100198303
0.700244725511612
-2.4282513422989838
-0.8398540278005887
0.19076594816766548
0.35127540727802536
-0.6257074126604113
1.81917434961651
0.979907519234131
1.6071887871604462
0.31565700581753475
1.1151978671337504
0.8536912593827255
0.24323697975695807
0.9288777708727681
-0.028597667599935393
-0.5141855729074829
0.06182722455153587
0.7847599699414456
1.2638990457048476
-0.3492000024503529
-0.25795080640513157
-0.18908620339222837
-0.04278371817250635
1.1765108644387456
-0.8897721087244166
-1.3689621698813528
1.3445286586420493
1.3943393103274977
0.15096980101987834
-0.5007261247560371
-0.39426354816309317
1.081927921408694
-0.228198946894733
1.0091154285008934
0.6981895927351957
0.5273423495527808
-0.2458164973443667
1.0193383376278617
1.2060531717955403
-1.0381597119038088
-0.3802897978923094
1.2477263895448372
-0.30835117059221884
0.2830533277872244
1.128455762917688
0.4295302553801175
-1.3445302191394033
-0.5806566175252799
-0.17042765688485656
2.4261650785148716
-0.4637379277334369
0.6870641551161345
0.6359405823122023
1.41825656450742
2.002307093572127
1.6926834737882357
-0.4206735840049899
0.8565135991504707
-0.7366974554560323
1.6231257915511181
2.3733037094523928
1.402003098999743
0.7613511598254102
-0.044239080209113726
1.2641725048305965
19
0.22848470616949165
0.07050151767440865
-1.4818259737030228
0.30366306182562897
0.09523690001623777
1.2685288423757834
0.014350365094917938
0.10316597558628866
0.43244531549864823
0.683365584727249
0.4494037451546399
1.2730426005755098
-0.9088022093493349
0.8678135811397473
0.44847602298164135
0.854209674482092
-0.4264486011861501
1.6688772609793279
-0.19985524041041272
0.4359954516812072
0.6896146144564183
-0.39575207242930077
0.3070641594845846
0.7817096000715662
-0.48550991826078377
0.06368210259361577
0.7734795940714665
0.9675626332319278
0.038113829487949905
0.953204113021318
-1.1930365752848815
0.40610284056259516
0.2571905025149501
0.47913294252263
0.9519382578761779
1.3904246900104897
-1.179607991780046
0.3040106823697271
-0.05424511081060926
0.6987527606439903
-0.14032226304496342
2.021450593576501
-0.7919028092628457
-0.08111969055913876
0.23547007034248083
0.46523344909146336
1.070627807908358
0.030656201115871043
2.0308626736317974
-0.37370090555444485
1.8694227279981235
0.021354472020207294
1.2746382383568657
-0.221301697155219
-0.14283607664282305
1.1778033823499443
0.2662717349365058
1.22733761548483
0.3080788346370219
-0.1825609237366112
-0.7676527484992194
0.5430524410095209
1.352709978494861
-0.7634918577456243
0.17649782229511546
-0.9166270707371148
0.6597304609724445
0.4947235041768535
0.9680611194984337
0.6610417920307001
0.2547473549379296
1.3421507801455312
0.18272502216632708
-0.6829943104200631
-0.1093497602755381
-0.11337465462247176
0.692820901033336
0.8787355903147351
0.41234154451445626
0.49676558701763923
-0.2927316440013683
0.6389831998746418
-0.4226348503345035
1.1240712990423924
-0.9988318314950079
-0.3573643038213048
0.3830801563056646
0.8179107269394215
0.9955834887347648
-0.629723821023366
-0.9233545362469865
-0.42005666310969836
0.15094299705766373
0.7261437420642821
-0.7705877127280248
-0.012680678340835368
1.3715866142093995
-0.24866322897934756
0.7132475665753822
-0.41860993832318155
0.37485442062467855
0.5862269652195075
0.8232024632194427
0.5271295987372984
-0.579144274919052
0.5406281692210201
1.1713876498222435
1.4097723752719316
0.6822552555695992
0.7227789766524662
0.22965603069266888
0.09302951881480136
-0.9006886196006569
0.5213651239909768
-0.5422385327591688
0.6568274550892867
-0.07779435899876674
1.1550863753698228
-0.0935967849772012
0.3997499762492204
1.3186058641877816
2.5341407253980606
0.5608873837832595
0.36881064068716685
1.362154344200941
0.1624553343162533
-0.019945661946964552
0.19059670979429597
-1.0260044242312967
0.9486089372515032
0.659552359900405
0.732384922095911
1.130063560407619
0.1710246079176771
0.41083058665848415
0.4432335278384285
0.7028883602893493
0.5707507397411528
0.9357103628769847
-0.17579515970059384
0.5133708481452172
1.4210074822653982
0.7980551813764756
0.18372430631919207
0.9056652373741767
-0.7059616262813774
1.2958945817510954
0.5013163849926175
1.4764499573550895
-1.3079368456278153
1.1360233842662726
0.2557608032502001
-0.1294666080934809
0.5201374911004927
0.4548417716955333
-0.26664773292848865
0.3659243320696209
0.22756272055322385
1.464838055399238
-0.007692531948485445
0.0040555792622273545
-0.38840643741288805
0.3074386022708224
1.1264913027322392
0.307818332887551
0.16907489199998205
1.0699916878456204
-0.06447466866099004
-0.8883257007964122
-1.452920803487285
0.3858044901207076
3.0909010384973707
-0.4987905289440998
0.08919416205554066
0.9909176744416454
0.10601486016674994
0.18476952921862297
0.23603636986173923
0.17223617022020787
0.49885723909980884
-0.8921564464787152
1.5867648201603362
0.7766856374248694
-0.2614776861727614
-0.9158793606549107
0.3596400131709664
-0.7051466069306321
1.7955200295298224
2.0433114343200254
-0.5998792063799061
0.4456188224361839
0.307791621953098
1.0959470177781412
2.0276425979869654
0.9881465923856206
0.20129415456467512
-0.07511066552479878
-0.2031846734502314
0.8477798716142267
1.2178828002640714
1.0134496253549836
0.992691118254037
0.3997306848088948
1.0015932805178764
-0.15263771682016214
0.49776532514740485
-0.06462055995422698
-0.035552648090623196
0.6740535245635133
0.7254199661367745
-0.0316023579943738
-0.16609027444611857
2.3059222040240255
-0.10243237511709881
0.11551904181274483
1.9496062180103988
0.9865155776288531
1.80810821392821
0.17237144073485927
1.9361178320825982
-0.9981994593873418
-0.2274240157498184
1.2074202182539324
-0.14846211443417748
0.16214267225900536
0.6825494899300835
0.2775705058537961
-0.2630645301552725
0.3806900625094045
-0.19713606649939336
0.03609676953277316
1.0746218420332228
1.1847885633271198
0.3724737455047411
-0.2690988554748798
1.6032783652021392
0.06847715584707328
-0.33478240509808066
-0.02088366916200407
0.27145824569618465
0.5800649752429228
-0.40666447424674534
1.4226368974348418
0.38160496932807764
1.8366578523963688
1.1260007673269061
2.216735992525971
-0.717871066835777
0.9893455817373822
0.4320107756090353
1.0070019001838815
1.2465403886339141
-0.8158024245164774
0.9611972999709221
0.46286321892132953
-0.8083094581811863
0.851955217520503
1.6932964238691115
-0.24680518134551038
-0.25934191213470015
0.5712162091676436
0.6376216580744863
0.03070830537272816
0.771167763759144
0.01074832986117347
-0.02701094838136872
1.134806546404125
0.22597974877090812
1.6977053895530152
0.36334265084371326
1.189725407471683
-1.2998671985064432
0.3869614927223986
1.0547647409116894
-0.35715720462830547
0.4346250917945865
1.1540264558370001
-0.5170759871183114
0.2769474111290946
0.36509309614284774
0.8020636334509439
0.2885469624228407
2.014648568220842
0.5219883137079301
0.7639339327540159
-0.24132688052249707
-1.2459560453400884
0.16405643632046596
-0.24073105051406057
-0.8392113177641665
0.9056537130622193
0.7103606021233261
0.7485490172469385
1.0336311185697935
1.56478755793911
0.3977108336206226
0.4096140448563792
1.206798505074179
-0.04510260437399668
1.1385428741945727
1.103032685738641
0.4509782230421902
-0.23540988518876943
1.9936289129316516
-1.4370360444040222
-1.0172818562225476
-0.17693758655531874
-0.9382971881296306
-0.7238941140332189
-0.16991464804355444
-0.44871617257119056
-0.07890752254149831
1.1995310839741327
0.968162421435763
1.381675113174673
-0.4813465411117586
0.2502320599342521
-0.2545503416113912
0.9980157862366308
1.2916667970182965
-1.483645811514292
-0.22084280062579761
1.5025180683881814
-0.6363552815392359
-0.5216697734255195
-0.8575131514925215
0.9387835317281749
0.4443612904521393
-0.33764308939661786
-1.344243608115882
1.947557392281926
1.1303749767458764
1.1791294663504355
0.5045328182340626
0.980295494162904
0.06372965656906993
0.6764481402395595
0.5131508076934959
0.5672045287526375
0.821037145037215
0.4536641687621601
-0.2039381639059447
1.2663015931571722
0.2255163956707797
0.43170762765635085
0.6328708654121229
0.07642152103924933
-0.03344020380391386
0.14708601837544333
0.04129795826037702
0.7942179191955799
1.7945610211093272
-0.2739120447336669
-0.29834144651363803
0.3623948424462416
0.7153665068492929
-0.8194160518195452
0.27406938155919774
-0.11257678193997975
0.2187909906010137
0.1420227044603171
0.9705153758438628
1.6889113508171236
0.7227812142905158
-0.4693493399277975
2.267831174530788
-0.49264683397225206
0.5887309973295491
1.1234911572425603
2.522794224874737
0.7368357012368042
0.7079392004279589
-1.4265044713900406
0.5833880010052354
0.7759953843472125
-0.7781309518060366
0.5540899055073255
-0.026854763241465546
2.012234547756277
0.7992146679352532
-0.82011841302841
-0.05779273431733247
-0.556325746214599
0.06569337955099024
1.2721090647027449
1.8366004778901959
0.1893859064893937
0.929061474703623
-0.5870924833138854
1.5430160565613702
1.0325897357739193
2.22924780904037
0.8338529714303485
0.479832849351574
-0.8495352371227931
0.022364521816331015
1.6259123563661555
0.8215611134353935
0.5558217738732897
5
0.5778179826681744
0.5702688190869935
0.05314003122023233
0.2988883767232237
1.5866799461942747
0.23314409181231296
1.5337524730467404
0.4325393725940912
1.343001671761548
0.6772742175404979
1.2717209818060469
1.0507775346285322
0.25247696339235726
-0.14504725168929666
0.8082857168219947
0.23341687143674905
0.29833854070677235
0.9400341002537738
1.0354734494964346
0.8464724337942869
-0.15683082738499143
0.2667475806263446
0.6223680332742746
0.09322950217722456
0.53043656748162
0.41680471828812543
1.9261040638988818
1.2208207731884035
-0.033789597360110814
0.2558576085572504
1.7190734239070136
1.1142836921606483
0.10139651247854917
1.510009769257509
-0.580725691652977
1.2203756250042774
0.772693741812145
0.5289610846957613
-0.45010687939535743
0.2839147012288776
0.5090813474252815
-0.26161241245115635
0.810828591504332
0.48655285406802484
-0.4593710879904086
0.6628296336127159
1.3418966737718852
0.9645060101693124
-0.3053668115822344
1.2338225220896861
1.1207338233065804
-0.6869802484238364
2.0715884669737243
0.2132138754604838
0.7896859272885024
-1.1604443084032106
1.776776725907635
0.032934874032411514
0.22369748513226365
0.8716460541601863
0.4706016564038431
0.3649717193899131
0.15548729526770985
0.1599764850486459
0.7746610299718345
0.05985920560524919
-0.11054130863512501
0.29230934913682766
-0.07376002295826734
1.2643640918200822
2.659230232633907
2.566616451661408
1.238470110014119
0.7891471291745784
-0.20751725462200526
1.413250424987385
1.5064132704256448
0.13660985919097682
0.8762854243939572
-0.21886326257654976
-0.1806445733925413
1.0899972927260075
0.0464874288665416
1.3247224628536833
1.2512529855859116
1.972891545617868
0.5426479876420115
0.49355587703395876
0.698230371820858
-0.10558134081884134
1.2904283262925194
0.5406124562281911
2.293556007916466
0.9559914588946261
1.150026575998217
0.6535462697814043
-0.8827830825779575
1.0387011859523962
1.124199491547263
0.47421730594504613
1
-11.605642165054945
-11.765843818453757
-12.32038875865782
-12.43890753122645
-11.689823952557557
-0.22980072874882718
