80
4
13
-1.341771492931142
0.6814221437825977
-0.011826743093585113
0.31154811803036714
-1.1112567872041867
-0.838347529242842
-0.9200994574952845
-0.4460919028837384
0.959531227903676
-0.22215047324180767
1.9298542073623521
-0.21319331972299155
0.8069668170179923
0.8745400983836306
0.8562511427315317
1.4133252275334254
0.7762259342116445
-0.30627833841636715
0.2590494368884332
0.7280519123870056
0.24035652724260204
1.8945209758659396
0.5270734064219317
1.8204716182771827
-0.026252658187140548
0.6606422603464693
-0.25772373152147204
2.514772226399132
0.26715507821039447
-0.08104749195006494
0.8006942378059771
0.3962653721592811
-0.7433777229846044
0.28544204401937534
0.9372281088023386
1.7860090699249225
0.46272027351339007
1.3325568498309843
-0.4713146121804938
-0.6407697062299832
-0.048000753696625875
-0.5187427190720192
0.6896130817011857
0.44118998634633333
0.03827488343775097
-1.1079829316205532
2.0549744360083575
0.8587006626632822
0.1798778080778042
0.4396666906617238
1.240535621611467
-0.5811131276461216
0.08467886657807251
0.24094085967741724
-0.27531916719355193
0.9843047510156946
0.16109388181622622
-1.21945104037226
0.1293736909162237
-0.753416597483691
1.8679621361043572
0.2991594013018212
0.024962549858591518
0.9917408642693145
0.43990423788236627
0.38455196149570475
0.43492465755873255
-1.0845519437555822
-0.21437949127026149
-0.12848523727066485
0.7832902499929965
0.4323864444250357
-0.47169279905624745
0.36779150000648264
1.111534421613278
-0.26506952632882874
-0.19695953111570996
0.5477064276184368
1.1651751965269523
1.3148827642309402
0.48458236834873103
0.4066667433792942
0.7442462361382601
-0.2985614137034221
0.8767577942894151
-0.41560457414891666
0.6013525066738271
-1.2626673748946964
0.853588561384911
0.35247925464702445
0.5199582941385056
-0.020987189039854498
1.1253201709298912
0.7462492837530653
-0.14637301511921413
0.9160177266104947
0.41798031751905584
-0.5887602884336348
-1.9458241810511694
0.3499561453493118
-0.58187062757601
0.5655722030493185
0.9724089607109954
-0.7473962080495445
-0.26507512232879293
0.16773790457691076
-1.1441871297264805
0.39728173827590785
0.47954098291604824
0.8439224019321985
0.47789605370857985
-0.7156120995340979
1.7117908996057885
1.235184519294059
1.376954274877574
0.09362855009170969
-1.711404937034537
1.64166997087803
0.4956118620148895
1.0824492819567928
-0.24893825807306338
0.9863577839964518
-0.665259166446666
0.17313375114282317
1.1896824917597275
-0.19343138120912823
-0.3172268518976656
-0.037289159383795165
0.017115251876384678
2.2206760557218743
0.6338122624408072
0.3302166839213836
0.9252569820369273
1.1278036379875558
-0.29202810796191997
1.1678228393494192
0.7197670152142764
-0.08282088073168839
-0.40573609269113
-0.9327695750099326
5.64305308885852E-4
0.761974697679373
-0.0815862778799449
-0.253449247270628
-0.7849868079953972
0.22824710907132706
0.9482642533118298
-0.42681773063943007
1.726407831240289
-0.09213635526668885
0.7344212167015935
1.1922477882447153
0.8010511543784794
1.459829097427205
0.608768330616082
-0.029669637758565397
-1.566915053688236
-0.4923516575831948
-0.17413592497969269
0.14945343495899918
0.7282772239227777
-1.2017533462919694
-0.3224822505104468
-0.9629199444620414
-0.07685217727736443
1.6043930196550489
0.7342594006557597
-0.2694431989281511
-0.7495624977667962
2.9161138457367843
-0.32789102814266563
0.5926783172797903
0.753585977979815
0.5599207701618112
-1.757450088007025
-0.4985217068817853
-0.018208054223551852
-0.5840933007723543
-0.8247471061546218
-0.031220690850947738
0.19823677982200383
-0.07988151226151645
0.8598208830502581
0.7284363520685206
-1.4888267575864265
1.098119661303503
-1.1039803437963338
1.0360741729205294
2.7261180878217233
0.8900805314456494
-0.21076953343763105
0.6117521286885045
0.3103896907424008
2.0794817256965743
1.6183320676095097
0.5096996026061925
0.1038193708191676
0.571835480030312
-0.7354932194305743
0.3151471176893361
0.9820760907060735
0.728329796735982
0.6620094008380563
0.24843381556060665
1.2582004004171234
-0.5309768688126252
0.5256795874679463
1.6149583624431842
-0.09093812008935559
-0.15164287014032574
-0.75559103682175
-1.1731500544825995
-0.7441093038840018
-0.8765108214292708
-0.6498661888278059
0.3210431067755375
-0.7311888696075945
-1.212539660479122
0.9943501454852678
0.9067709575326413
0.1376472455867982
-0.6832196244941459
0.287109600014037
0.23909053418071868
0.28627188366062917
0.8560545499105997
0.9189745070660688
1.0559866864214105
0.16585714614395095
0.8625006123166322
-0.8779897873975686
0.011127034494488125
0.6564693742707866
-0.7196160622207667
1.0994400035267908
-0.3788846011629118
-0.2043597715550658
-0.2832877323992315
-1.2464934196652533
0.7753082698955033
0.9621467349548616
1.0866404707185282
0.4688797710072338
0.6181046685620064
-0.6677040473618786
-0.8910041174178127
-0.03045619346711166
0.7802582956059726
2.1739781631117796
1.2425580667846972
-0.16094689086028718
1.1625042957567082
0.9530407735068486
0.9773760782467286
0.9604726495008886
1.0450106623220332
1.330746261880706
1.3718925955754915
-1.2655846286941241
0.43019408663682673
-1.8199776048363485
-0.16716541717699016
1.3706131384247016
1.8553044381082047
0.02482361555373621
-0.2847471157190108
-0.29317472303983816
0.22755515669286996
-0.6024256825996238
0.9303459876237248
1.0666114754507203
0.4804887873470636
-0.4940891351660324
1.0546481005702293
0.05505281231670174
1.2064763474337585
1.1507590782556605
0.06562272225223677
0.9708437932310215
0.7701539739366148
0.7961515485014544
-1.1214723967558944
-0.1163883785114939
-0.8526438920284799
0.7723713309752648
1.1358083172275204
-0.21044571388575595
0.045564483131407325
-0.036009048703462304
1.4335268288183887
-1.5304935936402295
-0.5035860078641082
1.3862833560516516
-0.5377021468624449
-0.43572772569038887
1.13599555137196
0.005656940688359233
1.0717119247090634
0.8174360185445959
0.3736138685811597
2.1876635841302683
-0.2554341530473127
-1.2572937350280202
-0.6912754504827038
0.41887647547351664
-0.31178882223828175
-1.074579659454766
0.9569219332198919
0.1332452576881638
0.6363228145453458
-0.8071104298623226
-1.329111346986432
-0.943855522517661
0.11087748674362193
0.07511499181054494
1.219993204481411
1.1731558338643409
1.313514549457139
1.030493613281723
0.6519833290884905
0.4065673707674043
1.6476078319286072
0.9290351459879871
0.8694204603357607
0.7529174506835185
-1.5393166361068444
-0.06842255026922221
0.6613049027995346
1.3537726887668549
-0.903857789653582
1.590411461439722
0.6774959379442207
-0.5231391638094551
-0.6348251403674795
-0.8117327032627585
-1.307554226912372
0.6170588851037135
0.7127718207326053
0.46985875457132703
0.5066865002705241
0.6113149668526001
0.8172144119887387
0.4735246955992146
0.1464627005692801
-0.04879966954748831
1.1757673921457266
-0.317717841119452
0.41426782682569196
1.1188394206658434
-0.2206571159372029
0.5196835889334099
-1.0125657168382018
-1.0420172801149656
0.27694969312208817
-0.8229264733391255
1.3896423584012956
2.059467851522306
0.5755089429057498
1.089650318704126
-1.0806000311854411
0.46427972232550674
-0.6597052593357556
-0.8641403800341453
-0.6115891833033023
-0.492957588101708
0.4892274078230974
-1.3985933488502367
1.0884936542532526
1.9324204251314026
-0.030864798754318343
-1.0543943599245549
0.5704748754538709
0.04422863476445916
-0.23029498763887296
-0.32761830227566985
2.1351022809456133
2.5128178108409447
1.293438607388141
-0.659331841978706
0.5672259616292281
1.543377296851205
0.6174845393404378
0.9311657238394577
-1.9111737349692353
2.0838975106194026
0.45945713262928845
2.733138626959977
0.35867111057202683
0.8174117188771681
-1.0187553575725412
1.1595546195802744
1.3059313547636837
-0.6444243644008552
-1.4456374189968664
-0.18580240351040644
0.4135837619360227
-0.2733007985900632
0.9918759214205152
1.140754337147272
0.5914263564225019
0.5232987169326426
-0.21394656238542248
1.2494680887298384
-0.710071552340278
0.6881327918516397
0.4751975656483261
-0.020162083226050162
0.12888384198146596
-1.063427967481456
-0.18002323355952782
0.03472400105262468
-0.22355539081929998
0.46460790255392637
0.4488670922421725
0.21574984633295638
-0.3902867128157754
-0.5891558969390266
0.5354250275132283
1.1341677029583879
1.646589468245303
0.537043383540908
-0.2734715161693475
0.054087648236598396
0.8670437024016631
0.9214917713313755
-0.33303628493448145
-0.5344803364386639
-1.1836366561112035
1.5967660057418138
1.5042108885776735
0.08825450411139878
0.5315491713704188
1.213044922736897
0.005022174457191775
1.8484015675061911
-0.20195427265912747
-0.8724535372247637
-0.3825918700758084
-0.32412928645100536
1.0295567381292146
0.07370387828230561
-0.2556572845018719
0.4824068868713327
1.2452147890967498
1.0561851901386041
-0.3807266170861181
0.6797094271120603
0.7458820311754562
-0.4927162234954018
0.5845371503902915
0.6627761440010806
-1.0517807127269887
0.617979163622606
-0.6729031265955998
-0.24505838011485342
0.9871790486436572
0.15679891635766569
0.8474452308140129
0.2831274993498203
-0.31885747597383823
0.20386055786512527
-0.18456216278939022
1.5196320647547041
-0.37957496920881645
-0.453472809123305
2.140147518096604
0.1945903012789481
0.4489845091355027
-0.22037998664019118
-1.0351590574548664
0.3620503425295093
-1.5716608823261233
0.7946816617019763
0.5581139753445807
0.4840932781280928
0.4961494543239138
1.2660549931190281
-1.769999272594901
-0.37128911628664907
-0.43067374106605577
-0.10870853799359947
1.1517300836273194
0.9549879867126496
0.24209818367965535
0.43086313016785693
-0.5780161110051799
-0.43545127699186714
-0.6357127807479217
0.35673591112251196
2.0082213720404267
0.20386463224186313
-0.1199870468250212
1.1117613143038954
0.21112570706899442
0.39122760920864735
-1.5197161239470036
-1.0531668273565935
0.6496864133022119
0.9139538867898087
0.16466516572657283
1.8808201688238408
-0.5552580743664461
-0.843112054114512
-0.23698724019763015
1.215917342330453
2.2141106474495205
2.3713499897917494
0.8102772501761788
-0.6560640598816148
-0.2496944917617101
0.04378224730827068
0.06313340834768652
0.9265276687778717
1.1801208026399719
0.6540565811505382
1.5064491797853923
1.1397286466649275
-0.41085976174543537
0.10221370519546422
0.2812579555505386
0.8865736989001932
0.2719035265325581
0.9735233880242957
1.059676633857778
-0.2545298678522449
1.7569479615336796
-0.20453748462063395
-0.6664043747145318
-0.8511251016328234
-1.2336317960726495
1.0863652954106047
-0.5117140693722921
-1.128285648578522
0.7788908078667419
-0.5576335799822799
0.9581285246222093
1.1478450115311913
0.7646242645702682
-0.3604845428170495
0.05957501546855226
-0.8287434656888774
-0.5387402620222688
-0.10417492226781686
1.0022677203102297
0.40414221195471217
-0.05766588971882956
1.0682739919604185
-0.579902083993508
-0.6875661684803303
0.09918561149190278
0.007139787124176206
-0.3740859852422384
0.650672094515301
1.7300609423859994
-0.43765609752900575
0.06397319743417382
1.1659415115238407
1.8566724079947852
-0.07557510608674023
-0.2610272327405505
1.991556519982645
0.5823241741069828
1.1116666456932305
1.9206721705525083
1.2768446866632628
0.409687525099128
1.9698521270221672
-0.042705006223885705
2.4722864398663185
-1.2981591555001926
0.33311109741025585
-0.11652709016599949
0.4208314068386591
0.5083945306803968
1.5775619369230127
0.24157345506889952
-1.0060627951841083
1.3642433326318915
0.8657387251825648
1.9955694904308507
-0.9444334140843348
-2.2047739659764396
0.8130101766071215
0.07327864319800943
0.9957642837695824
0.4270771633480406
0.028292117921574635
0.24149434755205113
-0.7215390700632687
-1.3359256128592611
-0.21467389844407822
-0.7200187224433959
0.1488386284451387
0.18537538132836262
-0.047949712107447945
1.431688188921191
0.012848791715605448
1.2635564332160543
1.0254714698192733
-0.24189495772912908
0.4589853330138643
-0.08574600558670738
0.34796289270557085
0.8194652588781786
0.30449066467499286
1.0669293380361264
0.17413621929429252
0.8118824042641143
1.076186010736847
-0.7165852679151467
1.3405766685490688
-0.5161054952961536
-0.41415555285744826
-0.7562704138149846
1.113966872538595
1.7519404826444904
2.354981991323802
0.5332302504741071
1.965175984124172
1.0369240755534341
-0.4862504333098328
-0.6076747037365743
0.27169375222433134
-1.2021369892701925
1.2824025343279033
-0.1914301448206326
-0.4460360133997563
0.6137547462103286
0.40003137792082577
-0.5567627679190874
1.0621903258496128
1.0383565742277048
0.5078167247994875
1.736431098327517
0.03535204626478233
0.5563773082153493
-0.377010505565879
0.16085348122979334
0.15945365849212026
-0.7465907786953788
0.49245602538118993
-0.854725173912062
0.40565734331009956
-0.0488838598751199
0.24152558447287928
0.5322954538092286
0.2090554198093571
0.22631269265575893
2.0046942123212292
-0.15113706683003092
0.6344526502239061
1.8808842944417414
-1.0959828022705824
-0.1743056639005272
-0.16280727633844563
-0.5091570268037371
0.39469917307024205
0.6819710728628228
1.2511723839023716
1.0027797861215006
0.9252571957612182
-0.8514801846611217
-2.1876765942953593
0.6768651618925574
0.986795614997988
0.11110032847154652
1.5044723725588773
0.5983993967945761
-1.3396885080767904
-0.32507524750404193
0.3566593786536698
-0.8264621224420462
0.16881268381122258
1.296931407030039
0.10332609797886677
-0.2316370706064939
0.1884764257092584
1.5407772109422617
1.5040617949717132
0.5292543669941568
1.3015513241088954
0.8931313042526714
1.0101193483290185
0.5203072128194274
0.6475583698925189
0.7193400843827242
0.17575284333098126
-1.2049103546714715
2.2051118479433542
0.3254936169229906
-0.7600755757452964
0.22353846075926098
0.9586354869000212
-0.5621309635332395
0.7174225515514011
0.6077556196435746
-0.32278675071998664
1.0921437793102569
-0.6892449695571449
-0.5207015864737589
-0.7812758469518858
0.5737773498587194
1.7122103416379855
-0.824762112211935
-0.504790847242571
0.13544044639588038
-1.0074951113665254
-0.16866406306685816
1.256625831186489
0.663261161919366
-1.060093056032155
0.17460667425057613
1.5296656120346732
1.5276946920328
0.8844055256707644
-0.0052069779726803475
-0.14809392138872363
-0.3685736710158485
-0.3405085726992861
0.15244104144492654
-0.31494143299573973
1.2171204502335384
-0.20110676583044568
-1.897368264414956
0.011707945352465714
-0.6526640677815119
-0.4711091154625592
0.08383588952078697
1.3169313886808145
0.8979320689243795
-1.0311649968547476
-0.15959083326193124
-0.7125072482910534
0.5124056203315728
0.9124485017239109
0.21057929041058063
0.2556593843701278
-1.2474803189206594
0.4580800312324995
1.645532428426654
1.0487406125104468
1.0803781999928426
0.14338539046920387
1.194640258923264
0.8174661393973168
1.001525125228709
1.6436421453934837
1.5544995506792973
0.12613059974389285
1.6050777885070513
0.4459842920680227
-0.47110368949640596
0.05190020340064824
0.812895923814574
0.06813760809005248
-0.295812878873395
0.7207739396565742
-0.43486576854520675
0.2989841879334505
1.091921508006809
0.16272573016634412
2.561585776059119
0.7218686405503355
2.1442586740866814
1.0958827004082385
0.7722149161316826
0.6716243480273754
0.7081444094174076
0.13324601776313016
0.11140437072661813
0.11825802697255144
-0.6296513976707953
-0.31677036455361146
0.8583970107356357
-0.23542597952187225
0.17628058792686094
-1.2346074186568214
-0.8422441462978356
-1.640904544081255
0.7397139357922647
-0.02528950493907795
-0.6422958525672249
-0.08335780463147845
-0.3237447208107437
1.7889117858904882
0.6939010995207666
0.7185914995058433
-1.6796627547446494
-0.058037898643394634
0.5819659213597486
0.08645309211210571
1.1224701679545692
0.05409810558914335
1.386817779755002
-0.17890458195373732
1.356027352704549
0.564666776430138
0.00951278326587561
-0.24269576034192056
-0.4339548727697207
-0.3402473914134778
1.0341729880939343
-0.9209796938203824
0.3975381379588483
0.8363365284390787
-1.1614445013856758
0.9848344443535448
-0.7939868896544338
-0.5158444746261959
-0.7215404009155199
0.4448733196396324
1.256894162599991
-0.015029622152544178
0.0618679912416631
-0.7083270849247384
1.2015709754800856
0.22341641990550593
-0.7768932053497155
0.1188500085438361
-0.36609094521777363
1.0337750567862554
0.08488120641686747
-0.714834220369554
0.06996578302204709
0.3094350980157627
-0.600724676755389
-0.08353382727186462
1.4474752371401347
-0.8122638568771605
-0.8773658331940503
0.45242948358017576
2.4174884626536834
-1.5348678140892649
0.06563708548524555
-0.5683368131975993
-0.21383100974806973
1.4650778263723006
0.9549254504927752
0.5701656600942289
-0.7720175189494943
-0.09671336442200323
1.5133548440134406
0.5077433111160725
-0.1913520160812591
0.29126073697957755
-0.8517192745308421
0.3590730359335363
0.39031132460963747
0.45911958581208756
1.8806134928867313
-0.12560618495506187
1.3940376280892979
0.050506564826130605
0.5000168080900262
0.4371842458597575
-1.885356655134466
-0.04438716016727966
0.8722940866482227
0.7798990102701133
-0.30895993868458815
1.6722589132299401
1.7072142871222977
-0.07327750426846913
-0.101951891907386
0.7107252742693243
-0.2247836048682504
-0.7282525844771579
0.35842362303321407
0.17170402222869663
0.9061089708767874
0.5433535412939111
0.9618201164575853
-0.9708764288377929
1.0305024941714744
-0.38526521619954757
1.369417377998301
0.28650919581932244
1.3991264719813723
-0.37721110948017644
0.6571375131451791
0.7242216465842771
0.32275767734724004
0.9239579987202335
-1.0798539057677081
0.7818671442251812
1.0350541439422074
0.28411110672845985
0.9167975441757207
0.6597380679029434
-0.9066333828938258
0.7388396520413861
-0.26288831904091775
1.4480432966846188
0.2537800406007438
0.16904118644491395
0.0842892434269962
-0.025105413871109247
-0.7778253820762234
0.45641079697626663
0.9992598898265207
-0.6481189250328988
-0.16824442775285525
-1.1154040655248973
0.5362990813113169
-0.12873598928472552
1.573151268992457
-0.8696272779381171
1.0753212655936104
0.07576990124295278
-0.8785803671968246
0.7089378857308796
0.573351628213625
0.20425333692809883
0.20774791086820069
-0.3436887497140441
-0.4842888614309424
-0.10209743375327068
-0.9787501181238429
-0.19411940489299584
-0.19874717069980236
1.5245944423723659
-0.4182342427145403
0.8213346731693089
0.6125621469351572
0.43329081802544783
-0.9550659013630014
0.07075215426207825
0.5130492561174076
1.319618578894113
0.42807497413408846
-0.4477939655672175
0.8882384267893089
-1.3103970436319556
1.1090605319012208
-0.3155635016605629
0.6889869421594738
-0.4791244452462627
-0.5820550952713247
0.332067380863785
-1.1612189672429727
0.7067985721204405
1.2931777280139594
-0.7243891712297639
0.45946770283030164
0.15458659077555176
-0.2904006769231708
-0.4936484710302564
-0.8287038509187666
-0.6037626134152597
1.1999580631478104
1.0557944879106813
2.289097247864059
0.381280123513574
0.6310776646835808
-0.05280917901271595
0.7206691085625856
0.1738557181189348
-1.4831793133123483
-0.10135712233700446
-0.49066794299111016
-0.8311194835506841
1.462796119108768
0.3263844796557789
1.1003617015030387
0.6374126520552813
0.8051511570916585
-0.23066587445904807
-0.3418851692768473
-0.8167898475404223
-0.6119372614310752
1.3614197886403618
-0.5224675002628695
1.5425654196330003
-0.3918193363031609
-0.426665361975781
-0.56674429810181
-0.03712240979766439
-0.2979244727846483
1.024106731420785
1.1402046182905408
-1.5907255612206257
-0.18156897654479848
-0.2815461999285578
-0.04157318292562387
-0.9401188457108889
-0.43315149248242313
0.9557507932151369
0.8907860328657654
-0.3420111664581359
0.7745203108920461
1.0565985745660527
0.062255656013953733
1.261567650354352
0.7964579331416873
0.8283349451067054
0.8302504052293045
-0.6234631535825154
1.8678542322053031
0.8383686064215851
1.085181733527955
1.2896430620833617
-0.8653975375126326
0.9585479820182783
-0.3740012836791318
-0.19110847795343636
1.5207824540848687
0.6108570540637821
0.6575511873916491
-1.8910605635972666
-0.19444822415949864
0.708656132800717
-0.3852632760662011
1.7180337271801172
-0.39692550307750185
1.1909098120504915
0.4929027213572057
0.24626664467022208
0.9542607764087376
1.363028730618579
0.9593408059499756
0.9694360649986498
0.7233009004862117
-0.042319321552828124
1.6972566363307156
0.5887499340824848
-0.48800045331728803
-1.2588770537150995
0.9086127324221045
0.8416708834992188
0.3318165124296923
0.2819012141990949
0.8159492891749156
-0.12139643093343142
-0.008676276381125253
1.7879397048097427
0.513468453549013
0.16825650432090064
1.2695033382525058
1.3219216612488085
1.413663140680053
0.41492277677818545
0.38897287661891566
2.5047866955127382
0.8466682735456446
-0.21095844086236482
0.30399757546110934
0.17060030655896327
0.4566990979139447
2.707984712997684
0.03871253111370139
0.3646355419765459
-0.17461981904664767
0.5971323752876632
15
1.4206940529705645
-0.25333728418409723
0.14027672153938736
0.49157817138787496
-0.3043183092716681
-0.6365971152033083
-1.7312300646290277
-0.43648925043670406
1.3371161223448316
1.119672419575827
0.6298048308414927
-0.008138268031040348
0.3398110872079136
1.637319967016093
0.24136506225416804
1.53379073280404
-0.46751359343931936
0.5352830895809298
-1.446705065990624
1.7239716109553227
0.7989634285136653
0.21035496436306994
-1.2907458757172057
1.1940682001971712
1.0986445312205009
1.654407591150841
-0.05772117444665134
0.053277905332353825
1.4999906530922344
-0.6779244814804569
1.3357375979212114
-0.7117791742747512
0.5962715365369181
1.350966840842131
0.8562460551260938
-0.13236333503213005
0.777830556035305
0.8784729282805673
0.22647101359002636
-1.2603468155042592
1.4833256484464448
0.3805893880515035
1.180490625224205
1.1498047039447916
0.07804770771657722
-0.6703648100771364
0.7539434391162486
-0.5686537787828553
-1.0755446796360142
1.1903119410084875
1.7979733030915743
0.18950185635903838
0.5894514814481482
0.22341159494589485
0.25667152464475856
1.2800900188437294
1.0074551740887172
1.1618254477117458
0.014174660804600586
-0.5127367318140703
0.9041173362269674
-0.3215280306086004
0.7978912158759973
0.5386075458707769
1.609852213859177
0.14287730309570507
-0.07350333044916231
-0.06399108637028761
0.08163602476648259
-0.8974211839353101
-0.1770734708250524
0.2051385590400461
0.9053759951748773
0.8370517353473932
-0.7515755007032466
2.803107165224942
0.9489587277431287
0.9057547838316748
0.1164125911384457
1.8779564138543037
0.5483330097894705
0.14366205242602764
0.5565243199675499
2.5736150412973817
-0.6421518227371708
0.8345422426846794
0.5825967399452887
0.6654466640691333
1.1709562016033253
1.0098854444581755
1.6814827681176758
1.230552449593944
1.8083331442588633
0.356369628503398
-0.6000786819133408
1.291238041362249
1.4314192795485665
-0.28970432382979655
-0.21441417028831045
0.7404585933980051
0.16671705538606452
-0.03243912728614163
1.2423327483467597
0.5485544157143349
2.9498548280972416
0.2500133461354501
-1.9908219072639923
0.19519637769097248
-0.470591219521157
0.6736505607658333
-0.45533025363665386
0.36948344621340046
0.802619014889494
0.6958980768025953
0.32959316442175596
-0.021077515886952725
0.3842885495487913
-1.1794619030264797
1.0747833565958334
0.9879833732294092
-0.8559554073308481
0.37881790971923845
0.24989646208863936
-1.3268476784930623
0.11375569561030521
0.17682751490109672
0.8501081912348941
-0.20528312166451643
-0.1763966238498002
1.4972949646406426
0.09666513712275132
0.14717708691435405
2.022566830312794
-0.6328862065466263
-0.5681215266459633
0.41820468154603063
0.9689348215477823
1.2109977510934187
-0.865917121269497
-0.6251240015040631
0.46914717654542154
2.252877070678244
-0.5897206984492356
0.3934142531323206
0.42379914898130067
1.4154422744225865
1.6970258908730362
-1.0798796126164054
0.31112534284994015
0.7392646562298945
0.30233699239880246
2.0969040097887857
0.30221351189674506
-0.2278664850180837
-0.46283451025477185
1.7817037568697698
-0.5445730552646293
1.5296350647527395
0.6666688417073174
1.075399844036657
1.0787457634250956
0.25439022531467426
-0.38525356967154545
0.2509058840390296
0.411292001169466
-0.503708025048137
0.7698594285200908
1.0516598849329204
0.4759701237831639
-0.3781750739978735
0.4106469288698443
-1.0654841557299959
0.08608081872819506
0.3944159803632453
-0.0853664991548776
0.25918474772946953
0.5063747400134079
0.9346022433945513
1.5977961449483364
-0.9311212638105095
1.796388430326381
0.2362466518601336
0.4307525000511325
0.10769054967633945
-0.436809816935872
2.0368768722807866
1.5114810941385441
0.7964867624990443
0.8868228781384228
0.43514381896131193
0.2527997000521529
2.4024675828515463
0.19451196609567853
-0.6702966838847462
0.15831692887790294
1.8259845738056988
1.9616803931540958
1.3122633849158234
0.7406264125039914
1.6851328368831298
0.5703475822829069
0.6920520041587913
0.7525754420404577
1.3584028823448944
0.8505082751154134
0.3399446133859153
-0.5312384002653879
1.7336382141493418
-0.09368094830045622
1.8467285001387206
5
-1.1175665430529236
1.2034844002061544
0.6481442515845391
2.605829063168907
2.329205605056274
1.4180824490574067
0.6361448454151439
1.7575904133530247
1.014752884724297
0.019437958030294328
-0.05242388939060361
0.5034064537143011
0.8798003929151827
-0.09269436945481557
0.6973419460178812
1.234525653221721
0.7345158081888719
0.8051109821815845
-0.7560542289997485
0.7768959566787565
0.9266564251793278
1.1004281259609268
1.5701292424243158
0.9290788340923783
1.3040710063465841
1.3597395707571904
-0.3844814748043212
0.5150677252737298
1.3326876521065618
0.847660158730951
0.23357837109365875
1.0891009121718302
0.4822788397279639
1.3849211022259165
1.904827964201846
2.052595259769304
0.7979554215429165
1.573906601000113
0.05249045651839328
1.063967429866554
1.2967610700168064
1.9797648063861217
0.48404796412627765
0.3327245075393532
0.4899691377839398
0.5663603272173752
-0.5193966838077057
0.6177617679143863
-0.14438842526705048
1.967919091080684
1.8449301914926182
0.6908318748360777
-0.052319823207527205
0.21313171817071266
1.0838862737354886
1.019369940448994
2.051031627131417
0.49811112955016845
0.30524436190645715
2.0155665819132875
0.36713228774757206
1.5144402560717445
-0.10536551426355978
0.813269074353073
0.622363991428412
1.0685185413460734
2.2946164692681226
1.785822728176739
1.3269387461446378
0.5004140127974234
1.1506458986439654
0.610272960132896
0.7370934496793611
1.288353983709823
0.2520375183058664
-0.8919540458397419
1.2931490675541821
-0.6871112707365628
0.580966145302148
-1.4085173955273005
1
-12.013113856414202
-11.850413676778972
-11.909402948036997
-12.16731936031496
-12.474688256064981
0.8771241527482836
