80
4
19
0.14246571493174698
0.420121559995767
0.4953285748196733
0.8976826900035618
-0.023467839490113815
-0.13998867081188093
0.7063439520998198
1.3356344473896586
0.7005108388602186
-0.7425613289997314
0.6686569641288866
-0.10839046961810826
-0.3073156271233535
-0.22242991088409686
-0.833246834265362
0.15666228987462819
-0.4136608306864666
-0.41309971763130954
0.1257582246869006
0.2121253712516879
0.49126218261094806
1.6660153784788294
0.12940286099623532
-1.2833990844055794
0.44892604478697845
0.41265303391698727
-1.517589363210896
-1.73717255596741
1.6159174707105448
0.4355489533839907
0.43365306547446464
-0.8037814396376164
2.5964478554986528
0.22693392657367514
-0.7652615397664118
0.47874569674953094
0.6760077966877097
1.6469443179190424
-0.19792607917212504
-1.469086127427793
-1.324008088695556
-0.1142839182756139
-1.3740527750694282
0.6236263070379102
0.7958338764436199
-0.1272202668378815
-0.610904230582532
0.6085146601930992
1.1894877412154599
-1.0594254278757764
0.2007834817002113
0.3836475957981057
1.0988313495529693
-1.4474319042337394
2.0552869521355888
0.9457779922828816
-0.8525655928327929
0.6525626592741659
-0.00632242529489853
0.6458893153401418
0.5842585297951752
-1.4103925318612724
2.3833035347267666
0.18285306029997614
-0.6636667138443347
-0.43839071889184983
0.5098629229824496
0.6521154977858016
-0.33077677874992323
0.4500763062345869
-1.1351324940664425
0.4473887346280507
-1.3035942553728865
1.0171450138581086
1.0508211422269125
-0.3735307655772582
1.171787957657162
0.16042467724576584
0.49115515445162616
0.1615763493399545
-0.5802736271299272
1.211530416783471
0.29043955831085755
0.45524821256014536
0.7783473539780483
1.5455376010860933
-0.2713085144518714
-0.22848576397083692
1.1985748993775263
0.3087658324787131
-1.4730410402415777
-1.2823456491742122
1.062110620300012
-0.05531679960688857
0.8705829741675601
1.5559651002766894
0.4118034766693279
-0.47898154638358476
1.7322042789481769
1.11456436634945
-0.5242325608105833
-0.8435336010640649
1.0739253362766708
0.4833228598865134
1.2010499761586801
0.6903968918459636
-0.45536503001531015
0.35441395117564034
-1.366266074510495
-0.04956029143571621
0.5161435404439348
-0.4227580736207428
1.5944391213548157
-0.47351552631095667
1.5957601188688173
0.6177201593113988
-0.7281620284672196
2.182004426963255
-0.23558171687960977
-0.73497813038293
1.2783919057092952
2.018977537066026
-0.5490049172916251
0.7787041914555817
-0.7747085599865255
1.8166654614792024
-0.04167096555649442
0.08851496131225074
1.6135189546575206
0.06650132541619172
0.5263318860864274
0.5130924576223319
0.34108616167588046
-0.6010477378803694
0.7366526194637938
0.6756051507464409
0.06956011844758159
-0.2979109564373828
0.5813471082898235
0.20139473268498786
-0.05980497133018335
0.4081714390101042
0.1810761579282757
0.10224117499877325
0.7778910415425995
0.8110960844054513
2.483600164909383
-0.1798570438383934
1.5722491152998859
0.4066593277165697
0.9368174235691774
0.5621786672512369
0.1170647601574148
1.4666959727231081
0.2590837402541136
-0.45375992751342564
0.8768011623756347
0.7024405177317506
-0.059491475086980446
-0.791134608648401
0.587548494663847
-0.7210862377737345
-0.6857382200679706
-0.42939412347261857
0.14631701968719701
1.3038718335609543
-0.5825596358811256
1.0891168611392332
-0.41554609553058874
1.494346789626632
0.2493750536153721
0.7102593109321581
1.2595567704365194
-0.7318552313427863
-1.655707032491396
0.6708446294047414
-2.169430329188767
-2.0479934407540097
-0.8280523049470376
0.07731198483740731
1.1724426263646752
0.10524014756476321
1.7339624020236273
-1.6879752421583678
0.10503211834047563
0.011290191948994928
0.9058017611200353
-0.7474412771906701
0.5831694373709418
0.3422742891947197
1.4582497833696957
-0.08035948854778452
1.5174736325017735
-1.7476444627282282
-1.8853395484838422
0.36943217155556496
-0.7043122931221689
-0.41376256507311054
0.1753934139823775
0.9824900686928263
0.5812138245948948
0.7529733617876525
0.2631741052728211
1.254965939201957
0.964169781212349
0.012020613158428525
0.5189407698185976
0.7200485731823815
0.1329975773707037
1.090419046778859
-0.3285002176995867
1.1149972332872604
1.2605225266952387
-0.0011453757970686016
0.1904136088163522
-0.7291903942076862
0.6584571274200199
-1.166389875728507
-0.5377991464730687
-0.5666848931226908
-0.263533432216243
-0.22545725916623066
-1.4281931502011682
-0.4746733610546013
1.1169965889809015
0.0319142009411938
0.5652844565812266
-0.5618337571203371
2.2157537091231787
0.24727014320347887
0.18101255748439476
-2.348685073516973
0.02288095362123635
-0.007613126793240584
0.4874329111574571
0.37761337470656764
0.9457564300153191
0.7221644037432899
-1.0750958370212786
0.3604734824229621
3.0532648553402306
-1.1775314147266849
-0.7637426920331465
1.8994817580808208
2.339512832415686
0.6903856989097794
1.1434281880723427
0.9674902711082738
1.5092991302241114
-0.4483974725219811
-0.38413046001686346
0.03862659149550817
1.5496553829802155
0.32618447535117145
0.0788109978278109
1.5924938374093907
-0.3188766044267578
0.40468053836409956
0.3789509101606681
-1.0153247093712279
-0.5618725286403279
0.5753283401138661
1.0686359821990423
-1.9326102397848586
0.2527840906219855
0.45645481406937544
0.5678343619674378
-1.0608806928462537
-3.064660827304124
0.22195338602921613
1.1410852922561128
0.6427965724465439
-1.9492424775508208
-0.18511595578776205
-0.4260956581431313
-1.33048512434946
-1.1516131433803733
-0.046610617652222505
-0.4597082137999298
-0.09441888148745188
0.7856575272342733
1.8504687268401443
0.5884079552966743
1.4089156380043726
-0.681134713556004
1.006083379688443
0.7861556140705921
-0.3641833888498375
1.4188471712357689
-0.7781091166762363
-0.8652702598367966
1.4234443375579175
0.3060951988491828
2.5086237291424527
0.31274431013453385
-0.3748783266503236
0.6245755331239143
1.8292846571603685
-0.013997871366706924
-0.09957351094146633
-0.38341906782043994
1.289000076440764
0.14226371703388355
-0.08544625545425924
-0.6660102462260137
1.262589776078353
0.7564993624742985
1.8049539512934427
0.41265815450982957
1.084628778757026
-0.5919748178625297
0.19200547014318417
-0.5861629454384291
1.2893965046942855
1.0161519509883608
0.05031303529659415
0.48546613358261864
-0.7823208449955781
0.9008420087173382
0.8814759766104536
0.25208569834862565
0.2313813764215238
-0.026981103469101212
0.7575607344817519
1.2250907212502682
-0.10525075072179325
-0.4361327391865052
0.5640089366031164
0.12376642044064155
2.3974607775106187
-0.6748963823412916
1.0233688661786666
2.2551461319755037
-0.305639577472642
0.2292381373630864
0.19923803410974344
0.3056962807508039
1.030751076649184
2.5692906969087823
1.020169096583533
1.366855346535207
0.7049631506229185
1.1317225824881156
-0.43530208595930603
1.1573354382332064
-0.9590149143035768
-0.38303008144639517
0.44548500041036193
-0.2682274757212954
-0.28557728844987473
-0.12140481546873458
0.10622926169391485
0.18578142745568105
-0.9209366979957025
0.45378877826952707
1.098037913170841
-0.33282721077652244
1.567131412304199
-0.8156505266901828
-0.6153942962377503
0.5808946002862602
0.7137821315037309
0.11719353562354747
-0.04673733939999447
-0.05193766731591555
1.4601096893412375
-1.3125154543658335
0.6105928750487714
-0.6847370804209941
0.3255448734389634
2.195449462067632
0.7716039284410736
-1.7570238887407925
1.2131257077263207
-0.5142254962616564
0.6086689942989812
-0.7817871826247192
-1.2668035094275967
0.8341137141555998
-1.9007986908834533
-0.1556774132971241
1.6430936778830203
-0.9809322680836859
-0.5206028528942684
0.5428313470333009
0.7643563067405622
-0.9617276184477281
1.3138465908255188
0.42891481161370754
-0.15154145259090793
-1.5858059242798423
-0.5010118553652438
-0.8556156980848143
0.4217000923746403
0.08431207366888716
1.8020370414497544
1.515571463017678
-0.4327744429355394
1.4966619795448732
-0.17999945310579687
0.15613233213206162
-0.017034452567782
-1.415460760906227
1.918933256352246
1.000628286420709
0.29165837971291597
-1.6441561882392908
-0.1394385691726417
1.2842012967329253
0.38511835860457905
-0.5070934803706695
0.1096808106667388
0.3431618577289415
-0.5957140398964385
-0.22788807283595564
1.1103630030351348
-0.7299800302466309
-0.9208732475716569
-2.0773889905960514
1.9401146301552599
1.9445658321229233
0.7412078970340624
0.03583574253652582
-0.03736833859713001
-0.2903136880125482
-0.08026364320626128
-0.6355787448147634
0.7558902829419617
1.8232964965294505
0.09680309865874351
-1.2765393103205924
1.35003299219121
2.5761073106875982
0.7449419060457046
-0.4914328610784814
0.13110178359893382
-0.8733712877928996
0.010766927838332586
-0.7938566198282287
-2.745778498140333
-0.35033468693023656
0.9363557003719591
-0.14174872255737395
0.7822905970658106
1.1988816104735447
0.6103637357707105
-0.04294761265500641
0.6738760027169398
1.7994906654400153
-0.030972575004628203
0.7580236508839262
-0.4003278696646864
0.7752561055309665
-0.5229245972027463
0.5285011551777307
1.3826047461156965
-0.8680922998484977
0.4056809478902155
-0.597384308368522
-0.18128399754679003
-0.5680924999446997
-1.74244507328322
-0.7323715426791616
0.2518308815271023
1.2771631091857183
1.1077689625733604
-0.5766364037795197
0.7459458286740446
0.24950708967666138
0.14390019584716815
-0.1812116931262682
0.28900017609589745
-0.2711322746150933
0.2753400585370204
1.6144084720488654
1.8241768630680415
-0.48253034639235376
2.1501692618397206
1.2275218430929338
-0.7785899428848058
-1.4239311671891923
0.8175204122112677
1.1521769715792305
-1.2121532657689267
-1.2644800467644364
0.08187472502143761
-0.6951335957535625
-0.8154479869437488
0.1891002094033087
0.07031026379066302
0.516893519860326
-0.20313436341055027
-0.21390342153018535
0.21928733435712872
1.1946204658097441
-0.48682040773745533
-0.16874991683475699
-0.20330322683940324
-0.4537629809494573
0.7923370765019029
0.05749053349241759
1.3551349254411267
-0.16157401904729213
-0.34872851565810375
1.4654845898384972
-0.4591993887348675
0.9885082865613882
-0.15882789517047785
1.0234482481586942
1.1447681686233466
-1.9471280116438732
-0.6747919940050437
-0.14678104051759372
0.43631974408380697
0.11046163387174515
-0.1576479690745054
1.7556912127965587
0.45252704914738867
3.148359136606133
-0.6961506916527168
-0.3830921369492335
0.2043457744071482
1.831465715020444
0.19666982512588171
-1.1765358221099922
-0.43671392578196133
0.7477650224391946
-0.914964270704347
0.6147097714342823
2.142915070421616
-0.9784147387115658
1.07188146492952
0.6532869647037458
0.44660782514091546
0.0696193214326963
0.10074058580955793
-0.10830264368001219
-0.10330583534571562
1.6807432280380616
0.5068773988984085
-0.549156909449816
-0.3113558441346052
-0.6680758681329148
-0.9964403555251765
1.2861684419435342
0.7312967495309843
-0.5288269349752842
0.886758568344943
-1.0154291653719782
-0.3273748619943417
0.35212780962518553
0.2818375587157731
-1.4626948979118537
0.8994644295347269
1.2541093652433803
1.51486383835321
0.8731985985108679
0.3367452973612525
1.873633518882882
1.3158719872023859
0.04404344647382053
0.5995365997151735
0.3289770784588908
1.8551829933844413
1.7992157693004789
1.9066957553387351
0.47541941947470184
0.47222669744024626
1.5167663519998418
-0.0042935080689313464
-1.988589087633073
0.5651374912246583
0.8128319974685091
1.5840777839425988
1.2546738009937695
1.3759514281621759
-0.9246942215359376
0.9770019872738335
0.007162246152325767
-0.36045736484584656
-0.5512791460083292
-0.1892586541243421
-0.21734057957173258
3.813864547691165
-0.9518104555997406
1.487410616724895
1.6598271256794446
0.7637259500854354
1.245281347745672
0.6186731159505034
0.3588433361355792
0.32292054905431294
0.9691805647029067
-0.4664851191151302
-0.17582393608317906
1.138729190662495
-0.07262395352851028
0.5088844600106018
1.727575307540429
0.8957933688401228
0.8835166580784352
2.1909586638089404
-1.3346610832332118
0.23780080853388988
3.1005615775058417
0.41890343294451554
-0.21492260357342252
0.885261491720576
0.20816234872400535
-0.43313863070215636
1.072287860900832
0.8068401110383191
-1.0194619950480905
0.8558049863137904
0.1717059087223816
0.38039084013940605
0.44550976058095626
0.237001854865002
-0.11440047913738656
-0.5258966276935673
0.3956654533152119
0.8290053047077774
2.0419433065557295
-1.215714729808129
-0.17903201833042362
-1.026247722632392
-0.8265337443430322
2.4739242454288886
1.655410417136236
-0.11537673812459254
0.07912191379163488
1.4474288997390494
0.2012825398904521
0.29481573750986817
-0.10805731080902306
-1.1634437914277658
1.4818541167459562
0.1932699543695466
-0.12428778378264027
0.5127640025205141
0.6235118653796256
-0.6273203399859821
1.240710265618574
-0.29469134033177014
0.2870102427765334
0.13642307317093313
-0.6875995203268885
0.5566345229253695
0.42145638605308183
-0.299992798578519
1.7628828054213044
0.8041996513404538
-0.27266199663554735
-0.363665462003195
0.5182463300454455
-0.1916139207252143
-0.4824875420829858
1.2786960769159887
0.9251725287425943
-0.5194777532805618
-0.6008226008853614
0.32996138850047935
-0.057993546268804166
-2.0184645053500727
-0.40572151462999984
0.9848499672476991
0.6720335238935704
1.1496917709117327
-0.7829005408972628
0.9493507433285736
-0.6069394589502352
0.4932255098369635
0.2454893035815673
1.1085149027981867
0.06005281236263024
0.0703350617448471
-0.009250313490378241
0.03829211439643116
-0.7067183500773796
-1.4963642358746427
0.23431883654213717
1.1413703577681578
-1.0603371663952375
0.42709276217512626
1.0615787781915622
-1.3032447720027498
-0.06078485010622037
-0.8850846395352375
-0.41781446632851554
0.7681064719025622
0.9307281471419665
-0.18158249554780712
-0.9369054524448275
0.14285617131527914
-1.3995174099728538
0.1216822716987441
1.2943358239298894
-0.38175488890544124
-0.25287607977841875
-0.022342768155651734
1.349975051216761
0.7303004397397022
-0.5805114106805197
1.5419780570752144
0.6775451876054354
0.4798541948659185
-0.44879333169459734
-0.40909159079816765
-0.9462823423346554
0.04489794139678748
0.9322015555537236
0.6676529466183178
1.6378550607687454
1.430736313876095
0.5169613704471883
0.3660030454685155
-1.2441482865288451
-0.3278587993396996
0.8456795951991832
0.24839604294773168
1.0143074699780699
-1.3657189117560955
-1.3707894659307467
0.9596494829689683
0.5116878869155539
0.2429325589596413
-0.8614431256504609
-0.6415153561593422
0.6466627636007346
0.690684542968748
2.1244247335221136
-0.8111920696562807
0.6748953931365835
0.16213622608469536
-0.3283381002226413
0.7221834693497521
-1.2324640854794322
-0.846299030964227
-0.3379901788549393
-0.12800013541228195
-0.8551811831222299
1.5852442615161972
0.6755137985166669
-2.396665309370074
0.6575378820290049
0.09963053189421689
0.8501265305811749
-0.11689750062104301
1.0014581000032765
1.0007610590348024
1.5021129689191413
-0.42000571390818275
0.7764415461192861
-0.5076174694356216
-1.062502319068203
-0.3113234166805182
0.04213508719533747
-0.031652835424111306
0.5132802650466856
-0.7575013504504287
-0.37235326743304203
-0.5136325577014867
0.8453832976305211
-0.15231106331246647
0.14390004983155671
-0.21965654983721988
0.3871251118210452
0.6041977594801118
0.20363161539692357
1.5406684176131857
0.7777796932362492
2.2096986674441235
0.32860345833995436
1.0670020488859768
-0.046767054915568214
-1.476396910778048
-0.7737304008050634
1.0184319100610257
-0.23019087754280787
2.029036026258414
0.6836476572204683
0.7279083746822169
-0.2927431233788322
1.3850908515423768
-0.6457350613786866
-1.5734810914385493
2.473237279900263
1.1531991911680577
-0.22924760677866596
-0.8633319356430561
1.470657464080947
-0.09590020918166572
-0.353329754474075
0.016755104339304435
-1.4026282214684282
-0.2794387772633708
-0.913309681311582
1.6205265472155685
-0.8400608245076737
0.8457728305342506
-0.7712188537941504
-1.414629780367956
0.003388074947447828
0.2623904091015019
0.3220895077384652
-0.5477802285901436
1.3327323386409478
-0.2077900864753658
-0.29124757207864704
-0.09788282484175831
0.1750720558715368
0.12131901532332087
0.25219750186576667
-1.0594035097025414
1.0844117250365266
0.8256268583035716
1.589649474324719
1.0564296931866484
1.290428631731401
-0.9214581075706004
0.4706807492835805
1.1259542605074357
0.13742075341244073
-1.6029601610706998
-0.04900972659719764
1.3118533789069313
1.127238878411363
0.4292766076538611
0.2944630478575784
-1.4363102672201025
0.8838637934679611
-0.08122017731070122
-1.1866514766825753
-0.980542419907268
-0.9206744319475361
0.0590387957041673
1.4874421830385842
0.9507100942077413
0.3137312459655777
0.43976442925111725
0.4873142122630221
0.5273925398332665
0.402353750363081
0.7538465380960986
-1.0228624730678302
0.24212916982212243
0.32599370795784366
-0.8060083777678151
-0.6185143935676573
0.46035992342770715
-1.0872358108159663
1.1217397184469051
-0.7427161900784419
-0.7734617798055609
0.8962130256606573
0.22696003672708545
0.3866546436295372
0.350297641983376
0.11086880243478743
-0.970996128179428
-0.09696407949120765
-0.3061685054738187
2.913826902215068
-0.699932059719517
0.34286172840907003
1.1883381661253982
-0.22117922050445232
0.0802904930523275
0.11310413732258558
0.7550394807980132
-0.2372552556767798
0.23176769119769317
1.7764069871710275
0.7568457725501819
-0.22144398056979872
0.4466956644217666
1.6158564895166803
0.2360428640195938
1.0875970571716707
-1.005231205599989
-0.16541387345427291
1.870376481319559
0.3704894099887884
0.7603725362236741
-0.5024970201013874
0.30597792747570124
-0.2885689499191224
-0.8372379153154162
0.534052411532245
-1.6849418980857387
-0.039652956590034705
0.5477185255568526
0.05591784279391784
-0.5328377247410536
0.7255671533866849
0.07849135985294113
-1.718325492092327
-2.0296748938664715
-1.1844665644921004
-1.0879360013569945
2.301274863246873
-1.4096129468050995
-2.173084577636592
0.1794869905241332
0.3146575447605123
1.2195461501753444
0.1922462357598216
0.23436023821324403
1.3802128186520373
1.548327064883505
0.7236730272942153
0.3879234706672136
-1.2679088434764187
-0.8129691567766321
1.1116740112450882
-0.024236795195023128
-0.31528310239133284
-1.3179906862136728
1.5594322601091175
1.179788383956212
0.988748508276935
1.6913521816834216
-1.2226199461414835
1.060173323951041
-0.19976968413923218
1.1050106965360094
0.046603920290793424
-0.4314146881656549
-0.8214280367085095
3.5619550689660047
0.27280650021661224
-0.12087907858485027
1.2676920637282645
-1.395164275146521
1.6367847236181365
-6.018963105890072E-4
1.1701676913212105
0.07259513448934887
-1.1853558039296799
0.28583732937577605
-1.35673540023674
-0.3910825877491106
-0.762200801621687
1.0035740389199679
-0.14696402863246313
-0.3262016543906163
0.2505446064066835
1.0923633129598507
1.9986349640210925
0.5949022286477639
0.8214340200912876
0.7351736688345074
-1.3620344883917073
-1.2767721611620242
2.3556326524796876
-0.13442767781759293
2.717231709130018
1.116664618337115
1.6061128080234859
0.8213202967596634
-1.7709365765609149
-0.8131878295650481
0.28832638031633406
0.854673798374005
-0.8402977576333676
0.6982866592832312
-2.051331949390626
1.3975283736638626
-0.45268045421418085
-1.377926894439233
0.04163802990392993
-0.6176362413983899
0.806532906658192
-0.8109398631387384
0.7051511023212311
1.305682299749991
3.023837054227184
-0.16232359637835334
-1.4122145412642435
-0.3350395988724146
1.2614557513315017
-0.27525582700786355
0.5621618246818176
0.3989185195734973
0.4597248878798498
1.1421193732152013
0.7767989212758186
1.0375831711677068
0.7468304805676692
-0.12914438084585472
-1.4442217282530638
0.8948092364653386
0.6146024522155248
1.918209765880749
0.8560772559295856
-0.431994943511789
-1.0343721091657305
-1.4996795042277584
0.25475661701559515
0.4437073150633999
-0.079381082075927
-0.9412465278385144
-0.46357748410080185
-0.1341930621003576
0.044234038537960464
1.0672108789700345
0.41620587737529535
-0.6586331866760957
-0.5769175642756026
0.5000998972660373
0.6188227015061197
-0.24570882011713407
-0.5966727150316828
-0.07203533243455262
0.6645688818304932
-0.12094995526376527
0.5536886024007496
0.5193363512923063
0.5754919412075786
0.5739253489362721
1.088685594230143
-0.4554568099732061
0.4527214919557031
1.4427753714369194
0.9977379637192102
0.2670758361253867
0.5068477880521398
1.7986906885438767
2.5780392402643186
2.0719996027129466
-0.5515872855577965
0.026054625282163284
0.387597105937256
1.8782904483676037
1.0659233792123335
0.06440752653901276
-0.7960147691214201
0.9144804062768663
0.37651029287308335
-0.49367488046285546
-0.17708219728583313
1.53638966396523
0.051178998031475055
-0.11828013280328539
0.7768963848748989
0.2220845920586597
0.1657859414848187
-0.20549901244121915
2.799130325436058
-0.16741673350243644
-0.6874922611878479
0.06491050317823024
1.218187112033751
1.8642022219258185
-1.016010128031006
1.676521035736803
-1.0532207228351598
-0.7405724069198317
0.3128254484181726
-2.161607004285869
-0.18959743119140826
0.5599685995421171
-0.10735632436551025
-1.5462838644854333
-0.47055092207732496
-0.2645028479057855
-1.5896172347505217
-0.912612717675527
-0.19866117223495966
1.190801777162171
0.9721242397131219
-0.4463542320776605
-0.3334756359990488
-1.1362066557792943
-0.7019289373958008
-0.42387319713709626
-1.8854280676060584
0.6975335073927147
0.8480867751132969
1.280429110113793
-1.484377961962536
0.4799019331228276
0.31532519574708423
-1.1113625478469276
-0.30339597403941854
-1.777771799064402
-1.0583569036365108
-1.4800291103168093
-2.471549236288288
0.8152128840549775
0.6454953560781616
-0.14253761901715153
-0.8510063849723278
0.8191877801249502
0.892371049016162
0.8563343636063856
1.6591771244844098
1.4244854269658576
0.40408714378467125
1.438669345628691
-1.1245927212030098
-0.057674234453907895
-0.09856239553047268
0.8620695431316153
1.030653023948495
-0.3572699927871838
1.0880915401373985
-0.48412007497710374
2.3216037448114437
1.6805122125541003
0.1341157744980031
0.07189787940157688
-0.12527441925232286
0.2745751131014743
1.333465828164521
0.049260173946408
-1.7495704320797472
-0.6357693063522462
0.040406430094255284
-0.7221884715278771
1.4729641176967743
-0.7814860732592733
1.1484896949800782
0.7477742975448293
0.7106346832551159
-0.9505610933173887
-0.020458933249348034
-0.5788053050620086
0.39081829830158277
-0.5267185638117468
-0.17738920055449897
-1.2405052929720688
-0.033948292581204846
2.7758099129472855
-0.13324474574844397
0.19166989352880784
1.762373464171534
1.8496254160190686
1.5654290220635951
-1.1252514761428285
0.21234465830181296
0.9825432252931368
-0.45730591990388925
0.18250723936216884
-0.9869601694178072
1.2275798216350309
0.03168508535623865
0.7025755550579418
-0.17870672027630635
0.931419057805779
1.0626528406343683
0.09371896145941234
0.16837551542177073
-0.46327456233386527
0.7248954031550816
0.35728092863949057
0.7775236210780821
-1.2351237019459131
-0.9547074077782368
-0.9263985289493348
-0.3255729748567706
-1.1297116132252898
-1.8972672848039107
-0.155888440427185
1.7347234529090931
0.2798767364365154
1.5986894970586552
-0.05425771680011186
-0.5254430803778294
0.23671860518229357
-0.005503253595403491
-0.7009629939828441
-0.7616359522314433
1.3740497766744957
2.6198886944601
-0.6343146229021497
0.4316654395323338
0.26570072626559116
-1.920648899591465
0.800828356747847
0.0032307343572900537
-0.28029406059546746
-0.7175500534771314
-0.5305367130756936
0.36713048421114364
0.6374262568797722
-0.5013743114394272
2.5926871002701377
-0.915835865895169
0.6729144856410814
0.4929925831138794
-1.8484555209554219
1.1144376082469802
-0.07378754795552049
0.2634587541576282
-1.1144557985224628
0.8842173049340503
-0.4783077892363494
0.6200125082653573
-0.8199974711620936
0.26354132019836995
0.4605700210572854
0.9129618552994568
0.998333473251007
0.35137594054839894
-0.2973294474988001
0.2646406797049969
1.4907556428296898
1.3678047820462655
-0.10484080697544929
-0.0140442910267488
1.289426340804441
0.6054160580214475
-1.0038983039190945
1.9551411122869162
-0.2261079241800168
-1.1864398805618586
1.3875241511020435
0.6899395951517823
0.773904964733766
1.0128113976484707
0.3485520032880741
-0.4207299012347361
0.9195378520691397
0.749863981521759
0.7917695421945651
0.8837076064920448
0.5525403081714048
-1.054080549556478
0.3792493395334336
0.3637761179027166
-0.1901792670002036
-0.60582196136776
0.2761355996673541
0.8682198853957943
0.2370433490259518
-0.49551457164809615
0.9901132684254161
0.5436504039994178
1.2915075569717853
0.5742103835678865
-0.6446553772675157
1.0867388322958544
-1.289610385792561
0.6449256723724786
0.44869985053272776
0.1540323902674929
0.19322038378672643
0.8959236304067808
-0.38343824607537397
-0.19713608636805366
-0.7192497350938878
0.3774828645397047
-0.09367971737313395
-0.4381607782220773
-1.8414457048492918
-0.48694471213359797
0.4381992640622759
1.8412767529305025
0.5741742204514741
0.36709341072414964
-1.1499319105001702
1.266247752255078
-1.5865435712506417
-0.29612701537019726
0.2930270435062686
0.6665834394616538
1.2127174528671083
0.1892908081615441
-0.23483650026127337
1.0215801666694093
0.2804072803111648
-0.5074032414212961
-0.17116978176882908
0.1567073598420608
1.2891238300471084
-0.18752655004684432
-0.12446690463242514
-0.39678599097710204
1.2528384520399916
0.9686841108886687
0.8736144066647741
0.862063877047117
1.468923068805111
-1.198790956054313
0.40917277052806983
0.49941452279730286
-0.5339750250403634
1.7645559064066874
-0.1112882571330921
0.5341861380258024
0.7953551040816103
-0.6004204528418482
2.8469354546196803
-1.2722154135981127
0.025951351853818107
0.829735783038375
-0.08353998904294513
0.7301827990588746
-0.03671884021350194
1.422784533296583
0.7608905680667579
1.3415439770981774
-1.2374388345702694
1.176763661810806
-0.5199230577682638
-0.7844663778309586
1.0765695279905423
-0.03326745308488543
-1.5527678100246316
-0.2297884688219418
0.41710063485096605
0.029962891169019883
0.14807601952075056
-0.8403807814483476
0.3056425516254378
1.0835416242871994
-0.9680591564056398
0.3039437559441927
-0.05051743524302226
0.8651840875386551
0.9080361638113851
1.2013273812886287
0.5702985667812989
1.0161981158863147
1.419965804047203
0.25836338938259695
2.0620181614556863
1.2623612646593028
0.6237492057828478
0.40684048293238034
0.12532537221207574
0.841096613674639
-1.1495060013314615
1.0465784588056362
0.6961959023504227
1.5520070813494156
0.382869023762897
-0.6241625843660011
-0.23753340700789016
-1.3107536591948048
-0.4694176677738513
-0.4483967444430753
-0.7253769743307232
1.1838978748512885
0.2291977257217968
-0.32165132156885845
0.704691527801513
-0.18562204727394593
1.158664834112801
-0.9620840023754715
1.238664217868293
0.9145738887040207
-0.9631011809280823
-0.533148065392103
0.31263961058620215
-1.5552443215935763
0.7791458630115341
0.1950269959948245
-0.08598067651877592
1.8478782465769137
0.04940308417151517
0.8827615969085786
0.6596328428018202
0.7893033990046303
-0.15076446322502693
-0.6815418096990353
-1.4348996339461826
-0.18744885875161652
-2.190536934637962
0.6805661016115649
0.09299280231391657
-0.18213291726522082
0.8239758795312405
-0.9242947061254562
1.5064523387302653
-1.5133986555753052
0.6619611759734658
1.4722047156449547
0.48254339448652933
0.36726386906542197
-0.18174576799347886
-1.2588890031545883
-0.7903315263977913
-0.682531108754177
-0.3133193531046209
2.3809599222009075
-0.21765405356211098
-0.5964504695149897
0.6720320623281287
0.42059534779368696
-0.15307568833871574
0.3009875897521566
-0.3540067963619649
-1.081498065652706
0.9703364764305489
0.9000392989121152
-0.26146145168857965
-1.3120447021389388
-1.682305429991112
0.35964866149153035
-1.508610977878407
0.018857669484874613
0.6305735973196839
0.22616430269480858
1.1480768426319141
0.3722881046633112
0.01604586508773643
-0.44141955520883314
0.0991255772037554
1.5554554976673451
1.7801947943056167
0.5877991005527199
-1.0003510500773671
-1.458479445663414
0.42188566939677036
0.797663521012661
0.0662767286415669
0.030849577557060085
-0.6560197745857465
-1.5125313893511871
0.25791110741675294
-0.29260020089572325
-1.0719269275410352
-0.559153350924904
1.36764703611658
0.4745444190457103
-0.7081866882722881
1.4484168668003514
0.5370875373030832
2.016900622555798
0.4748121569947815
1.6901657503552197
0.04763624210924251
-0.3767411082013271
-0.42507194305834983
-1.0582489909254986
1.1323263568789947
0.3962632645837255
0.19521635941935453
1.2531667326472806
1.9499344206828562
-0.6223767606140084
0.3686544872536155
-0.8940789213678214
-0.18851071938538916
0.5768701108204081
0.04469044920173528
2.194590031045543
0.9612477965772395
-0.345686637665832
-0.0796670332705274
0.3860302655250066
1.2277882978646368
-0.1598274725734866
0.09138551837026955
1.129399895256174
0.4485071884857196
1.5473855704311223
2.4788198281117158
0.13432572922994793
-1.385431083686937
1.087182539377773
-0.9096006585384765
-0.5053232714227278
0.06931894279114607
0.02145251828451634
0.28967879383125433
1.3063106659597195
-0.19687959154619622
0.7403865211067255
-0.37985379819709875
0.4019591903229448
0.41538156652144803
0.42005440977234243
-1.2865675116357058
-0.6636350180264217
0.12309454203802109
0.12200674794036834
0.5044732266895516
0.3069593819323977
-0.2707284438404615
0.09889821047564469
1.2343182709358689
-1.2538459210986124
0.7733307199317061
1.8869229475900313
-0.873862649690311
2.0228880887834864
-0.1607312149004941
-0.19040090257651457
-0.6869970196059425
-0.4437862100463891
1.184141098813037
-2.1940582813800944
-0.1482231039850941
1.1139821199426239
1.6575241660120243
-0.5019829807272177
-1.1463925785247777
-0.1888204017540029
-0.46537208344713343
0.4884821990536908
0.3420589253613589
-0.8285962208960495
0.26095905405960623
-0.07893652393952157
0.002680902438472154
0.9295531998786775
0.950443560965114
0.2726533399825127
0.8061125125577284
0.08895458194760254
0.46281873790469086
-0.29045116302802315
0.6290823720619784
0.21603142282221485
-2.1104316941560675
1.4241934198179353
1.6762556112400318
-0.36603117903094085
-1.0428380434119549
1.4731992019533668
1.6474802889192055
-1.4028183000219892
-0.6628254710690489
0.11117119368855179
1.1102663022020196
1.014119214001395
0.7508390159335117
0.22849307880622494
1.0392167700987185
0.39671023061220095
1.8673934261171656
0.5457983363075101
0.25721494581002785
0.570891038182145
1.617383732847117
0.4836489250787219
18
1.8455910373454072
0.41373062460577315
-2.6054373536879964
-0.09717235004060507
-1.0698022749535843
0.18579846555266527
-0.9767157798644532
1.5808413657810945
0.9246632766728121
-0.384545290689105
-0.4391359783881759
1.2238946174453673
0.3143632036200362
-1.8080638463468346
-0.930589827154273
1.139234266020592
0.7952877608889289
0.14453439355554393
1.308736732737531
0.4026331225263447
0.8680720680134539
0.3798504074971924
0.6835174203707816
0.9993929359050095
1.108548587400261
0.28672501712080406
1.032580329324941
0.08053642349365399
0.9915826434884345
-0.3128047146105467
-0.39086151084352866
-0.037931946445762685
-1.898005942294246
0.6999601013563521
-0.2762575892586577
1.6829106562393388
0.6214957079346068
1.136454979238321
0.43487672627742163
1.2507856716964565
0.8505000747437323
0.32466687894264
0.9549934663337911
-0.44535909391248546
-0.7442063807681986
-0.802093401505242
0.16815524819277353
2.6305164430757397
-1.2119834559772154
1.263846841244353
-2.3855979255862
1.9504388354194846
1.7619571406845738
0.4089920491262747
-0.09839811839514476
2.241607732228733
0.17246091911355482
0.4582651127144679
0.44559178011361594
1.0467494446364138
-0.917907834525353
2.2082979654462633
0.31193405974774435
-0.5677366056698111
-0.3201401557847534
-0.7018658115403563
-0.3442687708090853
-0.7988841889536378
0.007919775384172746
-0.4604232436752343
-0.4953880388061171
0.5811523469337716
1.3736453647076339
0.8179322194726513
1.1009582895795327
0.07912431549480616
0.842855114988815
-1.037808527753883
1.7412594777906705
0.7521239856760901
-0.22776138449023858
-0.8100316136221973
0.10593508927875016
-0.4771923626212688
2.2399091003885108
0.9115723644167679
0.04036379452102364
0.3970418443740252
-0.3557997270053142
-0.2566117889732028
1.359171154153824
-2.104351342334914
1.851433600597772
1.0964559414123636
0.38984655931175904
1.6440308915462645
0.3192103523038404
1.1642454281241312
1.4342106434060455
0.8098930358424773
-0.4239107026365419
-1.5285541124872144
-0.06500638089063099
0.3458800395908302
0.058085474135412034
-0.414124883779904
-0.8314605990341697
0.6023971511333285
0.680589641304836
-0.4408920001989138
-1.081658023589848
-0.15140210044617802
0.5710826020810819
0.01761934342485241
0.3187958286852158
-1.4152434945648982
-1.1518460741929695
0.6868881199451621
1.4078961169549495
-1.9235083734581044
-0.3217430140923506
-0.2945705556944496
0.8839936213766568
1.2718958490759438
-0.35499257902195724
-0.503249822802603
1.047156875043818
-0.13603734739837856
-0.09898634932458801
-1.0491745504498287
-1.0132682225602863
1.0937008732710292
-0.9046731472965339
1.1900764836538342
0.7508272134381875
0.36730265223581743
2.3977553587213905
-1.5005411360323224
0.5296637777328175
0.6933644683361249
-1.7448208023579905
0.7191430915507291
0.9125498549099271
0.9201831939498339
-0.28949704719298897
-0.28014547318194566
0.20509644674916397
-0.032596522829883096
-0.2254283170768886
-0.44902801526831737
2.1491285350954645
1.946749494233258
-0.33344088428437035
-0.3206450071399796
1.9509378877638173
-1.3185625039182767
-0.6184521737214008
1.2466714558971546
0.8794776875802882
-1.6956286751087621
0.9363160618064096
0.3488205281634896
0.614919286236447
0.5122701809001277
0.5721989075862558
1.8325297845526953
1.792431624559277
-0.7542209727095904
1.7056382717919756
1.0400334160140778
0.13613436110629953
-0.24664681233712546
-0.8523622499782381
-0.36657637554478684
-0.1075844051702379
-0.33945551906170296
-1.1823360987643678
-0.8532571543924097
-0.3501225059617483
0.4591786572057072
-0.3396169303841378
0.7664663893699372
-0.6538771581240809
-1.238132084973475
0.5577344888721129
-0.1289647641255155
0.2029763571286063
-0.24172146658063093
1.6395837751204931
1.144473433304775
-0.5260755689906328
-1.3244486435520146
-0.44062236321463577
-1.054312331327591
0.24233822857402787
-1.3365860647601864
1.7072551229283737
0.6480240002740661
-1.3078572767348935
0.8087564710298966
0.9763126712235138
0.7132229381799028
-0.6871621706336694
-0.5135307106746914
1.559657170631363
0.8232310070385145
0.11869971568732529
-0.04476573506147267
1.399100684692459
-0.6647704266020141
-0.3609930880969297
-2.731192192690815
-0.663335208691009
-1.3495205084464197
0.7493782838798946
0.10747442809319321
0.7004907889735279
-0.03789265015722467
0.8720392033700469
1.8849882250635084
0.04706311643272816
-0.49216564501940485
-0.1058231799748367
0.010093001732101465
0.9449559266506675
-0.9471686937897552
2.1905502460254063
-0.8931728529546533
1.7201412784324215
0.49219723091034273
0.04229865802287229
0.13060625417343666
0.7036075925451057
-0.7909064365580708
0.10564028211987643
-0.704000088170413
1.6756387766652427
-0.10795643744132236
-1.9956087061342085
-1.106589317124325
-1.799487575991291
-0.08364227566304687
1.0416258090281099
0.8025872944089042
0.7451227226133773
2.083697448825434
-1.9647138762782321
0.705011854604537
0.874206038006614
1.1043117177646076
0.400243286997805
-1.2182714442831575
-0.20632552629824333
-2.106684716337995
0.3212230467159818
1.332363543636335
1.0354815987096284
0.2369461399734158
-0.5198277961278844
-1.5788728086876433
1.2616615936342201
0.048037947891998355
0.22019226697827726
2.107497347108621
0.28021482411164605
-0.3757012639866019
0.7926561263919125
0.003998644082952755
0.9484694563856554
0.5394285872927543
0.9247052085572882
-0.41934581668482024
-0.7484735727726788
1.5353015403274652
0.49539304455331595
0.06707932027547187
1.6265718921932615
1.9310477504736128
0.44217893631191896
0.1435014066580575
-0.08701505107091759
1.3720347955408412
1.529759976302772
-2.6437781306376693
1.6546648159966053
0.39244314177624
-0.49667725207949487
1.2606008863653657
1.3151451865731856
0.6604087696426548
1.5109123954570218
-0.2946838838775867
0.2539759020747267
0.7832800517460538
3.618001297819803
-0.23371684310275015
-0.17100099880078765
0.7374843498472646
3.202704459022878
1.3649202576303205
-1.5065649491216018
-1.8948152412378998
2.074087505052164
-0.11886224816489092
1.9128637586601676
-1.2374685986037317
-0.8228209487801894
0.32274332717282794
1.6424347128949068
-0.3670494301764811
-1.8465169253059985
-0.23838991347979302
0.7342195616574692
0.5241904203324363
0.022407049302226437
-0.24981448232989723
-1.576149274252347
-0.27103559012566153
-1.1993587400450998
-1.4859114570464325
-0.6461584949165978
2.702756236726286
1.0208429629073346
0.41614647392696996
0.2517931602502847
1.1024666844463753
0.09572611449426106
-1.492178942235211
0.4315327234673977
0.218483965772764
-1.020498506704422
1.6371851218314815
0.143091159661725
1.939782422449322
0.37469690867818634
-1.3093279626319345
1.1676578058036986
1.3455389844359982
-0.9438947904402342
1.1552478637259542
0.7857093797474786
1.2404599388423487
1.5307343515958602
-0.23214076120696875
-0.1525524230237049
0.437543682847844
0.8357860283691978
-0.9689101015689099
2.0164515308851114
0.5342977874653594
2.3752463889569113
0.07367477126042307
-0.25726465348200245
0.23727481328434596
0.46801701312276556
-0.5860097829984856
1.2288423332645009
-1.0690946312190295
1.9052582778072285
0.4301792958999635
5
-1.3587590776094531
-0.7158526276064513
2.086070674086231
0.5178095430933545
2.095949011116246
0.617387455530075
0.036394768467157154
0.24677683970934614
0.7590660126038118
0.22438712750910783
-0.15243425231278554
0.17704063647897147
1.8756510874742087
1.6201112110662412
-0.4949863434048175
0.937136160205908
2.0501573183889747
2.818762047476421
-1.5014759160562765
0.25948245146043203
2.482914627701447
-0.39620035356722383
1.7657528362005257
0.4366398434628066
-0.10542754257512449
1.2300478114520925
2.0653262971274264
0.24389887397373955
-1.5020127277507165
-0.617151280427643
1.2633705553034071
1.5897056281383566
-0.4562201454989247
-0.4411402344973615
3.6504826886563784
0.6740736637990353
-2.0816380473521257
-0.2820804169543146
1.2835602569942197
0.23661643175807756
1.0202650344462285
0.4193230426349996
2.6000889739101027
2.1995569122951695
0.3854415602869523
2.9119941570044485
-0.7084992982160762
-0.7444994059626593
2.867950257192818
0.2662601576838962
-0.4093906674817961
0.1371231559655148
0.4794592397629467
0.5790167388377164
-0.7107496767503673
-0.18840159716108057
2.6013124726865753
-1.5422233450479974
2.2343839090877404
1.4486522194799312
0.6013970093927481
0.501816255464216
1.181360146571549
2.5361008353512235
-0.7985717566999135
0.18411396237373512
2.9834714316396833
0.6530784577646119
-0.9220509399469065
1.492240720306378
0.6437102964997413
3.0247808003607464
-2.0928601233501984
0.3336397357981916
0.08375657266836824
-1.0621308669299296
1.256283633276861
-0.44659226141840747
0.15825440118936346
1.32111958077162
-0.1969761544007939
1.798633697264889
-0.2830088510183006
-1.1352892503201424
1.725209413473001
2.3308804599375597
-0.12256723153411944
2.983042291896204
2.673146807374976
-0.06966078729248484
0.8775286815949622
-1.2188099146433287
0.05642499758688591
0.7662908627096989
1.1873172623568924
1
-12.944424171080428
-10.253745967087179
-11.017018129326333
-12.290514122020472
-14.095510106270051
-1.4707064476783382
80
4
20
1.6438698379812182
0.8987860467167736
-0.001484354742601779
-0.8215979749742308
0.3427196550118418
0.8253529307745401
-0.3230824717028267
-0.8945058090727966
0.2456311214903741
0.2526268242863231
1.0175125067330935
-0.27955817154699464
1.2816612237440397
0.9326828772241189
0.5575309969144381
1.3318684101673623
0.9199648586361721
1.0559155672895573
0.07676925755115303
-0.0014984086147609207
0.041576923726831
1.0537175453721175
-0.9656458121042475
-0.18583605925726984
-0.128578739851424
0.016317908589270222
0.2720451732099662
-1.2130398326394698
0.565725553849676
1.2240331737325498
0.7802534485243934
-0.10259714037995053
-0.04667522943778503
-1.0197507482289327
1.1086618019686758
0.1268239262456097
-1.7058666229915143
0.5485359426778116
0.9757755994385511
0.7948930015901751
0.5001819096362713
0.0038414478467667657
0.5478146805471813
1.170274253895384
2.262915358788803
-0.3973106753817812
0.44014170531440505
0.9438747026553015
0.5565152098171542
1.216100583805549
-0.8858349753670145
0.3423563371336236
-0.5067974325509783
1.4247519333993899
0.7869322947721947
0.5445344085673544
0.06833596089491105
1.3308867047414665
-0.20020088466165345
1.8031240917758964
1.3445985626510994
-0.14440646721065586
0.684530402594808
0.49694277126981656
-0.042849415357477764
-0.7121682630225193
0.10633290116171779
0.9339766393673723
-0.37485451367101136
0.5015468674636445
-0.7968370282433277
1.7612283672964335
-1.5901833765561162
0.09707276076613192
1.5388534127962243
-0.16096277693115607
0.6211361931560861
1.2762508968461321
0.5529209629838017
0.781626516954257
0.5314554331485851
0.17055666149606713
0.836942105029712
2.434612463531536
0.43388704085934165
-1.7859710165407319
0.014432741518260454
-0.28266568271624415
-1.3565872944165691
0.5996346985676398
0.788160760669174
0.08355759113148259
0.18133221559265827
0.08209042435791794
0.11412135787928993
0.4670266819673812
-0.7731125000741903
-0.35141339039199937
0.7663312073290073
0.4465483293299933
0.45270279008525
-0.8446901196404732
0.2727286204761192
0.9448781965927935
0.9439245566750997
-0.3980665694079827
1.1925723973744806
1.1399075777911027
0.15478829265377259
0.8331743392583454
-0.5737717126708878
-0.11702646648882933
0.10833901420538453
0.6304837556515509
-0.21255378945369183
-0.20228663005626826
0.1675744112997415
-0.8136874091367629
0.19786856520910728
-0.5335595806592152
0.622763342182733
0.8006671928416411
0.7300420149369791
-0.6524597319235592
0.4298212147739172
1.131012526554386
0.8197586086681657
0.08007449308662444
-0.23435241818467875
0.37530673275108306
-0.3057304800435281
-0.326424100087314
0.8050126400782207
0.5091304965625923
-0.023391616332013213
-0.9451354800710094
0.1480234070180552
-0.737465991341041
0.9238571546591181
0.17640211797464622
1.7080382769796567
-0.10142554769528238
2.3456250824527625
0.7269055117703314
0.37830957476540217
-0.15357278655111176
0.5012938428206738
-0.7680064863710286
1.1627074862792108
-0.2883642137599524
0.08156921063255292
0.5194348499996128
-0.09086669538285186
-0.6883889163551479
0.9268948160761483
0.8434045870907236
-0.5407347165753547
0.17314524352757177
-0.3347755710876397
0.32403040180706166
-0.3337195886313729
0.10663058153114391
-0.3824239525891264
0.4689715079434297
1.3586614710669012
-0.21252932829112908
0.3649513971317088
0.8071633195718164
3.1220464739189584
-0.41856076185462354
0.19707343826355078
1.541227530751284
-0.6666950249742771
2.033597306903155
0.8926279245419868
-0.6750858707971735
1.339731682932804
-0.2897600554261294
0.9378289378584903
0.17347641615960518
-0.07811457413552347
0.983699081165067
0.19042247958957234
0.3654387520983646
-0.25171722361755083
0.4179820645419629
1.5898826289006684
2.278827543233115
-1.6925682251671132
0.031061225328214044
0.3525217717314568
0.5423569434216584
-0.0899226318370304
0.5629735315660226
-0.8356102949237713
0.8671702952580896
0.39206166657501385
0.48236472341046976
0.8174542845505604
0.6230874121331437
-0.8661657295295511
0.026170543995653956
0.6736983901655866
-0.1353400700479255
0.4092886323230222
0.7739977333160127
1.1584675203121133
1.467083921350201
0.6875703646298555
0.9347609927916183
-0.2564980338154299
-0.26862523627544066
-0.48668286186959697
-0.6268812293418506
0.6894460301746944
0.5012250889907054
-0.36851705521980394
0.15415871123175653
0.2587097307896912
0.188272689966353
1.2640775404549416
0.2046262117725361
-0.06824950114195714
-0.6897399387434369
0.3830829371118433
0.8620151980914228
-0.18486457281827864
-0.25071429219061986
0.48020823410477703
0.534042662260607
-0.23064466299681624
0.2644824953856128
-0.09395812735474124
-0.24051507260135976
1.4830436474643776
-0.12208434789155975
0.004510640645970135
-0.7730818300705434
0.1068055880531893
-0.12113358978873073
0.703236153828486
-0.204289981392843
0.20074356043103378
0.6502988872745391
-0.2486934146431364
-1.5266152126611354
1.1054375094825557
2.0589991505286735
-0.5649780814340839
-0.1257604980095982
0.8981978929965883
0.6862383519647058
1.6920861008192865
-0.03982206686276915
-1.090649427893809
0.8539064752537157
-1.067904735807227
0.22747558889373665
1.2361362914026774
0.25455085533005395
1.6175588144467403
-0.3076341586998941
-1.2680839182933987
-0.1151741427120945
2.047086393174265
-0.6221582817844805
0.1620662522175921
0.20281916992316446
0.8153955499976464
0.6409655818721638
1.4348545113506224
1.9725411369442762
0.23423549160566534
0.6744439648698124
0.08711420731725926
0.17953563091490804
0.38677147621663316
0.39408411984420305
0.7688421740317236
0.6212352496146949
-0.7431819588322337
0.05000523551508277
1.7055410698153453
0.9551264587635006
-0.34888257012588425
-0.1792564092985952
0.4067156496494759
-0.24396816643727673
0.8155420178409125
-0.7634570728390734
1.0668206838528504
0.19037841650344767
0.21795954672291012
1.2665234623657617
1.6345962920712558
0.043987919814537056
-0.8167520515446318
0.21516658690593016
1.116936505317545
0.25850373329037735
-1.80330314713212
0.1903755512409021
-0.3959067128019965
1.104650372238938
0.38683091417639603
-1.3461873682341254
0.009706671634856355
0.6717209033563036
0.6958176521363841
1.05979228053876
-0.30444647146206566
0.8804441097217867
-0.5191152250599522
1.450268599448711
0.2616113778611984
-0.4461521706106994
0.30155965555586617
0.5566036479174219
-0.3976703549137928
0.5932846979607033
0.04970813853804698
-0.48775010688825143
1.9035063577320828
0.2165726258073403
-0.12088576657125877
0.31930415061821
1.6246743016918048
0.10478737314626967
0.6869640890884652
-1.2589657339616975
-0.7234468786558298
-0.3773618305528409
1.6921963115533811
0.15568691584838923
0.6403046911318379
0.8765757564736234
0.94430373778589
0.34519499538275256
0.5162346792103113
0.10632773469250671
0.06079784576036275
0.6110034595963859
1.3582750548911569
0.8820189379194082
-0.4477000213801198
0.6568609868334334
-0.6970941196356553
-0.20008501352202368
0.7804892135529933
0.9801162694975573
-9.782100500047158E-4
0.38778714757439153
-0.5404489186219705
-0.2839697870291614
-0.19047231492786781
-0.4686376594298737
0.2695868424024283
-0.2577850959543795
-2.0165090735778866
0.602943485007586
0.6440815095767889
-0.391493217120154
0.7403153712062311
0.22649618343968064
0.45272036752558176
-0.2594081732832497
1.4297327872803949
0.6934916519104044
-0.15635029164259662
0.19084524367624256
-0.45821758925515715
0.1805751189547485
1.932538364873214
0.9894236685382114
0.90509990806771
0.7493222034706045
-0.6958993024242106
0.5818440326739757
1.8817241734937127
1.106314545820472
0.38617457850808173
0.5991254331522
0.5084876066052681
-0.34529210308295366
2.5127438883539277
-0.2294491760013585
0.5545226926444111
-0.35026027468577914
0.9394555008456915
0.5842559266154514
-1.546208672252072
-0.05140120077632812
-0.35381021150856273
0.06865078472900848
-0.8195901468510011
1.4256717954610476
-1.0059226406115085
-0.02902783449735739
1.1941089084257765
0.4307197464611419
0.7156267110791138
-1.5346828549160272
0.5408680247518164
-0.75678547475934
0.0669210090772142
1.267819221580213
0.10741046717391223
1.107996565393964
-0.5321247738636542
0.34394982264886304
0.9420342695242597
1.331478391925568
1.0553598895513905
0.01831606396268412
0.6070192372315879
0.13849298498598073
0.9945497447080841
-1.0620429245585215
0.6834028260359233
-0.18589339389352216
-0.0027104053844587
-0.3044342258904895
-0.9182371012829655
1.7959692815445438
1.5124439049655958
0.39386771361259826
-0.4482787588374042
0.05861075755674819
0.07184114165697668
0.43321529933234915
0.8857952409995615
0.2717074559979415
-0.31719383029223686
2.080615762761965
-1.032144013564874
1.923262703692618
-0.3879992163340915
-0.52518475819849
0.06441498486420924
0.21458756188299943
-0.2156776714024478
-1.4545019368909546
1.2416979447324255
0.9747467427288696
0.34682163899885515
0.6357259136994421
0.01883688157651417
-0.20095876836646587
-1.0110636479824235
1.1723145001918398
-0.6568939994214879
0.28237698834771247
-1.2169381215019752
1.2924376900470742
0.31389398222988113
0.34161085617372217
0.08048739252305771
0.0565368124546516
0.9013524357201335
0.34067195269423683
0.683463291950145
2.5946293865374805
-0.09347815374878994
-0.8399481333274396
-0.10608348820136385
1.1196495523916605
0.036904667851219514
-0.14119500081330072
-0.7697719419705175
0.06332379901951812
0.5010666821883292
-0.23381200509863306
0.18677915136440235
0.5574082394870178
0.3203321324337413
0.1535183082786052
-0.3249238921429204
0.8132227163605148
0.3800071173314849
0.15597395396641672
-0.12793664083798964
-1.835509021058074
1.163805310515262
-0.38231894530362986
0.26567257656200455
0.8209214665922598
-0.4235108105710467
0.2980318167020374
1.4035670154436815
1.1338952300967324
-0.5678865709911192
0.21587774024720474
2.2020414278285108
0.632755537618281
0.8372903345661261
-1.2441826099258453
0.9731525319994112
0.6997939523710901
0.49405573792889595
1.1558420514785106
1.0533061948927136
0.28804397434267054
0.642160396087514
0.8940759095993116
1.2049966510759562
1.065222092468837
-1.3708387796572068
0.9092674461523194
-0.6021766027027955
0.5711380993975346
0.4259951609007476
0.124731872290959
-0.2996187684913351
-0.6121323861420589
0.029696561344596778
0.6407585144953272
-0.31704089051483997
0.5754304894900297
1.398544824754558
0.058849540257955996
-1.361362960804992
0.8678907064790629
1.7975828014040407
-0.5394066809756258
-1.0084934847635731
-0.2278178220500748
1.250540058786892
0.3281327135237102
-1.053183729133681
-0.662614762332885
-0.18049264229034784
0.24216166879079698
-0.759350650687507
0.49043417197030614
-0.2838310450006909
1.284654554323138
0.14738831881464248
0.43427304599699557
0.5185630023443384
0.5145661023188347
0.46435253901405765
2.246834433699342
-0.14408918389909317
1.3948662920157726
0.6076641454195876
0.46335514928046917
-0.9996027501288697
1.1070369299595124
-1.0956687975993546
1.794769508914063
-1.290297539309605
0.6563534176326807
0.5239948649673097
0.9685431629171916
-1.8202276219041258
0.6299519906441428
1.9901644214502123
-0.40786876793820004
-0.5894791903940262
-1.0705556140674566
0.3391163643268338
-0.2625669245558788
1.0592834262613942
0.31543795541338676
-0.8244635470538912
-1.0502217437604564
0.199134864338601
0.04553043110829508
0.6575124148322014
-1.2855636679215066
-0.16743407295041696
-0.23318732935972655
0.4339845686926699
-1.1043769012214075
0.05516888675624921
-0.10093233085894696
0.958934827650318
0.8483955021045081
1.3516522957233994
0.07153724631704733
-0.1161156821016383
-0.05705954515492648
-0.7044076143713154
0.26755204516327225
-1.3024558093029772
0.059503494110776566
-0.40790651698160696
-0.39958381473778826
-0.5750684679317642
1.4409035025565058
0.9524530766357309
0.7882623403508212
0.27738818331156956
0.02547918991929051
-0.07627160242621565
-0.3183931166025391
-0.6616497880173263
-0.7021310589454144
1.8404440817432046
0.08388685481416132
0.3089500335301758
1.1485948376015531
0.7505600032785731
0.5672741208709465
-0.2983007380421093
-0.8337698078132473
0.5342848471135726
-0.11746958509526849
-0.996273960327842
0.7333068363433644
0.35450012964719474
2.1715070509653245
0.7717756410736407
0.44858895974272894
-0.1273913222304475
1.4271098149004107
-0.08003557559347924
0.9017045856126162
0.8454581546271275
0.27167664652346685
-0.5434375383470609
0.125930591676671
0.416063485094022
1.4731683014263275
0.9024660178147035
-0.1714372289087876
-0.7596981908700624
0.3525687397652364
2.3076338451567437
-0.5381461603704633
-0.32625534763466413
-0.32429541636229775
0.6664370308361731
0.23252937541604743
1.1445520170544847
1.6280395960250038
-0.8624499842933117
0.8613656345699165
-0.6668211035486358
-1.6330048816915175
-0.08046883146049102
1.2301542492472974
-0.6795677552299527
0.805052367014997
0.7628485415829923
1.1996637441333697
-1.3586862398375157
-1.5610029004546737
-0.40409531626404577
-0.9821501916078419
-1.9500913223497442
0.4532083197797038
0.05373446912390999
1.8685170180883874
-0.29721227140155376
0.5347164328468718
-0.17285372064131915
0.11411410591600779
0.07274552803518802
-0.2619446529959645
1.1184977314997617
-0.24962216385738778
-0.855789449875231
0.535120742349093
0.32125836703974764
-1.6033799479878326
1.3063190324555638
-0.1371414515796299
-0.12200553831598743
0.9041932049751891
-0.42555769496604207
-0.894531710780503
-0.7693107773559135
0.2607545282720222
0.40827292631249396
-1.2026505097674112
0.7517895196153002
0.9045503774818683
1.2911797472808542
-0.5565198404898803
-0.4785689642942756
0.6975084871343836
1.0322535240367192
0.39163935548864176
0.9274802388735613
-0.6517580276350294
1.203136248475543
0.6149141108111876
0.277925146121985
0.16787851154223551
1.3560402077274218
1.0373784943677151
0.5197157056275
-0.37316336770806374
1.096760656610025
0.38440294645807593
0.1709372306592413
-0.8912758098813415
0.04984162259741824
1.7648944359891368
1.0336263712843015
1.3250521516371787
1.1652536717788202
-0.38656344097225376
0.08744938117329007
-0.4569416572256397
0.7551333361154713
-0.9256903077387546
0.8869091029627557
0.6672297216904383
-1.416747775309911
-0.41276569436115196
1.6659398705267663
1.21485136831881
2.05008982811862
1.3776382962620746
-0.35959624369598864
0.24600169020542934
0.7722487607647578
-0.2908308878765338
0.5954035835789984
-0.5028418658810041
-1.3771797007438555
-0.3611908448220893
0.42976542557348174
0.5464578040937992
0.29159984309196296
-0.969136076744428
-0.33538189545453057
1.4931200139920453
-0.0036009344350804093
-0.10336610019447821
0.9287011051095347
0.4451942289913786
0.47780128040924347
0.952423385601852
-0.2041821172227831
0.12470754556011955
0.6470552190479042
0.05385247110670506
1.1812654075107747
1.1593986837406862
0.12458752757932784
0.11495597376764921
0.3992687209879897
0.6950013019092774
-1.8704885598682746
-0.7218178103791614
1.5379898847352125
0.06901326669404512
0.33497603419312555
-1.0108363941104817
0.08852000422910518
0.2942012430884628
1.3818246267819863
0.16232205339227906
0.5374744170380835
-0.6199200259689119
-0.1330654754678231
0.8328657460219454
0.483628614553667
1.5944689157473357
0.4151179481576596
-1.0785751958265586
-0.06118947784851164
-0.7439766608726069
-0.7144431349580866
-0.9339600199223673
0.07435705606633167
0.8127274709253235
1.8291670583136082
1.1458875346979207
-0.30752998551457367
0.5878970435950939
1.348950461830238
0.3878349632222585
-0.9054569203860298
1.0386616788479353
0.5352453948049611
0.46680673041863807
0.42343375396903976
-0.3766620228246074
-0.5105011825057972
-1.0711698255831583
1.1187827639646426
1.0143858391599796
0.3528233868970638
-0.5891156835329852
0.2255182818379763
-1.4968284786016515
-0.45171453496521075
0.5703945231419651
0.4901674318353013
0.5077685863051375
1.9159845896124619
0.9936475818083125
-0.3857531380952726
1.5717698412605838
0.2186782702262891
-0.09030251185954682
-0.713909319918827
0.8536719687445022
1.7167649345992186
0.9363430323671387
1.5394267595373259
0.8993714331993508
1.0662311033757579
-0.5689834593521692
0.24440088483873157
0.49205420690714335
-0.691499861563585
1.5909311306591754
1.0301983129537153
0.09718178467049045
-1.037780729799118
0.5185830247450804
0.8222626025815184
-1.0825075478992416
1.135014296309403
2.092957711399888
-1.1556578842219167
0.5071214151351757
0.9827222515089382
1.3968314092384009
0.5500094004162531
-0.11809476299758515
-0.688576197729042
-0.10156632762898714
0.06671337201386568
-0.6052976396996768
1.2093919531679158
-0.47923495451892073
1.181795855682872
-0.5701423101275797
0.18030047367650126
-0.023210704152669834
0.6207290692913782
0.9935481709925005
-0.6845653266060344
-0.13015406951748912
0.48094055446287015
-0.8727099381809689
0.0903893328891898
-0.8992237074633685
-0.40336063836566566
0.28085394158877386
-0.16184554884190439
1.0862378616216213
0.7538470804771142
-0.13438177472804608
-0.5548897109245385
0.6744090951129508
1.292839318332845
-1.2427026403039505
2.0917317078486257
-0.6214204359815464
-0.348721614429422
1.1863339911767874
0.10156131971047742
1.6585166160218758
0.5897230450772641
-0.4654958884317452
-0.46817442807919973
0.8811845227216365
-0.5376933604562555
0.9577884457624256
-0.027304459183240967
0.030478415612147397
-0.47953855255684774
0.31241632118511076
0.05004882418024107
0.17615250752717931
0.7149929632853146
1.7346929439135874
1.5730296838685334
-0.3803942793034601
0.35511362443938976
0.9188351865110277
1.8975128740688048
1.8198155393564064
1.3423786646939766
0.05721182575442943
-0.5118020980278607
-0.3927531580992881
1.6236937728964613
1.231703054313448
0.4531953366804419
-0.20656543168247557
0.5813145627470128
-0.4103388174542059
1.119667373854093
0.7663259692737665
-0.6925217098639765
0.6052812386102078
0.4265274876846714
0.3983259554217086
0.11249031964856533
0.8343684833277388
0.8169387265739843
0.05237635025360211
1.4442131556264783
0.47906811335374805
0.9569839764913513
0.8040830422708137
0.06883573410751997
-0.21019265287402075
0.8162122670365392
-0.0095090530085684
0.46211978837782736
0.5243723625900019
-0.1393815883489129
1.0775301770948413
1.394296530086315
1.1656048871639604
0.20859526761116945
-0.0956192351135256
2.247053080397516
0.3610789755971449
-0.09034664515956872
0.26559203308593937
-0.38684318916190696
0.8349251420438847
0.10916621919089091
-0.16223507788029742
0.15412546876571767
-0.7223955974105126
1.0120112835439632
-0.9046634504905424
-0.9417881469013917
-0.30180426652239434
0.430982450158074
1.3751568293277594
-0.8829528103809833
-0.07910862001413525
1.3781054669219441
0.8603497105760018
-1.3618937723305593
-0.0848954823356701
-0.3415010754480927
-0.8185346012499085
-0.5435483390368451
0.6310954039049902
0.8297775361214921
-0.06777238578926599
0.5938956410498037
0.14913622114346536
0.6440990160797408
0.1399659978496652
-0.08606399147558524
0.9674010761187699
0.8461483522253112
-0.45683655321026145
-0.670083727964796
1.1991209948679504
-1.152083985938332
1.8494893842967735
-0.4098339057793529
0.9897302769944645
-0.9509658138910372
-0.06184841838633827
-0.9609376477763076
0.26031178773440367
0.08087296396154954
-0.3715149968306206
-0.09105392322090955
0.9610624808283741
2.4178069328918728
0.023057314198414187
0.4609987949868298
0.6452450329625566
0.8386670323135499
0.28783915092256945
-0.2811834595833097
-0.885518019171712
0.4944826982484666
0.34057464251276004
0.6220853464934808
0.0974688764802043
-0.5801066856870319
1.9732546732447478
0.41811887890931554
0.9916350914430544
0.23211630215598586
0.33113453560865014
0.555705669568235
-0.33972684174552414
1.316615531950705
0.06384190044373178
-0.6855589540631141
1.0787885450408157
0.3359599826250987
0.9049146707645995
-0.6006704700886357
-0.24948232695878994
0.22826727850562484
0.6063936847739021
-0.13298317599312362
-0.8292252731410733
1.8216213249594502
-0.5613198462706811
0.0987771677742379
-1.0478479007694053
0.47477416969499786
-0.5105789032689523
-0.6530527767418002
1.102627363554916
0.320911686993881
-0.9242472692593575
-0.8848779003730066
0.11480363456055336
1.622228645398962
-0.24944912366657113
-1.1121687575994117
0.9406593181744868
-0.7542254272454348
-0.9536678125630247
0.32956489907820286
-0.3311993841567094
1.146124335530209
-0.6414647025290553
0.300033640616205
-0.29151516860529236
1.51796412373364
0.03888613367341975
1.1611213462563779
-0.18125394852727264
2.0743690393420264
0.5820551451764215
-0.11719847070632228
0.4378601790351781
1.194256608020263
0.383087561643178
0.774700953169148
0.06600666884942245
0.29316101403396116
0.20749460493749608
-0.0830512815354141
-0.7879616053928833
0.9026893455558723
0.034519861945169455
0.26193805983577284
0.4885668771435753
0.31861363220261685
0.24310268060016582
1.396417657512226
1.2940569946337603
-0.6006515353923045
-0.06977726148084688
-0.27506618015511414
0.3428005345793286
1.236722735784839
-0.17981400123191327
0.39160124244384714
-1.0971845247037186
-0.4692486491010333
0.06691195272054977
-0.44118753317724246
0.41651220986267184
-0.45542511274772973
-0.6134585769287945
0.778783387503812
-0.935665329768739
-1.1383477164477365
0.25075385813769063
-0.03044883699412798
0.5500309983887484
0.4273639959520934
1.2118633606398312
-0.16459280262306714
1.342339565789539
1.4300430539606306
-0.07803625523134008
0.309321420093602
0.05019641064166555
0.25596675492892956
0.10563175460122257
-0.5436149606935861
0.6988069445914584
-0.6774336127450745
0.5807698697707028
0.15037628313975693
-0.07322907175771205
-0.5412044286308191
2.1388560588708962
-1.1357651167619471
-0.31444667555618505
0.8952394011368718
0.4263354933752079
-0.727845810438176
-0.40933613202592806
0.5576434504895663
0.724489517239824
0.12840495152847933
-0.5343753541704745
0.7306201458064139
1.3960785869514456
0.5413213246911235
1.2574130064570794
-0.3490585477839911
0.041276642315500295
0.8576951906278699
0.5832958541102059
1.1826535727956347
-0.5684896368814496
-0.4334771648580276
0.33845063504353523
-0.31304606078909436
0.9633142086852124
-0.1180195835112313
-0.9870091560007391
-0.7511632543337826
-0.45347186656010924
0.40504420308882394
1.043445251225607
-0.9338798969880994
-1.1471793067199672
1.3871845009549226
-0.19211947874223706
0.8887621216291242
1.6291342934411166
1.0232600378213719
-1.309264492749061
-0.6842314377212949
0.8786745390213078
0.7565186583771496
0.866759149322903
-0.3035891481229779
0.8885826571513842
-0.050064983976589233
-0.3558656818736067
-0.09842203488889376
-0.3127533964188745
0.5097467028194274
0.3417448390783683
0.7973287970587448
0.22281329130308836
1.3319974194284685
0.5727719372506506
0.12882018705601864
1.9954591296069288
-0.04412298128656432
1.0499892034843994
0.23305595494691284
0.21567972152880896
-0.2742919246206212
-0.5658391746309677
-0.7899175843441416
0.03412734198988571
-0.7662807691196837
1.4229311931204742
-0.08100452697379262
0.8704568092978269
-0.3950210805526692
-0.1178787652115082
0.848731467856885
0.17233403913685488
0.7002299311276831
-0.7450325297297696
1.1750028931549534
0.03932956322322337
0.37860902912631433
0.6018850192847044
0.10646637031310072
0.24140521811318477
-1.005764110718347
0.45821849001878867
0.29892083391230617
0.5745557421503039
0.6387867275974858
0.5521621801195854
4.947891974151145E-4
-0.9181885451844144
0.23788379585988678
1.1471249045793752
1.0248065147253382
-0.5883101039071784
-1.0331766074594562
0.041854451612361336
0.6703171823603521
0.7037447187675023
0.11530516577472447
0.2306028302297481
0.1881673960327523
0.2229399854706044
1.3556293118638274
0.5891035338977273
0.8468464451893563
0.20220206873229493
-0.6198214889091973
1.3283328195521746
-0.17437365965087215
0.8063503996852894
1.556906213096176
-0.1575349429963751
0.0646992147423368
0.6221320174806431
-0.4310038346186732
-0.17090704634712411
0.38307497197786305
-0.058922690219625616
1.11461909713148
-0.19802068595170055
-0.2181733814807857
0.505454528386771
0.05579925450631881
-0.6727800364642953
0.23987669530090316
1.2513443880149808
0.3526980867764169
0.322967252147344
1.5034580153252415
0.3411993696756078
-0.07115903398869962
1.2072147219292277
0.22612676500829634
-1.041491031394255
0.0025415814618128946
0.68534110741224
1.078555729924
0.86121061795069
1.614052568910844
-0.28179681471183876
1.1492344782988073
-0.41615625252993804
-1.3605566583065793
1.3428588879280645
-0.10874463690218415
-0.1361257529708479
-0.4194039888388287
1.247073883452636
1.0154545837357376
0.2739314888442573
1.8569246741167325
0.2321326986876542
-0.45116299623111145
-0.33106700561682134
0.3174590263420749
0.563150491496301
0.15453393550966332
-0.21635930334048897
-0.20773824905595603
0.25874511967152064
0.055234464129695335
-1.3428166318904928
0.8583195048838115
0.6174891064775034
-0.1590886038653342
0.8005697957751455
0.19055575190844998
0.9499847606737041
0.15416245902454226
-0.2909775583599431
-0.1966601879633508
0.406029174182739
-0.6809791588231977
0.10366976861772496
0.534228587337096
0.26651344547804795
0.42194501050207417
0.16341540423527726
0.6834678404132173
0.49343648744333446
-0.08179389397373968
1.394324732329221
-1.1940934741267581
0.28862025745762304
0.4013848652650565
1.2826542935213594
-0.8692618928980843
0.5973066088429599
-0.06706728088068845
-0.25361537421236185
-1.3360592829175248
-0.2916783015041851
-0.0802844802620306
-0.01033626546853704
-0.16174148898404772
0.9246365842499411
2.274577094114606
-0.3197531731914136
0.07606690264001509
0.17167099344085057
1.018785025942669
-0.507816745254303
-0.13242508364855898
1.396060357977356
0.5173905190000884
-0.29490727589243737
1.7070000321388317
0.7909567452003667
-0.6388885034405373
0.16605141233614507
0.905327042802088
-1.6449912674477492
1.6065578019421534
0.543642089516314
-0.030817833792252877
-0.6793765416640299
-0.08466075048785812
0.171993427421723
-0.44456180369696474
-0.49383991264407695
0.9872245829720059
-0.31055777134386986
-0.15575150575550295
0.5246505362296449
0.5498548285815061
-0.893081602381652
2.0190327204440903
1.2392211313725743
0.15409615506800894
-0.8857104054494243
1.8422812608389088
0.6499405614455501
0.728037062140441
2.6717356371633985
0.1874386817036055
1.2262838197847281
-0.5359493786300327
1.4909886070773881
0.1807498165329462
-0.6333380543401218
-1.7281576799314984
0.5003247085472833
0.43104699807787555
1.147194147035654
1.1845934548705608
0.5883980145645002
-0.8058837693216905
-0.6871227637346841
0.7391668136486949
0.32081479758752196
0.5989048874703463
2.1555885726127966
0.07934860399004727
0.7976093934533154
0.07886511156676856
0.6260505176301837
-1.4811773855226462
-0.7296527339043767
1.0848925113556935
1.1209458671030987
0.20204323139022096
0.31998777446844817
-0.24309900227217798
-0.05774772531508507
-0.6053933149219789
2.0559725849176016
-1.5857495890566744
-0.43958101200007704
0.08882121710719801
0.6550712246469061
-0.2655942615183252
0.7413370609796204
0.16921837928860461
0.6359155359225266
-0.43904530751166665
1.1171153657463497
0.6825429685846878
0.3818825446897799
1.1428566936517273
0.45080454916142176
-0.2345294525252118
-0.6732415801339021
0.04518363237998153
0.6558799459662772
0.8932659566231328
-0.2795269172018544
1.0300482567461964
0.5770608908678352
1.5168000010535798
0.7516139642768227
0.4024592795304756
0.3273132932396911
0.3549872085177818
-0.6006619481811488
0.13448503996630654
0.1625662910607703
0.952214028803252
0.48893270180812876
-1.450819695351588
0.10795499257878739
0.7880308403815204
0.45182998224994025
-0.042919822284771474
0.0418397483546991
-0.12962215518585296
0.25836371087426513
-0.2255556640775782
0.4460575476450897
-0.18457837512767872
0.09021737067954302
1.1050477127353213
1.2108763109469158
0.041905494515239325
0.44312365719303637
0.899892942790222
-0.2754333178071784
0.35589299662550883
1.5990992120049041
1.7282682923492234
-0.4673580935849915
0.8434049944076821
-1.266741446552373
0.8259546924036213
0.7320044480599275
-0.531673224327996
0.18936355558584583
-0.5044466788090168
-1.3115153421725678
-0.5079628209989103
0.19688077514065405
0.8595932427501876
0.4955011229359551
-1.033282277752759
-0.8273142390776359
-0.7036182178022928
-1.2748999992627241
-1.134090704401714
-0.07764449876412285
0.5003311642565026
-0.04912295048392148
0.41792053093094406
-1.3590328069748447
-0.8728759059486737
0.3085907268184577
-0.8520876413237739
0.4329972733335713
1.017255863402497
-0.6641311501809118
0.8699759037100905
1.133970191304461
0.5113620533824669
1.1023633111738818
1.0192327984143599
1.5309312278678542
-1.2221671167089625
0.020409113403889095
1.1092684679913105
0.4723555649395133
0.8327765731725738
-0.07780603060392444
-0.3533518293576294
0.09766703989387553
0.025799559533670302
0.16458060530175028
0.6140663517367022
1.0360214964209227
-0.20468353453657212
0.8203538348970688
-0.49579438644654694
0.4275521491630652
-0.07459292923233588
1.965083773984975
0.2103963289127719
0.8960315116506212
2.6723688485459185
-0.06803102753566104
0.4794853869293526
0.3796377611294674
-0.628968827831808
-0.014243315027128424
0.7216247704603256
1.074649834961568
1.4842138759883365
0.2081950771625919
0.8679231560259497
0.8663100408842177
-0.10473757978781074
-0.024364318270678934
0.21937765787744548
1.0495420455041262
0.1914204494980355
1.3490432477649075
-0.16404582293326664
-0.29716528027213124
0.8395477304941401
1.0677572393300823
0.26432685804342143
0.22824230677958562
0.46165245258389176
0.14549906386999495
1.46331683290336
0.35873424965529405
0.9235629738490613
-0.18936471016875833
0.39104678342043525
0.9254085603667717
0.6719486455458212
0.4125600884167425
1.7696892481754385
-0.31364891580915155
-0.2931966829256041
-0.9678139908134198
0.782193820913589
0.04427855282943548
-0.6767625520829285
0.12556318067526473
0.08429121794252652
0.3204471152266262
1.166949411566404
0.2493427360685784
0.383284809422656
2.400982393336575
0.4389334425339338
0.7609687716858131
0.8417345558145427
0.8339919119426442
-0.7239716668857684
1.124222083831008
1.0194750200941753
0.5014201980465585
0.6217244251983608
0.43504504377984526
0.9033180960685846
1.0128657363973976
0.9644626939955661
1.1336832383475157
-0.5255279926396634
-0.5757190257598167
0.4357210867118273
-0.7918235090560195
1.4005257508890068
-0.2110642933632798
1.9702258792576104
1.0001291957820537
1.033028344926243
0.5374504612289959
-1.4695179957877242
0.9789747389304135
0.40874703919389077
0.3317270094669127
1.4349591205914334
0.825913265036203
-0.31858398679768246
-0.05431813270721689
-0.30498818290422586
-0.2790784114926299
-0.5832552310409336
1.6776954229189114
1.2676704591832664
0.9283810919609745
0.5419352902865983
-0.5810434191763364
-0.07298957254542142
0.8302799433804111
1.8736426589694855
0.062264997754231104
0.519774965250687
-1.08359435405919
-0.15517171343336994
1.0184030087671039
-1.2231306670636644
-0.10941205874986898
0.919520869843454
-0.1684268380380895
1.4813589947081534
1.5513585670703764
-1.1960885703181838
0.08382522597741322
0.876711906234807
0.5415282947874356
1.8459768361925113
1.3041433406937122
-0.5519612623002824
-0.48676434107095495
0.40093552300094665
0.725254794952272
-0.6219909570525042
0.22880644090126823
2.09367081338141
0.43927805506251083
0.5733609371645199
-0.5406032364677219
0.1488606965892464
0.2573589316328899
0.5531511098035413
-0.6811718064410823
-0.5423718722938607
-0.6019655019652509
-0.7276250020961785
1.2791549059879923
-0.19980732796707273
0.4321622905321579
1.155727359224956
0.9123439376263925
0.5653180843656299
0.4693884919587189
-0.2540516930040857
1.051356857984722
1.0109959827198853
0.5314755779672176
1.4441875161084947
-0.8438691561897859
1.029575649004206
0.47091481477251695
-0.2634822859004376
1.4321822605924046
1.0957632904268984
-0.15059358640388745
0.2938072708238382
-0.547556161574167
1.391947082965822
0.944748311595367
0.7525228862411404
-0.43091000199444285
1.1804421990555953
-0.7729459340338963
1.2050450041291894
0.5226238115620446
0.5798085204679374
0.7966149020046049
1.0365194855530397
0.6344860439167812
-0.7266584864687321
1.269338748174357
1.5715971715676187
1.2049567293920576
0.25296931557822644
0.5967013356611031
16
1.1349482016321626
0.1254100411748781
-0.13238603890796363
-0.014268094898650021
0.9157154017561417
0.24762300520437205
0.9025008363879987
-0.05480201454572951
-1.2485022724470891
-0.5135550365598828
0.4403058626352916
-0.9062333617139895
-1.2723678243418632
2.0256402634001134
0.9396087364198988
1.1265287570359623
-0.28767306858697494
1.216109319557656
0.6556281521394064
0.9897258517410291
-1.6924672374374539
0.4482275616583016
1.0416892587273738
0.17873071262188547
0.7857729032101362
-0.36987391729530306
-0.378767262430152
0.7777929150892635
0.33377352160095247
0.915009455682727
-1.3019039988065702
1.1144617488506723
0.6829796028211483
0.5203992333165568
-0.31963383153379166
-0.291204230892389
0.7957199569146073
-0.258864228990668
-0.057333749430665375
1.653969438319929
-1.2265062494589787
0.3927981077577445
0.3801475340400129
2.0009900850774787
-0.10566325276354338
1.0078334689911013
0.48836039840253215
-0.7166006302114084
-0.25182104046416426
0.8365751932556696
0.8869922950196485
1.4732537882880246
0.8952894386059218
2.2936874541305867
-0.028844354301494665
-0.6267266689875348
-0.3278853738669937
0.43870346699211804
0.7171991156598486
1.6144594578900233
-0.6199180133950226
-0.7380654957632699
0.5976062139868211
-0.709511760016747
-0.43907248125790915
-0.6712208808985993
0.6733298558876202
-0.34920523392538266
1.193697224886623
-0.05710827668955834
-0.09916826422105252
0.06134756747813555
-0.1755662122981182
0.028687980350167123
1.2391139543446772
0.9828936369501922
0.7966371083943139
-1.0603608209704438
1.1421385022578467
0.15650165236491403
0.32241543915514903
1.1610711808185636
0.5760609149446089
-0.07938875906471374
-0.19944962909846523
-0.45109285511658265
0.6648450268601298
-0.9627767386639179
0.8956389822007402
1.1603529282826364
0.7833807214216953
-0.16271782363872084
1.0130442310660266
0.9579198001712507
-1.4870674229440948
-0.4946829691898671
0.881870272690861
0.2521445148808717
0.7592670568532427
0.7279482664259704
1.4943128995459962
0.8603179425470043
-0.3030142921687079
1.2532928280148983
0.5211661388483408
1.649089668132853
0.9242261627990701
-0.6510462150194137
0.08144441377148083
-0.3549198734505221
1.6350916671420221
0.5501172743369929
-0.39941858223896426
0.6637794165165598
1.323253519475409
0.2414969495282271
-0.5938934330969183
0.3256679477794683
-0.049995860133266234
0.5435310381857691
-0.597607877753344
1.7024298381984124
-1.2125159202266698
1.3016466476848902
0.3723903170787209
1.4929222830971054
-1.3786210768325762
1.4341800489869447
0.4633840779499179
1.490937364483009
-0.2853374125217811
0.897192634781691
0.5575756307982767
0.12711251845636323
1.0083171402410003
0.31130094692468885
-0.6911153447427822
-0.31959105635852797
-0.5282756578577837
-0.006059649588928892
1.0080141964952039
0.0027594016938551624
-0.024251700313124527
0.14338954253165645
0.2289707266515622
0.8868842112373547
0.12230524773926707
-0.16790054860134032
0.2536664709881027
1.03734692444892
0.3169909203931026
0.08239137100093662
0.7368811640730648
1.4326832258483002
-0.3847134457004584
-0.4872573852024965
0.8051749482682917
0.6827268595352635
0.3637013256397148
0.3663617470054557
0.21373955858006505
0.34086970741447264
-0.7982598328734637
-0.3410717588059107
0.8919691982600032
0.9834244068873876
0.010225951645197379
0.99220471366773
-0.5157542723098971
0.05092135618580702
1.1314398602578264
0.45415665300481867
0.20552383307386737
1.137964507265772
-0.7236424009120574
0.19542165147101678
1.9059801277352395
0.5923738198435327
1.5105282683816947
-0.05220051531830294
0.9337726167956407
0.2638237070416034
2.191567895394249
0.11853879380299658
-0.3528546785949046
-0.38362692149898686
1.2553879017879637
0.1520096459810073
1.5538013352687237
0.7276788518109026
0.11987452701519968
-0.3877337590919334
1.2764592144973164
0.3228554570189113
0.057376783191430386
-0.20193526713479004
0.8565849029004209
0.130865535708865
0.43890277454024706
1.4172465755277008
1.869630044431096
0.3812947265017505
0.9252340151436622
-0.4150260964813171
0.7628083917164896
1.1295980426058552
-0.7706991152770648
1.114301614595951
-0.512121371826083
-0.918046323540434
0.9954017449606214
1.202679294638758
0.8294170159679539
1.558496614264649
0.727660404812546
0.17794203810355835
1.6137744407484493
-0.5156038455551851
0.5458051493845033
-0.9071553437108866
0.6359982906465992
-0.1799953564716592
0.8598457226024138
0.723841310077409
0.21003128894898818
-1.3985021788436889
0.108784806177352
0.8414521257558522
0.5362332405968486
0.17034076969810386
0.9168808521667005
0.25748409392259897
-0.6058318985800257
0.5608775648055623
1.2775931268266831
-0.30949564711035304
1.3270142988466753
0.6401273958774447
1.207791381176186
-0.5085814093249937
-0.4257623447968451
0.9831101953179059
0.3775624457271942
0.6848433320475754
1.349012911909699
1.286706501408132
0.644321050162525
-0.9784229868637071
-0.37704112831182895
0.6224129298681952
-0.6734474141256546
-0.052399848280009
0.08526276941228257
1.9082311087193713
0.4912081045380562
0.3283946456250116
-0.19836390148669056
0.11785629569524311
1.0029835524262638
0.42341292695479615
0.05623670199332145
-0.5919577975464894
0.6212013226204843
-0.9692344002423278
0.7858749183857008
-0.21086534595195053
0.5295503237718365
1.9293885265539878
0.47250059345288065
0.47599424128576995
-0.943585482308664
-0.5196803012531844
0.6322237746010111
0.2933430576181862
-0.09655927277887648
1.4610951198802429
-0.2500772450815605
0.6469101158753016
1.788340636358511
0.5564605256008521
-0.4981004525391197
0.4915844666253223
1.0064694375620264
0.4868318997621041
0.8718105155022274
0.9550554269077406
-0.16533717731082706
-0.06159455449078402
0.9297634355417208
1.3145301163723284
-0.03001891878664171
0.3734591424215621
1.2645302328816599
1.3315411797698475
0.46859475269033823
-0.7080395617405834
0.23915999936010693
-0.021136870902545228
-0.48268097293484996
0.5568569698438
0.08461573996331258
1.1675990683819526
0.6397958547437496
0.9531818269276295
0.20774881329525785
1.7295276350122162
-0.9243987756585794
0.7169977951689466
0.47609817938497484
1.2570727537496604
-0.329986399203634
-0.5215030798448781
0.8408254145657228
0.7695455976235173
-0.3351626502191438
0.1013688609574823
-0.26585369178465
1.130532512992
-0.33175964831190496
1.0833293439515834
1.7557330943826799
0.09981931694062099
0.3099728725512121
0.7493938306191008
1.8431731956680606
1.2923683796639307
0.7093424696766307
1.075869820282381
0.41750963782165595
-0.41646636950292604
1.0841395221422754
0.9968813876933877
2.657112470823452
0.6849640641735233
-0.7205327002052028
-0.23228692070849344
6
-1.5862316423343195
1.8626694461762174
2.0140683085735476
-1.5803970125137328
1.011097692777571
0.48698308388728867
0.8323292054261351
-0.2236838791178545
0.41986005604361887
1.9332186894765557
-0.5011226471177022
0.5526435049345173
1.6571954157434357
1.1793858448772216
0.6498620094026099
1.013982368139399
-0.8853609937796987
0.09303541663037412
2.1226740923545133
0.19161342566302036
1.694210406298854
-0.10047548274251188
1.076797642179737
1.0798185743303528
1.2418339917400618
2.147399525998117
0.8283755295633699
0.1760318472471682
0.8178223981382131
0.9196168388138146
1.199884774708172
0.682068102832083
-0.17069860812297807
0.5490825632948418
1.384591160285158
1.423947511711459
0.9437206830473995
-0.08527391108429636
0.10253293803496534
0.5242205363946839
0.6998702746370663
0.6706826723161381
-0.3353908637895528
0.2894855988300526
1.1858400818247936
0.9232418806350222
0.8879020422817827
0.605832195229629
1.2071687223197272
0.9480197214828358
1.7340751955061788
1.6547714076605873
-0.13023677372181602
0.6590437225232287
-0.8358814012413236
1.0013172190398962
0.722011211982765
1.8666033748769146
1.0761899635400582
0.634805147703588
0.7346701891496557
0.8642239017605933
0.3212265796116894
1.0301149499033944
1.0099157904776201
0.6794232366548816
1.857083315391743
-0.07085535586273958
0.13486899713410108
-0.07625336773296078
1.921237318498785
1.5977433862263757
1.5918284389722277
0.9491623766354531
0.300069168832031
1.0923396819228395
0.30888623219325556
1.498862723909609
-0.541518052827688
0.14398258973500888
-0.0751832277782139
1.7795931340062756
0.6842631804781318
0.3764455847718503
0.3989116207887935
0.20295616178610254
1.1025982272640413
1.9310862544428284
-0.513423794336403
1.5360856928436097
0.9996439146544307
0.5859740429325327
0.14944362244672393
-0.0993205577665078
0.8399588703861309
0.5718121324772151
-0.12010823480434765
0.34044354886090245
0.31961401772281006
0.64126458925503
0.07075779642616806
1.2283911287576932
1
-8.69046129948989
-11.13838844411771
-10.277341819374284
-9.856231533028854
-11.142322140989874
-9.443356089813298
0.72567500438246
