80
3
17
3.138423284360087
-1.2179892795229605
-1.3694427797219308
-0.24534523458283825
0.8875218183949811
0.49757838978971
1.0992748995468802
-0.6567304296121321
-1.770657243573966
-1.5705487463441845
1.3159090169330843
2.8774946229023928
-1.2072138890710455
-0.17213486030658445
0.976086110780304
-1.012892060637631
1.3713354217700426
0.48973506534342215
0.3725757215161738
-0.9357403816587324
-0.10974694125533496
0.541783243835786
0.26860317612457585
-1.4449685573822164
-1.6024627568874903
0.6178176721722991
2.651157614592901
0.4222749950357354
0.16581135328258362
-0.17540746022669085
-0.7427295817520502
3.185336796979885
-0.2849804723007008
0.5568711697638182
0.21034879523778932
0.8869390376030654
0.1787465781206336
1.4839353247884444
-0.41888605451267874
0.2802397195541284
-0.0572966088576101
-0.796774854435331
0.44336255199179664
0.25764522030599646
-1.0436461185680512
-0.23631819212402302
0.6283098472782689
-0.06406372502977078
1.8849998296449322
0.9823154342029318
1.4103195176198122
2.486656150763172
-0.16622002791463744
0.009373309530011198
0.191082720202208
1.1859218432623762
-1.558586008679999
-0.2971923167703742
0.7207217209924696
1.315756867475239
-1.229538425676554
-0.769047211637478
-0.3051435412203962
0.5933926482965654
-0.7826220017398772
1.29301241105839
0.9197513912213678
-0.018916690943546872
1.510066425248591
0.8462986080914243
1.6615281063502059
0.2008438695427536
-0.23512326380013565
1.019773993809741
0.9953117529671502
-1.8640807037805565
1.0365465759400634
0.3709629970246164
1.3530150354024248
-2.8230514547365426
-1.1259038662763408
1.38171242365935
1.2288596499680589
-2.094070358041678
-0.8751491278545592
0.019929919067225327
1.4527163779367107
0.8676366020690591
1.2588090927268867
-1.8990957786749103
0.5706521104338017
0.1614289426857913
-1.4317669630786474
-1.6874027534754625
1.5356766088755407
1.302879413071749
1.4218273304162286
0.03675092499166603
-1.2834638039063833
0.42339279253821605
-1.2152907320356152
-0.42921204349956693
0.9479955017912667
-0.869506525349203
0.1968775716086374
0.4036074518442586
-1.2337625806978292
1.8430057742245136
-1.5951765542288157
-1.0203144827559172
-2.7474795627483157
-0.29699961858100055
-0.43982974981835693
-0.03643691663695153
0.3389820411296052
-0.04007392545951544
-0.853574814563248
0.2681076124018169
-0.91196225903588
0.37764831095962825
2.94136469150606
0.4546433477206322
1.3046347073077613
1.1917330507965986
0.25927131923882196
1.8506747617016035
2.7417434965649172
-0.2584488072967342
0.31911890890709466
1.7294960036410316
-1.7273164132163707
-0.03659364698468019
0.7540684929683737
0.7247046984164534
0.8006961135964971
-0.735720949636172
3.1706354526965663
0.4629946231837371
0.6520308196919458
0.7980225853677477
0.7843503508209493
-0.814996045020034
2.512451450681987
2.6080420900029853
1.4445474384028776
1.1547346379460053
-0.9966355578420887
-0.350844851859392
0.13008048068193226
1.9116175877261885
0.5584885515572274
0.930800630166092
0.18046987107551976
0.17482794103388938
1.2615337579948975
-0.07930301751184826
1.3499483994542494
0.4296246367497729
1.6026069134536534
0.02326839872936305
-1.141504462814676
1.5401421404486744
0.7735067221193288
1.0573284808362227
0.019976574802916595
1.2259079265790196
-0.14382943198440779
2.528810005526627
0.01848324686331817
1.521106162620408
0.06729466735476693
-1.7171366708384193
1.6939429721142114
0.08332994245682773
0.6449188826119051
-0.6075087623962832
0.342190564858641
-1.6800771574771145
-0.14845506077680465
0.3840115321969622
0.26249928885500223
-0.1854135286343184
0.45798041565783504
0.7307078238953273
-0.6936752187960769
-0.48421902399429817
-2.2368103871828526
0.8084121782137441
-0.35218924965002824
0.16653286910905737
0.39991658836036986
0.4851326414821522
0.9706890861248381
0.4959960623978072
-0.02304696593265887
1.4714519350840152
1.2073063192157159
-0.27689252627772326
-0.9576299431473521
-1.5527407127598774
1.7966787265496449
-0.841827318555273
0.37222630714173677
-0.8959459497849189
-0.30181313564620055
-0.24947722160021452
0.7567660634759433
0.1406876452133318
0.7686363232832221
-0.24119721257916218
-2.4271551661968136
-0.07621886653471543
0.26105167795545675
-1.1834393795310505
-0.466870452878727
-0.002994358112675155
0.778183227864022
-0.8124076778260638
1.1862690479175657
2.5286265738557803
-0.6011682973945487
0.1581184209234675
-1.0001403975356522
0.8304728536052329
0.5345184173999002
0.17769050898427946
-0.51979667087024
1.17744410422387
-0.22379557830888125
-2.2403673232129475
0.5150264868628339
-0.6304472830762401
0.7945444106697211
0.6939215675590774
1.2984952612000198
2.4512413690101393
0.03215602393370831
0.5615296255764259
-1.2749471411364461
-1.137491248302533
1.4679227742596765
-1.3594936684102545
-0.923709779016022
-0.9491975923587616
1.887278619105341
-0.3316848864862565
0.9656693900512426
0.012788635447957289
-0.6196614106041317
-1.1600058791282324
-0.10434103783772025
0.9448325520514782
0.29264603730750466
-0.9046905412320716
-0.7531573509258203
-1.2251326830588278
1.1919809604783407
1.7990947638715036
-0.11671604324695715
-0.12221627395921575
-0.6613735399197997
1.6212653840699272
0.612170758420837
1.7915095837591402
0.4933178956189813
2.2322331440281475
-0.8338516502103605
-0.2771607590412247
-2.7846599297662267
2.1467220142964374
-0.08307980426143419
-1.366906342756953
-0.6661540949542711
0.4748636219566292
-0.7354251772848631
-0.4813251706403584
-1.347041506140322
-0.888698526535547
0.43882066048442947
-0.9484366456415662
-0.3229017765353579
1.4880434282353985
-0.07538240623091069
1.1741398155127714
-0.9249212284957001
1.7895776955016411
0.7738328878640288
1.3965744043348713
0.3633572031196165
0.165635522585158
0.803669589899732
0.6419180320995793
-1.4885260860616412
-0.05957212920099753
1.7567516773224068
0.7636692211304495
0.1759749382735837
0.6432514663936562
-0.02982556931593736
0.16667032437681534
-0.1562537873385817
1.8754985864252403
-2.183887190455228
-0.1802331242548357
-0.08747125992209062
0.10922906258754884
1.5768085415304973
-0.7693272454732055
0.4753062995145663
0.8140485174672588
0.26916830451095164
0.3643837149467504
0.5075064118773986
2.0919271485779443
1.6923027801137291
-0.0341864282728101
-0.1895965123930649
-0.31514192120783135
1.9848477594223024
-0.11762289366720907
1.5889743943030825
2.2765329459194996
-0.3756266203844979
-1.2826363556864182
-0.48112737817606244
1.761079739066367
-0.654853063690869
-0.8415916582545053
0.9313813368975272
-3.1848355355370757
-0.7984338899004713
2.9727536170973146
1.0878674614554764
-1.5438751842520715
-0.5375454694600635
0.6511230259964399
0.46247389198568684
-1.6142102154302023
1.0639628453622292
1.6965732608839577
-1.578930996327205
1.4049961237394224
0.20036209682341735
-1.2177132126639725
-1.2788346664087011
-0.37911517015766893
2.4643124354930928
-1.1327658981214392
-1.42653719991678
2.256712769905074
-2.1601017354589334
1.1267216520353334
-2.271491399462941
-1.0265649584212928
1.6374306801898033
0.3952256912579092
1.0913236543859584
1.7789017362825914
-1.6900202365733255
0.08521476881687512
-0.8079959296248862
0.022795304610850227
-1.5095607709084469
0.06854958928297664
-1.3934633692121798
-0.5900777832879944
0.626423891237674
1.214412777778189
2.6872466132340613
-0.28089140210160485
-0.9361195993093713
0.02074677618260702
0.03021886963150071
-0.5336037255632329
1.0525763028763162
-0.36474850414294724
0.29745317091048096
0.6773407068354415
0.9777348675134637
-0.3045063691682467
1.1063626138247198
-0.5789480658131787
0.5935177485196409
0.03461483902223833
0.5319877786863672
-1.8733523021966945
2.1006186317617193
-0.13402122578097442
0.9964458459476184
0.5355237524622727
-0.011087592613837235
0.3708954377136378
-1.6488364622495602
1.922081475992032
-0.2880904720054673
1.2318780449405276
0.5234778869058105
2.367877650866953
2.2698020670088446
-0.039113574638916536
-0.36183016037043947
-0.6253191917443114
1.3123546144966869
-0.8425849451677266
0.22872792268070982
1.8334102301614112
1.8520580035526981
-0.5514950705382385
0.55547492895641
-1.6555771850171257
-0.3683550304691465
-0.3767914779601109
0.7374113727984912
-0.24015529196015198
-1.6206215930923822
0.8273884820191255
-0.551709828126517
-0.4301329810402806
1.6503635096171168
-0.6884185485280603
-3.510102779457689
-0.317160828117111
0.05523314686399629
-0.3770511807882917
1.6043573130495745
0.9434287564660323
1.9134362413432604
-0.16414869175381525
-1.0839134701778852
0.21792990303587476
-0.11431666551748554
2.295549598948905
-0.7003451127706648
-0.9015053185736469
-0.51874555540332
-0.5687842191166848
0.9942793379761788
0.9279607364249475
-1.0137017740116574
0.012524007115549171
0.022810687284975956
1.0608141905132458
3.00006843849428
0.34326398574662176
-2.5903963049615792
-0.9691936082340508
0.6071494254374205
-0.895711711360412
2.247715353615475
-0.5117335950973433
-1.3535716857120224
0.31865782301869483
0.5463905414608444
2.3248227119321943
1.2887309329417174
1.6143401432606808
-1.109115416891735
-0.5045927374637725
-2.193914887194235
0.7937205261692252
-0.019319072269004478
2.298426173506984
-0.10684409966561831
1.3742442023302872
0.3903280333447518
-0.4708551964848002
0.4636428867448063
0.5463929331318859
-0.8973944561581914
0.3502661385596844
0.2492338792389326
2.2461633907528418
0.9833497758932848
2.0524479859352356
0.9084191766575226
-0.7009523770391487
-1.4311712401117709
0.3343032354454078
0.7578070424568044
-0.5222572513184206
1.7469059847216164
0.111155721752907
2.574101963868896
-1.3231744845092748
-0.10009457678659853
0.09005281042093306
2.1799437346830657
-0.453737944261964
-0.3776205395399144
-1.7449389948408094
1.080532776371273
0.5754940354217567
0.3812183963422251
-0.9463001621866729
1.146460492266102
-0.33831361254903164
-1.2727370633735846
0.5361524472549862
1.3867242390224614
-1.1194513588208113
0.21106029808985988
1.2733330304898924
0.6978883413032991
-0.803564706871055
-1.2177481607165555
1.0187112348884115
0.5373167652770781
-0.9797364513869515
-0.2576922784490394
1.3415420492388215
-2.976676422445236
1.0842411424849736
0.46329780024634243
-0.4858185679755503
-0.9943141608255889
1.4130669102397957
-0.16015274477419977
-1.1366254171258812
0.006597209009547328
0.7805494078386417
-0.22341274096918187
-1.2668350914844464
0.6735365218639997
-0.8765265805884492
-0.14611223193795742
-0.59953366281917
0.6550641918177296
-0.5183950909785345
-0.2086256009340022
-1.1490421772539838
0.6973634093141392
0.7803734366475994
0.1905430189078922
0.8444459516347347
1.1949307431129164
1.7744975074440912
-0.35135760380075504
2.328035465910555
1.5714591344006705
0.5721218127304022
-2.0736477076712583
-0.8616229107238703
-0.9012459904191644
-0.14928786547635914
2.0005117783102966
0.2687244092858509
0.835402649082212
1.2526134721109692
0.6789106885848364
0.8814719045716194
1.0848845093115447
-1.9845337281065893
-0.7889059576763068
-1.668749148591548
-1.761266026220862
1.253129316809057
2.2221764761870393
1.9341510657437535
-0.2901232639736984
-1.8024048013524692
0.4971830780586266
0.7345278829447307
-0.21999524607159543
1.644055714273269
0.665433078686449
1.1629915952456147
1.8458973767243443
-0.5006249943003578
0.36917718758028756
-1.9787875412053135
-0.8263645127044057
1.1707863462087258
1.3856084788435716
0.012650969838868984
0.04418473135182299
3.531775889702154
0.41823858912279144
1.1797132488296649
1.266880815571195
0.2272774049536883
-0.9684304747071059
-0.873988389954482
-0.39959471231557736
-0.8618466096490214
-1.158345924833554
-0.11555349415546184
2.511555674707037
-1.1195779038999527
-1.8449243412194312
1.0338999599837415
-2.2907985503078376
1.2630571597118538
0.15948910996201746
0.5206029931351414
0.59257927482002
-0.6065887944742464
0.06509046667646674
0.806038067479877
-1.2389189184616416
0.7247208473531053
0.9182191645131828
-0.06115843822038617
2.9988754481712965
0.7891650481092144
1.8888431556816117
0.48427614653634715
0.559182493560825
2.837425035267933
1.210140664948912
0.41506035262482033
-0.889243896868942
1.0623323156090392
0.19052305031815842
-0.8790367389160889
1.076322906896816
1.5682756980394794
-1.009461959986981
2.1030397157554837
1.2654271915042192
-0.971184232898024
-0.009395280773258713
-0.6333789130022739
0.05192214175451265
-1.5020415061633283
-0.25991257288074104
1.3728454036848883
1.414968259848798
1.0025498961231565
-0.0779096005045252
0.10948423843213986
-0.63138424458993
1.3902311846714537
-0.5058553654769826
1.7453651020263619
1.3019523361672525
1.4290388029302938
2.876636417542109
-1.4808990756766143
-0.8616918546336774
-0.6008371138820892
0.28222339320476436
-0.13808914788384855
-0.5023736859915885
-0.12434096118301727
-1.7620212862821438
-1.214186414016212
1.716507202447775
0.14729615992333728
0.629323979602455
-0.598835293537686
-1.237172239877499
-1.1734660588863075
-1.2265693623237741
-0.8807514181236605
-0.002713566620829236
0.7778474408361962
-1.81201511361943
-0.969827585366892
-0.7271127599659891
0.5074260224886908
-1.18830584909268
2.5727334671723296
-0.18589610924018402
-1.6500998387823838
1.9682380012660605
-0.9160936333432876
-0.3639889087929582
-1.8998108305867096
0.10477292727855801
0.6445710387945925
-1.3710408010591746
0.6391933664872105
-0.703401622037547
-0.17443386953271423
-1.4591125758219219
2.5943449572121136
0.568427911490698
-0.16435760064447708
1.162114542556779
2.1803710779153582
-1.3282047115288795
1.3919566628647613
-0.15543431074576258
-0.18593091760658892
0.3762940846891483
0.2958720668705817
0.714087626391986
-0.6394947183243047
-1.357828545611162
0.42156008215473617
-0.7424023604008942
0.8674066594706882
-0.3577983055511394
2.384759500638011
-0.5129721926182745
0.0100274092083108
1.383883345768069
-0.297568022786797
-0.13617792729447883
-0.33643775662545133
-1.3741978214424637
-0.37245964227041645
-1.2216957486492712
1.6136346386671208
-0.5862123812104765
1.2740842398155183
0.5584516855951119
3.5666557951695665
1.080255469856351
0.5347005013634014
-0.31125006730562904
-1.2621409888953192
-0.7430727682850705
0.5742501258438574
-0.41514517040779303
0.41877502989316473
-0.7743551827357803
-1.7014730927535378
0.4054362840290872
-0.43232708501680983
0.04904938594528064
-0.16708688872937397
2.999723597507767
-0.00945408791817065
1.052755717423534
-0.4897445535953641
0.685085428475656
-1.5235748403675518
-1.0019405552399476
-1.2543354790104384
-1.59817727441773
1.246058382166883
-1.8117399687824358
0.8137089453680071
0.09233499836335718
-0.8988409105375018
-0.4616510577595307
-0.17854038033526234
-1.288371603817802
-1.7680834794952265
-1.0015608284099264
0.35457279340927333
1.5900235670584604
-1.6333849657561852
-1.128038234429687
1.4014481538236048
1.6901978121975234
0.9361227916720228
-1.6315559198711538
-0.9084728417769486
-0.7765309088125463
0.6450205779356876
-0.33405207394745534
1.1588201148834
1.2155545982948623
0.10159530745084384
0.21029131074809032
0.3114903553692161
-0.8920245319602861
3.3366820036413998
1.3323023322064458
-1.1526396097821794
-0.8029622894408982
-1.3558201259126186
-1.2619254784774625
-0.6260291656674701
0.2763625921916335
0.29158103341972685
0.548633383131326
1.5659494025987826
-1.5974478223263884
-0.34777795360126257
-0.15309108929941345
1.3922840531216538
1.3850437144708476
-0.5640733421172638
2.3302723523346573
-0.08083283066257876
1.0964559104561826
1.4738007454065531
-1.8859984505599956
-0.31919167415538907
-0.47070130009472677
0.8566214786489336
-1.130640358370416
0.11263958186646103
1.2145457019855936
1.0294715155669771
0.5938163363344058
-0.9954316703712236
0.1918535799899161
0.43678876268852596
1.3323911844803966
-1.6045108693011463
0.1553565973983535
1.3155629179738833
0.3821117847534701
0.5493074144710044
1.1553199512871961
-1.1096478851186027
0.7410521179634258
1.091915485632606
0.2391745389267406
-0.32074878556635034
1.5732601120890326
-2.0455666398056143
0.6202137307372367
-0.7010051222875496
0.06027654676719438
-0.9021442084658792
1.668528210893323
0.563133938007824
-0.40599158290912385
0.13154478744881595
-0.7979547008395951
0.3042709760845794
-2.5716515701215292
-0.07034993088743167
-1.4307035648233575
1.3740016227078087
-1.3822556845900584
0.8117854003455511
0.2576526181858537
-0.35283094918042357
0.45272734142791377
-0.5945551956312225
-0.39041078867207857
-0.19259510211754008
1.391951591318898
-0.5416841304234842
0.0400984348621028
0.9822580394055012
0.3125168520353597
0.8788777274857008
-1.1381097465342074
-1.24123814506788
-2.026414970472345
-0.3767458232009228
-0.7212494129518369
0.3591793958675367
0.9489277279360107
-1.8540082756194285
-0.24773090092003602
2.6154568666983598
0.12078476548573827
-0.6075670093573488
2.008565195822741
-1.347527276819321
0.19802823776356326
-0.1273343058002232
1.388654051877091
0.02559871992773178
0.18470195884315566
0.37953314590978215
0.029591520260215082
-0.4540508608134454
-0.023544372017026666
-0.24590395625521694
0.7424397957535512
-0.8223725745946789
0.495658610473555
-0.605020452149459
1.2251032218613134
-1.4291833308358055
0.6555114328118762
0.94485574862664
-0.91600828765973
-0.412182097215403
-0.10331230512862552
1.804141914741419
0.018074247320861256
0.03214567345300181
-0.7665665529715496
-1.1862833493694658
-1.1676816439765585
-1.0638408230766865
-0.2017169635320747
1.3396805473355746
0.8851975176915653
0.4924249973665133
-2.078238509779747
0.9794955171518458
1.0196651705809443
0.8590264022501127
-0.3482759962702679
0.42209252176872836
1.1317004281227732
0.573517423195774
2.090457558404921
1.2011327624532118
-0.4401596210727329
-0.6417662131327305
1.083430402276391
-2.104965203003392
0.288672706084132
0.1701564096785797
1.2147896250047598
0.841973768689184
0.5623411847975709
0.5982648016327761
0.03223463144674518
-0.7357953738239684
0.5742125045001675
1.3602844574537958
-0.42019214935968635
-0.26448101040594674
0.8411994145516877
-1.24966522255249
-0.6580824212608932
1.063675858734659
-0.8582004298193544
0.6310847147426166
0.49078240212771646
-1.111714866440825
-1.4589581297303913
1.0222847191902147
0.0977417539722332
0.10132597290257832
1.1889198946863704
0.9060281939654795
0.20883116259064663
-1.5765516561543016
-0.4737124095892772
-0.8198857597634421
1.1020616382635502
0.1836023066667945
2.707198251801649
0.6792668212207149
0.41079643946822264
-3.2498333412266036
-1.05664740936124
1.389894913912241
-0.4939643778743315
2.2413526445343126
1.9930598799547046
-1.0827902924297004
1.0217947856648588
1.4653110517082122
-0.8656543833634974
0.4394807219602544
1.7522963590545735
-0.3007282985655946
0.17738426768862192
-0.006248061919573916
1.102750990460174
-0.685828301383912
-0.21094778568867395
0.7686598606980476
0.4055622237750196
0.40239967960399775
-0.21275511498998426
-0.21192374492385502
1.3940018107488779
0.21792907078818996
1.661821318917346
1.2100058210381777
-0.8215692617597103
1.2185885376339678
-0.7108699945591805
0.9600962763734106
1.5947860447347013
-0.49316691105554505
0.26852578891176
-1.523559786668816
0.5127461855206398
-0.9858364418653601
-0.4647110385300564
0.4800632314162301
1.0986756179948955
-0.9204887505987338
1.0632316085949352
0.5042048770330736
-0.6415707832588312
0.7009144264587535
-0.9599997467152778
0.380227804509091
0.9984809104757938
-1.3973005129311133
-0.45583338166585613
-0.17206358672096078
0.910879272576234
0.8469645468451662
0.10975849926985477
1.638010331018982
1.3070059802445342
1.744371922418796
1.8835111557074924
1.1210742026954075
-0.8267609092488549
-0.2757789275895289
-1.556524741624484
0.35343430850667795
0.7200546764522473
-2.165579195722639
0.5307102975224844
-0.9470300324884603
-1.7766665372123203
0.07997453412506017
-0.4668458881352938
2.332009129660965
-2.0442677680475274
0.7103695534978329
0.09005694242682716
-0.20903025732851332
1.6302858115238423
0.06864669419253304
0.8279674769033046
1.0362375444772038
-0.41663263660525296
-0.31777580045654374
-1.5998625418144343
-0.6601422121518187
-1.8952219912698463
0.3907626591532482
-1.523966433531453
2.0080618542650184
1.0444294623543962
2.433384624504657
-2.026081741879928
1.6422364375338525
-0.43961904380735434
-0.588947198844481
-1.5739467475517543
-0.7161156659898013
-1.044646400733823
-2.188943434142153
1.4581805331245672
1.5885512779484687
-0.2317519719702844
-0.3833606175424498
0.15457587457346444
0.6369543855117842
1.2338502397441893
-0.8999748374587428
1.1021704312713618
-1.3713850049896048
-0.3704908978457809
0.33054659188158253
-2.3036880213937656
1.2440965940962254
-0.1973807655805953
-0.27822328330177454
2.3315979763315946
0.5027258432553015
2.2140910085410708
0.3231949068870451
0.23365882493902876
0.44113630064502407
-0.08197738947098054
-1.505616629576527
0.21072317341711794
1.2241216955543823
0.4414860584810689
0.5786497072424804
0.4650396738929284
0.613517113951868
0.876271075064096
0.006326484383739978
1.753656792354569
-1.1675081766231556
-0.23577062671665078
-0.9042693113391429
-0.14901056757988718
1.1301402274943164
0.7763367734025979
0.22585001041594246
-1.322092576942718
0.7733327443391239
-1.3003552578456854
-0.8598928564819179
1.0636227943314869
1.5650913267088629
0.21396037456614617
-0.06542302680096834
-1.3983554339879316
-0.42693801536156034
-1.3637065222006395
-0.13293922295380206
-0.5981604239288872
0.788409331753203
0.7883063682049785
-0.603820904163215
-0.028596346642786777
-1.8905571304863715
1.006868791438994
0.2847451956777509
0.43985153666779714
-0.07999330495555255
0.5214875005075058
0.5540579450923203
0.29602564800993836
0.49299681505649967
1.9096765297950067
-0.2655971908607727
0.10324370531223218
1.2403875172693795
1.1734480239252152
0.357639439322336
0.903528866486873
-0.6514268499590653
1.1738773483671152
-0.4047211603810091
0.48870936733119974
-0.04992046978775026
1.0490205820967728
1.155936818942338
1.575031319435998
-0.9609538328677334
-0.2589903677333236
-0.42337942145310203
-0.6311599528675669
0.6740129841275299
-0.14542476337376203
0.4714019199571102
2.291489504307973
1.480232454674777
2.2673874463436197
-0.03963512104404483
-0.5026830179723843
-0.8884157262196727
0.1305097570003304
0.10877317729141933
-1.0401952259788776
-1.3093397270898575
2.379373315832139
-0.8990149829527498
0.4280393532461588
1.472690139497688
1.0842419436029094
1.2612402748351328
0.13269635072745914
1.0777104866385891
-0.09004621880343561
0.5006371383642049
1.8104748361740923
0.7692677129043716
0.873183084991004
1.0049106676699917
1.4412808763068348
1.0485610857035297
-0.00788911544801274
2.167869197530291
1.9171928208737237
3.4836530797226986
2.41109801303263
-0.07910865147596584
-0.9166801804673536
0.4004884741407825
0.46787067252161746
0.587563336908763
0.7766532974804764
-0.5158312640426577
2.0259027682130273
0.22761189985078611
0.8843657013235752
0.05204963881897165
1.085328467394729
-2.0371859293216654
1.536359136009657
0.655923743757713
2.702404878816958
-0.6897010645477128
0.7439154427630765
0.060913477323241275
-1.073813742931855
-0.019337397614349335
-0.5547510517213535
-0.7238115839638911
0.22696964909304101
0.5824735276514024
-0.24460290078625915
3.8661813198768207
0.5536967952878928
-0.9010053707653329
0.4808025386552858
-0.8385498887721066
0.6588009621660751
0.4253055114195666
2.188051593164946
9.538186613226168E-4
0.9177230030194083
1.4726391352990253
-1.3013989535040527
1.0174554791994384
-0.8584607174156995
-0.4164939801556774
0.41637786144480216
0.28374808846318583
-0.06920255407299158
0.5251545500303021
-0.7547948714262702
1.7703901248475389
0.7975223519711645
-2.257141180050865
-0.9597447042448382
0.6293006814908728
-0.4486664573650464
1.9925131240539828
-0.7806138247450026
-1.8207644303414874
-0.23107341483939453
0.16680865233520983
-0.012520215065199694
0.4146136588783866
1.3519197401624194
2.0052910947898206
0.571708552885454
-0.5453542120625325
-0.6230371271536258
-1.1842632615611541
2.0140933482020356
2.3645653423343926
0.0879904579533638
-1.1501236115208073
-0.39992758640848347
0.07655419612158998
0.09373379486707153
-0.05367355753448472
-1.5957212195161883
-0.27464082343053
-0.8295328269092292
-0.18627542659217888
1.6024475646683973
-0.07826192428176007
1.814026235211266
-1.6674342015353152
2.0357655422510694
-1.975463106202806
0.3846656150661104
-2.154077527838236
-1.228569631949547
1.4744148557173014
-1.0322160381257188
-0.9334266747145759
-0.18620360555426754
0.7820782623484932
0.299815429423085
-0.948366795163748
-1.4808516768382864
0.22603706461599385
0.917934660588805
-0.033359568257201
0.9246655296957873
-0.6424225605492746
-0.8453147357410995
2.0517875469721973
1.5677248598577347
-0.5274641523057498
1.5057598777584766
-0.301826535388387
-1.131245336898438
1.4220873166521477
-0.2919470487127839
-0.650945939272672
-0.571588026642885
-1.6247145094299795
-0.6204661053777895
0.8456933024456988
1.604518917245838
0.101405478651952
-0.7252588829065197
0.7584272703980907
-0.3284076318109664
-0.7448352494246623
-0.9515239191101454
-2.2717061662192846
0.9648373774626526
0.8749515160261279
-1.087681562010438
0.032427120828369384
-0.6114655523642379
-0.721089573465012
0.9094201778348737
1.3572538171489525
1.6126045753855525
1.2181471975964207
0.29835345917543676
2.322912849180658
-2.919389609624858
0.6047202861060512
1.1472422512796485
-2.430376760513876
-0.5090712241822053
-0.48066127011932036
1.371906869367299
1.509295516598743
0.10001077237705545
0.9897466846020603
0.8081364032896362
1.9952652641667337
0.40996968547100154
1.3032297039116003
1.3104800230009055
1.262295998430151
0.027950153492633287
0.030393137977948084
-1.5550504843716317
1.6419413641561469
3.751536657150264
-1.5831018973818338
-0.05556748348095537
-0.7733282221930878
-0.4880694103009432
-0.21338669310032737
0.8733916132992801
-0.0934841876789225
-0.9770185940268482
0.43014232039469114
-0.7323287791172044
1.334695590432359
0.4369699804716304
0.9393293913029582
1.0904000197684298
-1.4725750407087774
0.806022656959117
-0.16660171061921172
4.283230402197057
0.9354877274691711
0.5029339126878791
-0.13860615803736048
0.7072166926683355
-2.050228681690687
0.9263938105631889
-0.6937535557087555
-0.9057804867750765
0.7812913270826214
0.023981385381692925
0.6802571884332442
0.9614134783988061
2.3072859455107344
1.3041141954386157
-0.2887496462252079
0.06829333457981465
1.604436796588568
0.7736480851574765
1.3064438497490427
0.9382334115577444
1.561061746695209
1.4085698584532358
0.7109802637377342
-0.3434034657416111
1.1114973445206597
1.1931785870519565
-0.34708078360814776
1.2123314926233255
-1.4105564582254368
0.2842131866514303
-2.601478345988979
0.004890545725223926
0.7391569257074388
1.778685727933897
0.6607579895143197
1.6177434815778526
0.2796266416202232
0.7515775688840374
-0.42507370258075516
-0.1575319009498236
0.6506284814627354
0.6944546021749117
0.4087427980930412
-0.017113996499082674
-0.08513203745561634
0.41816177717374914
-0.708655881989958
2.407082314339612
0.5632924992739655
0.8962257526476491
0.5050481346612608
-0.08233842308735578
-0.7988296600712288
2.004645814320086
-0.28514002093495217
2.85498982942212
-0.01574709249281949
0.4915546326568117
-0.48902526483794395
2.5562948371142333
6
2.721672025572105
1.644156337664181
-0.24258995201843786
1.1952756519870904
1.9934342125876963
1.3522760895887507
1.274610196557181
2.004996353876822
2.2153238752879574
0.595090894863584
1.108666415261147
1.6092246958549519
-0.3293721959663264
-0.4830655725772593
-0.09235178730189375
-0.39181210429128444
-1.826295783681383
0.24837700717995603
2.938667946282474
-1.108581744071732
2.260478246159013
2.6991415262537806
1.3714762851148448
0.8535745973051075
2.696249555521918
0.15327088751663528
2.0784642968019202
1.5961616838260069
0.20073438916049713
0.45154796719795415
1.0725663307708095
0.10297740490846034
0.7417855995154908
-0.470484434027977
2.850274658014069
2.272656356684368
0.9043656982139601
0.17507163072644172
2.5504808700489954
1.397710114858145
1.1469143990128983
2.609844310759321
0.7088522223774284
1.2129752940314429
0.8204966888980362
0.9990992384924408
0.8769413437919192
-0.7738213996775166
-2.7985451142895457
0.6815785821959985
0.2518911576588744
0.8209143402721606
2.4125940551087073
-0.2349865087483132
2.394448610335422
2.76050952780232
1.6077083032394972
2.8600576012644003
1.5489289527203907
-0.019155817438565877
2.3976090448344505
-0.4160553986150276
0.9402990140291755
0.34245464322890085
1.3402194143112998
-0.4403979500454782
1.2910903557127107
-2.4369637399034803
1.2446950891917026
1.4125823299831763
-2.069892369472893
0.15214636787402583
2.626890734371126
2.2421939793494845
1.110129637490676
1.3599652559480542
-0.22005671887830586
1.8138548206060978
1.372024506445904
-0.059672026479708346
0.9004935840460029
-0.4407986149000254
0.8145615044730921
1.1815678953383655
-1.0111387912541894
1.800174418819227
0.4594456973145131
0.048920838506268466
2.0820756273673906
2.335413960880111
3.586923626761329
1.5297603259593031
4.115361583912587
1.0443657048835706
1.4110961351385702
0.05610986388835178
-0.37488906939036315
0.32934791000393854
0.10839325835425294
-0.9289407031148732
0.25357000044749334
1.0024047639592988
1.5600955954174267
0.9336891626916173
0.2138061903673418
1.02475356661583
-2.1952951579451607
-1.4893770821939385
1
-14.9076498462826
-14.034510566474006
-13.739751501835155
-13.171962149675075
-14.872276944279298
-13.933518522722041
0.395673253013693
