80
4
9
0.9116189167708202
-1.7337556401732774
0.24650903828970866
0.9276287633373657
0.43873724736650244
1.6046147131661423
0.10891781789518465
1.4767513212341004
1.5798300324375845
0.18035780592746237
0.7817977296006456
-0.7175730610530319
1.3042475579047847
0.03133396171284618
0.34161952752460956
1.1912447079229775
1.3387852373633038
1.7136987450198016
0.43206974458406844
0.07117744240352689
-0.5161278574651536
-0.06101210552107032
-2.3277401374519764
-0.4564195136649776
-0.9045595305823495
0.3941070663753535
1.656402716038757
-1.0971124917818367
-0.13279107629615716
1.1301912435543107
-2.126917449981294
0.16213905153370164
-0.542982357503662
-0.1716793040870245
-0.7105308365716554
1.2608632769284414
1.8931983124265328
-1.4325341357127748
2.558800063452738
0.8077297717505227
-0.7516352132331052
-0.31874329206884433
-0.6353816848665936
-0.5416936129707445
-1.927912391056545
0.7619230502601538
0.019696404300352872
1.0505279473554785
0.4091922609102104
2.426377775351511
-0.14111692130060552
1.1664523139394534
-1.1490082795041476
0.010591679938984917
0.38899465675478406
1.1709684187810652
-0.6879910617120704
-0.8341799619000448
-0.22004109883405865
-0.4810451363680761
-0.1408987528963844
-0.4557442504819157
-1.1676256449279778
0.18732652115682502
0.8843748312679989
0.6622674390628833
-0.41103342523075564
-0.3225040432739696
0.7495865646144267
-1.9191870817752337
-0.23734632507447667
0.698118876558075
1.0201229148918733
-0.46547093372010645
1.027465120982532
1.3436430945348614
-0.5098080660700409
1.1921073680918035
2.0848849270649668
1.3557830013706724
1.3854278360784218
0.2704458152660674
-0.11999209651995454
-0.8664749745782627
3.806596198041067
1.511201104134366
0.9386797117622387
-0.5706101188585679
-0.41005698029648113
-0.5385058671295648
-3.4005279180368575
0.4303727093916172
-0.17009569625659315
-2.9213868212604024
0.7796545035529826
1.0947557958211935
-1.3365016284392242
1.4450205633403785
3.6908544526033573
-2.1028659500394093
-2.333744614794125
1.8822997472185612
0.4350754130831467
1.2473937677948463
-0.47838400358331484
1.6150023448560809
1.2937878634128122
0.5375973359229217
0.4870233944652716
-1.2227410539910435
-1.916132217870949
0.5344798632328274
-1.7075460276060106
-1.74700336061118
1.2242811699711464
0.5337107102656796
-0.4253469719433392
0.7027459440263076
0.1905751765762498
-0.7031773988353773
0.7715415886238509
0.805763817324803
1.337039494522333
0.2471671955227042
-0.11995891388953038
0.48718744635662337
2.42464513527094
-0.10544264039646636
0.19918667657314795
0.6735393508175961
2.357570080068395
1.3556650241373778
-1.3362243968301843
0.7430825864992541
1.0278373520244612
1.6119589978721436
0.2705842574996991
3.0219510689775237
0.8312974979865586
0.21583258897939758
0.19929838740170083
0.8021498557086671
1.8904810985858065
-0.6090019222044851
0.7843535856448521
-0.5282780714763017
0.9175421535094741
-0.10306042322790203
-0.3800306977734102
-0.2730414496756843
-0.12307687179765914
0.5809104319981496
-0.6422033893003463
0.2070124557725866
-0.08261705614363653
1.5956595959621365
-1.0721942721434512
0.8692358129696436
1.2778992441954167
1.0977362391772458
-0.3549724064090013
-0.15406696304860915
2.4898755524764087
0.5270611826913806
-0.19850756078600043
-0.9178741582287897
-1.04119730675041
-1.0248513276093183
0.08069852045080807
-1.9820255080119764
0.42300373269266167
-0.25309745362189556
1.8590661855225092
-0.9178525588411615
0.40507583180453394
0.7646412604897276
-1.488480298090901
-0.7226890962775389
0.3288886463642989
-0.28533651853449105
-2.4934513003162038
-0.43305094547621126
-1.5831667578311184
-0.7603748110873986
2.911493950649738
0.9163091329557504
1.187170390158349
-1.8874592948427573
-1.140483164845877
0.49280192857742133
-0.9702622904793189
1.240840286683975
0.4906624814969607
0.824613804329133
0.8283130712773197
0.46805558566093564
-1.882623701019492
1.1412579144669723
1.282954708139116
-0.136164359899995
-1.4565812069068784
-0.550081832977427
0.23410728375869924
2.31321489774304
1.4024727942557729
1.7487230196789758
-0.16968438176138748
-2.286447292388201
0.8263423627190378
1.9548316874118485
-0.3047270522554722
-2.53949109828874
0.6266434871953739
2.4383067239131235
0.8248402985185277
-0.008966422206061683
0.38054618548035785
1.0017116961958337
1.4388066123264223
0.07573832527268484
1.3377093130310458
-1.2390189458597125
0.6842645042310438
-1.5474786968109804
0.26955973095824304
-1.5371749840796223
0.13182498525411862
-1.1437285293368125
1.5369792821632138
1.528769025604498
0.20141570976612153
-1.4808622024724931
0.7067715767971556
1.4512713921417768
0.38439636088448415
1.5894327787197289
-0.6114745589903205
-0.26982478689930633
1.0336333683293828
1.3870672639162933
0.5200136822338116
2.2434174632617196
0.7608730640376268
0.09328236479228695
1.2794945309075925
1.8404494781682195
-0.5929705488874518
-0.07862050015752993
1.143963494694331
-3.3567290204211133
-1.9230719420365527
0.05768753244161132
0.3225845823167088
-0.7376687787579208
-0.7756067264418737
-0.3282964412301853
0.07197068422528687
-0.3425279287121442
-0.6727516548564358
-1.4239056754373576
1.5175145073871588
0.1982771626018694
-2.0415207773470696
-3.526303668360457
0.0317265500059222
-2.0165114119977727
-1.0371482104220178
-2.656293323088214
0.20416323568891176
0.7078876959728483
1.920765647153373
1.727531010798748
-0.42393927714932045
-1.166184962515288
0.3220791569900139
-0.19567878216326717
1.6756882136118019
1.1798896310082323
-1.6449119263330432
1.0677815660440055
-1.10640240782385
0.13708918030863831
0.042930248125627
-0.5356463603095235
-0.9480903754348261
-0.9069039942209175
1.123880807188438
0.7467152741145555
-1.113783676921651
0.4503344574734197
0.07054014730477427
-1.1330004109138474
1.4212809440171021
0.4563700756949823
1.6004542667736927
-0.6318569016127782
0.9575848515808034
-0.3030443550083765
1.6905741222595838
0.6710807232514585
0.3949688325891866
0.40734773321324325
-0.6779523561918016
-0.45198183180344226
-0.7367955276267297
-0.4561865288921726
-0.10627347610731315
1.977678794849644
-3.308337877922024
-0.6319277004853284
-1.0386441501221313
0.0939887421971267
1.2719201007919798
0.89237571327696
2.0038884869766744
-0.7054356556510767
1.1197836781565575
-1.7830538688552136
-0.5527676587666535
-1.8450976001675234
1.0764371332679827
-0.5112540203081063
-0.9019724406056081
-0.11540270123458235
1.1691602120713502
0.33600623971871213
1.5547842572596748
-0.05291367562663788
0.24946550223603148
-0.8509081885890883
0.9990003273470807
0.35490055155906697
-0.04764168615669052
-2.6913946429464404
-0.15419823038968652
-0.9441218373847162
0.448404279276158
1.3538558213640326
-0.1771644539265107
0.5932755023641224
-0.5382102029471402
-0.04827046074795309
1.9034431210756926
2.8186175698666642
1.885008328920974
1.8809630479927943
0.6105052339949493
-0.33498002997395115
0.6970962085451717
1.0322736521517488
-1.9172482198316696
1.6575760370897386
-0.7314503870300795
0.9842454405981739
0.5684924751269689
-0.2583496385821531
-0.7346503441275195
0.2523926285475971
-0.6344139060454584
-0.4038606187581725
-0.6782487810362017
-1.4068140937301072
-1.7487369600280165
-1.6844978603377128
1.0878084505010512
-0.6524261919363301
0.542831971001438
0.595556728341998
0.38388390055211985
-0.7878758514355244
2.1389833271670446
-1.1076417826661091
-0.8847614698591533
0.7945122959208892
1.4904593028516238
1.1632035753374828
-0.48637241306985385
0.6472461709338827
0.022058475770230422
2.498600901669363
-0.23002462553633757
0.5438357286541623
-0.3946740044819956
2.4584055659931967
2.356723655472664
-0.0651477173655052
-0.08773005272192072
1.427518850004762
0.16173769136944077
0.16829474902018698
-1.1495194536649982
1.2871857180184128
2.2028314968196843
1.0405241334054987
-1.0175068628128259
-0.9879995034911875
1.0394060510499157
0.4338760167997502
-1.7584437093047756
0.28466133870574084
-1.0878319748518182
1.1767762238225656
-0.8295968155181027
-0.10689383010478172
1.1456971903035642
1.7763135884668941
0.6264793023744593
0.9267705257318622
2.6155330535528836
2.3452477551910755
0.7139220018196515
2.3230936976057537
-0.11031213465414266
2.117060781323137
-1.1741484733352912
0.36828683387755834
-1.7257819642546237
1.3944244560187278
1.4738862323519895
-0.5714153535895093
1.6252128941582225
2.0415765212004198
0.3424660513597335
0.1469809332329846
-0.042352526385710555
0.8606250486495608
-0.9632340423790761
-1.4827313247824085
0.4487121780492375
1.0429801300090267
-1.1766513593836943
1.2158302842609308
0.33303166596385414
-0.4586862132559653
-1.8794343745546072
-0.8560425112620869
-0.051861724252241975
-1.915680285413529
0.015200702116502339
0.061755527596797886
3.061453573406493
-0.06290617283561209
1.4349818175786064
1.8442906901786376
-1.7326913594612312
-0.22411729425262605
0.2718585587536324
0.22027702749728373
0.007121771585861442
0.22719037940462167
3.3673032502633755
-1.2717281442110513
-0.29978640204752366
0.06966523910724352
0.6723483233633993
0.681787431105735
-0.389546676165691
2.29489652193657
0.6411948758853471
-0.015584206987699488
-1.1028657691608512
-2.049935145228344
1.0604991791416267
-0.29314026881029454
0.3517555305992744
0.1695049825999883
-0.04261997383082301
1.1127819298684587
0.5851101591348974
-0.7165789137778934
-1.5220550585724515
-1.0876244016450498
-1.4347394126743147
0.818312565715698
0.010433131529432399
1.3578307859469094
-0.46674349598553416
-2.268225328844052
-1.2840728286804632
-0.29946866265819283
0.9760203292990781
-1.3442757035965476
-0.4620933539877722
0.47369000496168984
3.099335854206965
-1.2334659389147227
1.5792314592932373
-0.28282927424191784
1.3803626462862377
-1.5039826836882093
0.5755660511248964
1.8471956000890755
1.4971504336371597
-1.0611346278242733
-0.5239946421142848
1.3430781943339072
-1.1500115096167534
-2.0471935084033177
-0.6961231225321911
1.0381337633306111
-0.7833148736139506
-0.5466443090236125
0.05824111735706559
0.25409852599153815
-0.37009063362293143
1.290660739256291
-0.48880709935554273
-2.6265870645337785
1.7813415147025626
0.9713208287081768
-0.3168763127575719
-0.6706915710465163
1.216229855149772
0.1489441193917009
-1.2982130485452428
2.7105598385682454
-1.3999647060949756
1.457916556775944
-1.3892392448347677
1.6166671250024187
1.0791798695933608
0.36691344367291834
-0.048281658104528044
-0.6567314694391263
0.9718977304317094
-1.2791199934389514
0.6628554351708991
-3.4368197633242317
-0.15762845071902257
0.42785032731853445
-0.0818738697483831
0.11837968070786355
-0.1536367643376339
1.748925680906561
1.1309006503377659
-2.2815557741307018
1.7789674787814411
0.9723741908843042
-0.11513882148432424
-1.665176606242344
0.6638863853268567
-0.6444332945811883
0.053692255596620365
0.9526590167037156
-0.968708718951488
0.34889005673069284
-0.4709891236988627
-1.8115444930100915
0.5210342115228127
-1.710961556645484
0.6986176142000616
-1.1980981122867584
1.453078732598498
-0.4276350338288963
-0.2817395763107619
2.2614722171443047
1.6762071109948666
-0.13507909982019553
-0.7454134644791685
-0.34774266936349324
0.14536720724668528
-0.6309186345716593
-0.23223027844988287
0.09768059635574697
0.8326124756088278
1.2870656564859384
2.2913677718752035
-0.6791255668699657
1.598558963538393
-0.6216184503180788
0.7933205304474036
1.0976770890611507
-0.2240742877718227
1.9523162301359727
-3.4317520995371553
1.9062158799225488
-1.06452406278112
1.5047506008459588
0.6418799595187116
-0.2791631740796516
0.560746722696486
-1.6543973516550403
0.17485802102564071
-1.2204975403413771
0.2811991760952499
0.32558732943655955
1.7633785480738815
-0.8782224685889539
-1.1820717283447428
1.3393940875081514
-0.38049841953602626
1.698546877826724
-1.3733864357729908
0.48524979053971234
-3.5257553826161945
0.6071698845873037
1.6359327000684905
0.5350597466559426
-0.10557313390975712
-0.7619678700899516
-1.2936492934290982
-0.16810078175627222
-0.757826387289322
-0.8374165147962008
-0.46570583561494455
0.6023498790276366
-0.2585371932338271
-1.2568223173727346
1.0080879056797225
0.155969466272282
-2.692762614247035
-2.4193479022466926
-0.7184882528107105
0.038522367691325124
1.0120116408664046
2.003218978482729
1.762218015280083
-0.09524517833703697
-0.5862887002638539
-0.19969236495694878
0.9900223619489187
-1.6672601431980465
0.9587168443285224
2.659703147878147
-0.5310656565413989
2.2230916700940857
2.0788251425154542
-1.6533681074975468
-0.3751581926199842
0.9828184545776257
-0.6610781856547018
-0.09187531678165174
0.14317003027049263
0.3116096350949507
0.06407202231734957
-1.6540054650938327
-0.568809714992072
-1.1501691300583425
-0.7593279764824106
0.14228918988881803
-0.5674414342398462
-1.8251801231001674
2.3076245602077208
0.03500844775031764
1.2161499858594824
-1.9209185669964415
1.6736375627859408
-1.4231673466615316
2.3460646150265805
-1.597279672940563
0.745841343630571
-0.15016178851146852
0.835934221767934
-2.1409883372078813
-2.7391866485681895
-0.5741627723747005
-0.634452892356272
1.2985060424899504
0.7345060940023151
-1.3363370103742827
-1.2861744295491924
-0.5780637315332898
-0.046141094216612125
0.6585341740386972
1.5673539786404762
0.9075866756969475
-1.3862437019339668
1.0327203953199717
-0.3911058259295463
-0.043945113288437004
0.2681989648869163
-0.7106843560783589
1.8927243278894785
0.1895545659166586
-0.06996100710969445
1.247580177158298
-0.5976803456183392
-1.3244911077549597
-0.1384075869095174
-0.229148882784274
0.7150962969935197
0.15434103652056286
2.077632844539975
0.035024240099808174
1.2817036477684967
0.7153578151746394
2.6308720700364336
-2.034946819390127
-0.9808616783216855
0.1982673927221896
-1.1040158032684098
-1.7471182786766397
-1.5334609123551506
-0.4090995840803666
-1.3502450435448576
-1.7560294631186018
0.10445181724739244
0.7188575436467254
-0.21127568430320814
1.8858445169198939
-0.39952600672393485
-0.12601934109283766
-2.327155909249285
-0.11763876660066135
2.065757168443645
-0.4098224191559401
-0.9011379971004408
1.2232640283849243
-1.1333371311578908
0.7094028440729231
0.8940320631857895
-0.34363959907087505
-0.2188855619271869
3.312375420811908
1.3712008625517458
1.6614757585718678
-0.04103863428429791
0.23022759120654934
1.0259697387496896
-0.5915890262806964
-1.9929889560519698
-0.425832050464108
0.41196825330423464
-0.7563236190414971
1.6380286501467074
1.2832235781676837
-0.37590436699647783
0.6809668852559905
-0.8685046542323006
19
-1.6532815164384076
1.9222228727834627
-0.6810519564012119
1.6717345403421373
1.8633240337884744
-1.4271241357970315
2.540849506358599
0.5055363651182515
0.5211222844689614
0.11116677674968534
1.0801911316496635
-1.4225674288173793
3.3773186044121526
0.5235145132640863
-1.6780403164801292
0.10318947930195449
2.3141782249245773
1.959224947040873
-0.005987862368615829
0.08931239919336274
2.5411491539723117
1.4753133982966424
0.07647710487918119
-1.4758714061761151
-1.419973631624122
1.4052057062520389
1.3776787660459189
-1.186348725015165
1.468230816277277
-1.3535479579749725
2.9474173553987115
1.2851549617253568
-0.7901036109295562
-0.27863623762772183
0.6804898272818033
-0.7146501063306667
-2.0245205609639214
1.72064185127117
0.5916283079213551
1.8586772188485434
-1.9522089074144227
-0.7986513122325529
-0.44019063644822387
-0.04497177754221377
0.264334466062673
-0.0541708183773103
-0.8857537787180169
-1.2344643731613947
2.467908262256813
-0.46968463672473726
0.7903118626705257
2.402588609263587
1.9738691136950381
-1.873664018932886
1.0912178755334567
1.0049585340909144
0.9405616369112291
2.429832912135235
-0.20555826278729478
0.8109036957638555
1.7677138135127284
1.5357844341462208
0.8023961132361691
-2.856822580130689
1.7212822197754287
-0.16716988168154
1.0053575461379487
-0.531175631122961
-0.974588324064931
1.2738593207718503
1.7635252264627828
0.10327968486214119
0.38389661579079415
-0.19321133784773353
-0.030133732481160844
3.37626309160928
1.7741778389467195
-1.0614512998772399
2.587400976526658
-0.1456919901761385
1.003295487869867
-0.5251517104171497
-0.34994426068386664
-1.181548636505654
0.9158669596615955
1.7745804148767812
-1.0260630094701317
1.2159284931430177
2.5045975195290513
1.3249049043512493
-0.32118791309294736
1.8799278945738291
0.20494387068002035
2.1749333134911666
2.6650967529041596
0.26040726762990063
2.2647429942486506
0.7751678951606085
2.1577290593281364
-0.9761150391381918
0.9827757311137095
1.3599276584821063
3.1508508808902485
1.2565829150945655
-1.8244157610652751
-0.40634889911182415
1.8380515931838932
0.3944046353620221
-0.9795780833645404
0.9347044705255166
0.4925107027213696
1.9960991177367928
-1.565357552962053
-0.04377040997985909
-0.31466095754233947
-1.1941448464425353
2.821692506051512
-0.7426594794463329
1.13115097506897
-0.3278826077935197
1.3162827706220326
1.9358409272455175
-0.8301366349181254
1.650313274702208
0.9121730682256268
-1.8157611907711957
-0.99453559377127
-0.5463437374890483
-0.06281117899535904
-0.9178640957849753
2.2468331178406884
1.276412280532902
3.6666543138903704
-2.5137814472695927
1.6189790459072344
-0.03000632263983527
-1.8340902651709905
1.4049822033055652
2.0035293517009403
1.0959211479216677
-0.12326950573259142
1.2241921248780285
0.8264652654960313
-1.0514300809127775
-0.29290595102137285
-0.10722298027069381
-0.743112064991432
2.299763554218143
-0.5725901489207028
-1.0145983178875002
1.4043294868858063
1.1673439628677038
0.16928763584766798
-2.9966699404994706
1.8246673887571354
-0.5472302192524005
0.5281291610670055
1.7314094623990741
-0.5158104190313153
1.028435719249658
0.7030712585436236
0.26078723073013566
-1.0687998573764748
0.7961197914913537
0.01018932446442421
1.2672690983283186
2.1415536853935984
-1.4407605510080022
1.0902922271383026
0.915423025524624
0.13042576441526782
0.3931345296905618
1.9254328541947183
0.010828715697959129
0.5382901317381539
2.7065186263011167
-0.5530135819961982
0.7915184143597986
0.41130365922794065
-1.2051444398654851
-0.7229744789440398
3.405858031121699
0.33413353394043066
-0.9784065863249444
-0.03505975791235094
2.6876306384800372
0.3461016824751453
-1.4314605551914161
1.872798979916194
1.893510390354554
5
3.696085703609163
0.8866910025194034
1.3682485091560301
3.263379897901532
0.5815233332692884
1.3296343691791557
-0.5469552864898634
1.2007105008547776
1.220047322345989
1.959099951406631
0.3592639125435867
2.874799221762744
0.7443062147602544
1.7098835223317776
0.6684583392535596
1.146668671287015
1.4628053210477399
1.6889468200135054
1.94613794469773
1.3534759751418557
1.4757304700809575
1.626924402259747
1.6282558751238871
-0.31944926574875315
1.3308203377959724
0.24622681970624094
2.48877259446629
-0.8272062258225554
2.21554399985161
1.0796091442529838
2.7292601431493106
2.741108336139094
3.1807099777963264
2.2345705853818143
1.1076572167286287
2.998748642089848
-0.5826644957791175
-0.4052417979713514
3.198680142092008
2.9280814888994424
-0.14150930745721207
-1.2984221213924034
1.6235155986128498
-0.16494145498866372
2.821135822024337
1.159920023395207
0.2797007935412071
-1.5651271237306736
0.8115898494426452
2.3768724144632207
1.5435034642386958
-0.2563671487740131
0.41450671985386583
-0.008599680219145657
2.415305316455836
3.6023359846273384
2.6213197427272243
3.436614262121128
2.140599061545029
0.6840911701668122
1.6533004858698706
1.1704608516709252
0.12662549802284045
-0.05178767326716338
2.4561728505243177
0.11838735932416189
0.49701943579112956
2.478846268899589
2.3985924649383157
0.24093232542049495
0.4613955104173852
2.1931487279587043
2.737292881453377
1.5123503002315586
1.1247759180834316
2.37208942154922
1.6239737985677705
2.3200065778333165
1.6766605029263106
3.382428016541525
1.3404395551476063
-1.019510579505744
3.129913394777158
1.9075391124172238
4.6600685474924095
2.1441473252079097
1.8568624597717065
0.7540041102475666
1.5444209536181845
1.382171076664717
-0.5684039679905466
-0.15823243460847639
1.6617083027513329
2.8945080074139224
-0.49760890555329956
0.7529728626764034
1.0354747578508263
1.1742525500340122
-0.11439655687284624
-1.222112319044094
1
-16.54767543508203
-17.981675854489065
-15.302202025963158
-16.23474126425244
-19.689523862788302
-0.745877693947716
