80
3
18
2.220821709568136
1.2844964734723778
0.05005047343844246
0.39388442483647135
-0.5420002120015462
-0.8470232555670132
-0.13533499166447188
-0.14153411298186647
0.2028968539224787
-3.0720528831346154
3.7839972616539224
-1.2784893784634208
0.30246614519167897
-1.7334487574370279
1.7238775163197406
0.8976962670425805
0.9904978164789481
1.8720454642899225
0.7517670698800474
-0.5134162983761925
-0.753959449447906
2.242823554895625
1.9398350782019516
1.1355854436154684
0.3018260937116348
0.283134772304805
-1.9117005201648822
-0.217608207654031
-0.11587712900395944
0.484039556168414
-0.6246066990789346
-1.0509865587716853
-0.30179678011745276
-0.29257195523770085
2.261922775515777
-1.742621338513526
-0.17276946393080295
1.7233762859260136
-0.28894309255328354
-1.169233953667884
-1.8699222389948302
-0.6902452469677937
2.110567047288685
-0.11079152123548251
-0.39769577426354324
2.9944360484150576
-1.7334047967317496
-0.2549413177182927
1.6799726835798527
-0.9373095185735539
-0.15692198554699316
0.0324048964471763
0.03789875953557968
1.2751829620453532
-1.6831808788954723
2.498421241893289
-1.0516962088752688
-1.671397519744184
0.11553360136734214
0.5763778293501197
0.6714785193288334
2.3038940199465707
-2.724043598370858
1.5063338083506947
2.6738990500637967
1.3375005672584992
1.712395061445273
1.1154022697938235
1.0927750017784386
2.00724630747603
2.0264620381911334
2.010088157996005
-0.28676412455317124
0.925020021629135
-0.34642209564902643
0.02802757312333408
0.9998039171714538
2.689741686151007
-1.1207256565053128
-1.7745310291157197
-0.05018783821422592
-0.9609048719198388
1.8661070221572396
0.4554882820038906
0.819064233746361
-0.6878990585224657
2.9984423496327657
1.5626840770976256
2.8229596398683823
-0.5107269297583218
-0.1319386091228866
1.3675181509512384
-0.7831391546755702
0.571460393126426
2.189560732627506
0.2817677317662976
0.35859465597197987
0.9526003465055739
1.24147121323858
-0.008779725538888589
-0.8826910527710983
0.10699766423586766
-0.5740396495401927
-1.5857049372127578
0.3625832482470895
0.11111331803894181
1.5228344283533528
0.16979305674755407
0.6115406094749252
1.3002452619310179
0.20936734763541653
1.5267060850428233
0.9765343989578779
0.9884534986303238
-0.6900405835665457
1.2522950352083195
2.4205384058295594
2.164542265754677
-0.5152209036664287
-0.8960853654327379
0.623781848918375
-0.6883776129512117
0.9803636991119744
1.4564415222812943
-0.07573895788671209
-0.4742703307101803
0.2780719082509343
1.7284506817244825
-0.3151232496497023
-0.948007699845931
-0.0490315510910289
-0.5683700381998485
-0.6159835869375843
0.6293703158490471
0.23423314038888604
0.2724739439960503
0.24108558750791906
0.3448518330264781
2.117383746564015
-0.5447000081955901
-0.022006396665677122
2.2169701503471506
0.556288005490005
-0.45280342839519405
-0.7055925781375076
-0.568974470087539
-0.8823392764895479
0.1707777382719436
-0.5454875331908516
0.35046899372582563
0.23243184594912583
1.9206920541932218
-0.5127423486983672
1.0736539460593204
-0.5523920673690763
-0.3506383430395537
0.7125840704284818
-0.6993541968166876
1.4089876898064566
0.6873162745810572
1.5545328170715653
-0.6120450545058138
-3.480013721484919
-0.530597974444729
0.6864916737908884
-0.39279710195898265
0.5662768549239007
0.07725407690238631
-1.9605363032747767
-0.4145606090409703
-0.37363961294262826
0.2383238935278399
0.576337882236284
0.22347760424203353
0.00843774777696523
1.5196776853465286
1.1642581308164859
-0.7266204086391166
-0.8992757955121116
-2.4576324433248717
-1.738689944652436
0.22529167207721976
0.49144655042544494
-1.5330631712410334
1.7515320708981035
0.9220931784499852
-0.09744443400142412
-0.396792103166481
0.34006413336543195
0.7294872336197941
-1.1617052136721395
-0.0013009557369896285
-0.49548101173958825
-0.13174610363718964
0.17326088323234834
1.765735473798432
1.4932882281889108
0.09139733046600934
0.7357957325376123
-0.02883658487081797
0.916654796927571
1.3373724157099796
0.5645378990832755
1.6276295111785477
1.4288660725126698
0.550917828896783
2.0351159224635587
-1.069835839728964
2.2853073457729414
0.3527277575747939
-2.4731977484031424
-0.7492708704736833
1.3392972056339996
0.8136986618411859
-0.9075077713018133
1.2494337694977868
-1.866129606474973
-0.3730360380727512
0.6014619982342633
-0.9950516899887267
-1.1071234444731002
-0.06452879499297659
0.5986759989474879
0.1451865561916887
1.1179799766345577
0.27893856858468774
-1.255195386064332
-2.5397341240100566
-0.14170910547425544
-3.2667593290607204
1.2815098174490114
1.3802790764516257
2.0432662561633306
0.8769693277396005
0.2293619451048354
-3.7071985358810027
-0.548807682442764
0.9838562945835788
1.2874867892296884
1.0704322451013901
-0.1982331493199194
0.920980616640572
0.13200082521516765
-0.2646080250931796
-0.8082070209351329
-0.2685474251969807
1.6015433863668098
1.6532199428369967
1.2044474158817313
1.4719279910954477
1.8575660296529461
-0.5043652671021269
0.8261279657053153
2.310025850577903
1.3283886987739688
0.0476312561028941
0.27041188379425046
0.1125342823951984
-0.08984576764766
-0.18161852818691482
1.4375332158187384
2.2124867239637216
-0.6644392954280782
1.5952227277052564
0.9017888689626924
-1.444448697436595
2.1386442270181814
1.8318546854718438
0.6756603388222897
0.1665438978005091
0.509178744135468
0.11546840873223152
2.938125454706369
1.8845220921260075
0.19414692632879565
-0.5606964848588293
-1.337547228142423
1.6931525160693612
0.33409919980754166
0.2763749537612296
-1.9971256349035458
-1.2811019130335715
1.4774336994319581
0.4251862175552246
0.06208385908783485
1.9710204633573336
1.1889477113507168
1.8483904131782438
0.4822504248772343
-0.863131391023437
-0.6650128710423717
-0.24835401719357378
-0.8434783749213095
0.10555592738208162
-1.7465707770166388
-0.7916889859998584
-0.406517095178166
-0.459923449654007
0.9909554628034225
1.2838300750494667
0.4808630966269294
1.5955475967503325
-1.9490671517122333
0.7396422986349425
2.044349220750043
-2.5152052141550416
1.424392401729523
-1.9204029936900127
1.2251855316537101
-0.27768083612075595
-0.768115135867481
2.414853937967417
-0.2816334445346025
1.3489803685450636
2.7493242445582586
-1.61671302970674
2.45346501336505
-0.3251713304752522
0.8391111214624271
1.542477059057734
0.07631788375907433
0.5436851018777652
-1.310899772905836
-0.4267580072055269
0.41749714857642894
-2.0984012205329656
3.3416444340152687
1.2509476276085205
1.3814459084006576
-1.137367694215341
0.006315959142050714
1.2970046465990135
2.016118003791837
-1.3635093950942188
-0.4181536170735355
-0.5648836234268311
-0.4944111690387303
2.4650459875792268
0.40708035605124143
0.49486619171160734
-0.545784390349105
1.1186648559148842
1.2957872845003888
-1.2147546448084758
-0.6399790626851919
1.010584126287316
-0.9794010486002758
-0.6499131101933728
-0.6327746013490023
0.01551928941607942
-1.01364853834584
4.509761359822169
1.491232445761008
-1.15270702134193
0.9417776346982697
-0.0847104961779303
-0.15198759414369456
-0.170282714483469
-1.999528552104388
0.8787880059361307
0.6517610967515807
0.1382096550396917
0.7976095125007902
-2.3468668736882634
-0.2547378986643598
-0.7394756124733468
0.1579231805998952
0.32629533118472165
-1.5703452731968603
1.1756526066040522
-0.43739844221348356
1.7138438278431225
-0.11145873076819242
1.9209236403581298
0.017528262207666876
0.2261452398038164
-0.6808221088061521
0.27104788602325985
0.5256081585647873
1.0269182446235345
1.7988193391469292
-0.39194332246808306
-1.8005423031147614
1.2167701291677009
-0.1562975401272675
0.6902332367931782
0.8750539727009926
-0.0904000228788363
3.033623399982852
0.6709153328448486
-0.3091115845794513
2.239964111799222
-0.033052848978006824
-0.5339173741147707
-1.1361860152030034
-1.8070691005653137
-2.5955402872764863
1.7497901212673668
0.801770438317896
0.26938805741660254
1.3467860191418723
0.44790185446472036
0.1759410808510117
-1.504105791843633
0.49455781031193435
1.8310729505636794
0.5698262118074867
-0.4374935252167282
-0.1777523488279006
-0.8233751601746019
1.0505386521977698
2.0917114671087838
0.649473187379815
-0.9961612602749101
-1.2989944232697712
0.030526849545105383
-0.26460186755995857
-0.13548942887694915
-2.211752865343369
0.3430151695102465
0.17678018240035565
-1.317673751699773
0.7522759185014303
0.9454047806575211
0.43183681974312443
0.8522481248908953
1.0135463732165388
1.0308882771307326
2.3707731918407564
1.2076287117181055
-0.6422678089118644
-0.6471591312812299
-3.1645632705322964
-0.5561459903027045
-1.8291801729555148
-1.178093297980387
2.2688704790571395
1.1671247739919233
-2.2100766174345114
0.3084110626792353
-2.0812642707585507
2.8773330632556244
-2.5526353541382147
-0.4164928812749225
1.8015713382195289
1.7046812292911317
1.253203001810581
-0.4614833954419546
0.447810904091254
0.16880285337763024
0.23491960257286107
-0.24641419690002944
-0.8256884618538881
0.3035516379941966
-0.46188117406520984
-0.4378574321109378
0.22936136632000878
-2.0342678162674233
1.8999463363283997
0.3112220954820443
1.2210570382363108
-0.8141882772904527
-1.6700207893403234
-0.7039309357761171
0.8293377842072036
0.9408707437127752
-0.3152251537070016
-0.2489119336386783
1.8028865021327585
1.2912955103117822
-1.0917854862524314
1.2424354149718717
2.044298064083687
-0.4403367636195567
1.50054425939358
-1.306912220156998
0.4102162457049055
3.306656900882432
-1.4860815569682282
0.6330893121033566
1.0919321658537307
1.5139384630429142
0.038872532523285735
1.0017429704656995
2.3842488838935947
0.12528912503558476
-0.5232522965165467
2.4543470526000504
-2.771106185667075
0.6389858750584212
0.3482826352281135
1.2652811100009378
1.340776764752677
0.18799626897399807
0.32512207934094395
-0.06314964236941535
0.24563390408204097
2.1790671587099864
2.097703555766782
-1.6782076530546175
-1.0039119213193375
1.9211509357614927
0.9084741989267402
-0.2111044926183835
2.1642019802775367
2.1942350478276134
-1.4668701138527884
-0.24081736453861924
1.2245738963230224
0.5628554972595191
0.054039660393796485
0.20852749974013332
1.7715083523070883
0.16823194004183356
-1.9191207065496525
1.0728852441171361
1.9873893225889798
0.4010229138241455
-0.1848723550476818
0.9263784789451222
-1.5608770742043339
1.2485379923797815
2.661756197608832
1.2134239764422179
2.0630074944366004
-0.2668036930797434
-0.2889076832555859
0.30190739112101045
-1.0515454873593348
-0.6094171657865862
2.4298893091651164
2.531509270071893
1.2447478808289492
0.14895770181521
-1.3486939108049705
0.42294312096528314
0.20564549428191187
0.7765834523925945
0.11530136296645535
-0.3651300461334601
0.3033387344290385
0.11910282448575223
-0.727892186685557
-0.39639620685980387
-0.40431783044798997
0.12757257213887174
1.3625706884159394
1.0174214741250924
0.7979619342245337
-0.34416256091112846
-0.291822310921337
-0.629604411277353
2.786133778775449
-0.04844286391960839
1.134859112370049
1.0534364491269619
1.630108014001112
-1.0806941976275786
1.6501181916555412
-0.8782712163296106
0.901459468333321
-0.3288488709086792
1.01406843541689
1.1334444898511313
0.663588198179603
1.9877543196045495
-0.48340166993707584
1.8163505003359102
-0.36926218722098036
1.9791742480521881
0.6939883254782526
-1.2139044661426346
2.484824581571271
0.25359356518637793
1.4958091015975936
-0.011166935229436722
1.465324616256712
1.225437218494581
0.34999356486829564
-0.08654640836531756
1.5476830876009156
0.036740893486078355
-0.5526169860611085
3.6598790174494082
1.8061882952882453
0.3683385473445393
0.46741458258842644
1.0595198794305438
0.9155381966135788
-1.1562584703468943
-0.14287602003224553
-0.4086079026964028
-1.5726906896647352
-1.5203172309323547
1.3972289937410052
0.9169562279135237
0.16039868529860218
1.304946612966525
-1.5191282866091413
0.10138703190972351
-0.1700815068099999
0.7086955100265793
1.4502859473711878
-0.7577070550748477
2.0119451647660958
0.9402590686056358
1.928007593056501
-0.6736719259363615
-1.531446323313276
1.8304568014560305
2.010163280208544
2.386788410638954
0.9171857174347535
0.34531509818644657
-0.09936945631826313
-3.3870234869408327
-1.6130607989242
0.8097910288722816
-0.8714183271890327
0.9700456332146782
0.1350367438959098
-0.14684670824032897
-0.17879082713741096
0.9628307339003007
0.43139053673327127
0.6302740198314015
-1.1709336053217434
2.014897849018557
-3.0849478637581726
0.35952645615120216
1.32906388369392
1.4966133679251399
0.7247182236262237
-0.5622803216515281
1.6579049656845637
-1.0424209777498143
1.343759809263573
-0.9954768322465709
1.7167621773863624
-0.45495360274200236
1.0530020690939401
-0.11370119523523284
-1.9758206117929376
-2.1572059084298885
-0.09515510047844883
-0.5176666131706713
-2.287194501571969
0.5474955278809273
-0.4158816394063197
-0.7636560523855848
0.05856304698469883
0.4846539943807255
0.764769959003734
1.1444583259883054
-0.6930521119318584
-1.15323162560264
-0.2654205628258504
0.07050674983506054
0.2109661818622473
0.29514060512879464
1.7235693212409584
1.3505754149724767
-1.2996495882670285
0.01543004844783362
-0.4012388197619224
1.9354033866661706
-2.015569276253274
0.3898880120012885
1.4988769417127716
1.1969649202638877
1.4704530004702898
-2.245196881095931
2.3532997718453945
0.8948515897025026
0.10434951449330551
0.7886183502880587
-0.7925555874475628
0.6512197657419847
0.4913430110351419
-0.5681018886295521
-1.1730166015207644
-0.4891308391198739
1.1591680964450524
0.8678678014148532
0.6909965331475092
-0.37332750863439906
-1.9085026280974366
-1.4084569863302903
0.6687178555066029
1.8510655649435421
1.8650483115015706
0.8252520441445497
-0.06260831300443531
-1.5413340584979323
0.6878165484664254
-1.885313194798826
0.5061630867185982
1.300556831353788
0.6547354951148707
1.607316513341951
-0.8095812591525515
1.5997265874257234
1.1136268161548495
-0.6286848539246433
0.8389983577326527
-0.39658315618100354
1.066907347193818
0.9469954735708705
0.7792610716384667
0.24127341941695898
1.3503224427186462
0.6138061688764221
-0.41893441677183924
-1.3077462475850303
-0.38470048379828214
-0.5904605257814575
0.6226378315575714
0.5696204362350764
-0.2214407295517009
1.363945827871442
0.6011523281175156
0.48731855107272876
0.022845278272776284
-1.4665253143943449
2.16412966173453
0.2797315087836003
0.5776949865148515
-0.28622041121794134
-0.11301882648355265
-2.051138180373831
0.7123184693962298
0.20893026408470972
0.32605998485136073
-2.924096750000519
2.205418726178112
1.628199707134282
0.3202608615424108
1.609725007171078
-1.6727007048205498
-0.9134738818307571
3.0501454129608327
0.9334341820092739
0.48557833126106753
1.9857793207948438
-0.650470481742041
1.5880809524045634
-1.0667250727380764
0.5028451089609212
-0.9784556705077663
2.133419224532153
-0.08712095657612437
-0.3200987643576675
-0.6343811031102212
2.811665774319016
0.8104371343663166
1.1319552021530386
0.19714029937933134
1.5635393001721518
-0.7841037695056299
-0.6023435799455961
-0.1334703403736966
-1.55126875007185
0.2554538524306875
-1.5494742772428047
0.3118721575212524
-0.719164864852907
2.2208491301785043
0.3778864624267397
0.11167163362284732
-0.31667894890942216
-1.736398636556955
-0.7580838781221247
-0.952060733580463
-0.6417202656761227
-1.4816525253103028
0.5138225900167714
-0.5281532305494192
-1.340007451297483
0.27571941496570446
0.8747223793056713
-1.1940059999819856
-1.0415179851339114
-1.7359071220949394
-1.4092475618263396
-0.6483846185080796
-1.7729632630481016
-0.26175442517474967
0.7597143344452973
1.5560215603209255
1.0938014259356208
-0.026332050448992242
-0.0593999000086483
1.1489121815803325
-1.2300042641793891
0.20023632300315203
0.1467380471592898
1.51414136735725
0.8705059749914486
-1.4709638116003234
0.1251147351991772
0.8875467029109129
-2.5090913383434312
-0.004168775001259548
-1.2249922171065974
1.1474827356117436
0.650993947383083
1.0063715895135168
0.8306593904422497
-0.3222535712828054
-1.10771595187134
0.6525981202856911
2.4879390835941773
2.4751543810181085
-0.8087454010089106
-0.9417784460658879
1.136052715927993
1.2340475426021977
0.6778587086062748
0.5182212094262184
3.1282157104060992
1.029057429645697
-3.0301878114239758
-0.15412154721784432
-0.08396359568745546
-0.9317688335725551
-0.33718881299087455
-0.7064954721025339
1.1933740704649358
0.7808855756349349
0.24853920613112052
-1.8902942163508245
0.2633040213518182
-1.1076820789681023
0.9555694531392093
-1.619701256076512
2.3734338664507257
1.018969677723027
0.05060148149059804
0.32708324231829344
1.6210687008392917
3.8390331443471526
-1.0026891754458727
-0.5439205601865669
0.7658016713472924
-0.0355120924246003
-1.3935973911041177
1.0127426563437139
0.7160806407634112
3.071816317090372
0.5647648218988581
-0.35618002579186425
-1.0354958701464034
1.8637225535078483
-1.4130365498075248
-0.22257929428676493
0.7822665406163676
0.8545264398116038
2.7744545593156706
-0.20625030775747952
-0.8259319387688577
-0.4418738296446476
1.815791802329405
0.1890492183419017
1.1803295713412192
-0.7804101935120712
-0.4913476979118178
9.13549123415909E-4
1.8804690517356433
1.2125311791204623
0.3559254047787501
0.3430857564205254
-1.0305338263796704
-0.46142536390837935
1.0900437150481481
-1.479751472729954
-2.329996732318296
-1.0830613099938284
-0.3222154458111982
-0.4699942925361019
0.5954078224852675
2.6067271922936217
0.9865715990806418
0.6437148650371282
1.729331231770112
-0.9764391187904592
0.7418038195856881
0.5841941930032347
-0.4903845880986351
-0.8375282774219096
-1.2749217844245773
-0.35316655898145816
1.613267487856374
2.249640333819328
-0.474229365032904
2.5710912953868417
0.8755558336571128
2.6930930891980807
-0.5015775149820721
1.6858113241580945
-0.3801227665413873
0.20666775068128065
-0.14117437041672776
-0.8531527353535412
0.4438330817171472
1.641614996244033
1.199890630681248
0.40763003265939446
-1.644068463916639
-0.46951080576371884
-1.0516091696071574
-2.4403662659342054
1.4082533680583547
-0.9513834550667694
-2.305399996900905
-0.45484567730293674
1.0859376063897426
-0.4541412188137186
0.44956225632388763
-1.07730018574034
0.26933069693256534
1.5844741531930029
0.4693635144221522
1.4582741355804536
-1.0285687973606623
1.8227183357154695
1.032699449026816
-1.8472492508308314
-3.758691206642498
0.770968872822352
2.6765948862245876
0.8092972528406366
-0.3817505878353099
-0.5053801349468929
-0.9300422625628937
0.4663202812475243
0.2547818978878326
-3.430157363520954
0.6521869861006051
0.4123770234686501
-0.091846777655577
0.6661600404270305
-0.640050870128639
-1.3804924725145826
0.8786951422773982
0.8328272895767098
-0.06285778149098388
-0.9376356491138895
0.7820524417463663
-1.837080766767828
1.7975014376265872
-0.44384025084587464
1.4671873950692738
1.3131065674423874
-0.8563736117321172
0.19062417348580415
1.033333509913011
4.545684505847928
-2.4097103984799357
-3.7707432480202723
-1.0316030767783293
0.48326454390303697
-1.5949425048147148
-0.29927391861062075
2.58765319113716
1.9643447041219069
0.049588517360982715
-0.7584870498847022
0.027992320108150292
1.1600354036427651
0.4569588618849014
-0.9313982616813925
3.075346727184562
-1.225281662862902
0.5665785063957927
0.6077490202197937
-1.091368596140499
-1.1232762129400067
-0.1648390909438769
3.1394239291517647
0.06111808587041817
1.4723070434758632
-0.9538627693661812
-0.059025798165500555
-0.005481361194651653
-0.2610267065091363
1.3703542109317588
-1.340749095223669
2.177359166406794
0.2992061867474615
0.14648579854616547
-0.9237928387731547
0.324156441571561
0.9180764998926023
0.7431537293911108
-2.3396937660485206
1.3600114167927069
1.2231934382765055
-0.9847388159108631
-0.6996209824971446
-0.3189773431442738
1.4791429334875819
0.17021510835027712
0.8037005730300967
1.0783672220800842
-2.0566441022715134
2.5277765323815964
-0.2540462617023476
1.11813320340648
0.9190425848711573
0.41298442798778845
0.3444623549317283
0.09850323729083042
1.0615852186438701
-0.755472049276794
0.5484455239573826
-0.5547946519596015
0.15744652666928866
-0.3358894943936006
2.2995533775044934
0.7436806281459605
-1.7206492956111075
0.4937442949713324
1.019603371879683
0.31497404649900046
-1.3574344505954279
-1.1142309089593063
3.407523549220934
0.18311556827221467
-1.1830873461758005
1.7315843730475844
-1.152834967549317
1.6401621104427155
0.32947823657021313
-0.9585042904202051
-1.294078596684057
1.4415926898583702
1.0065030443824623
0.9973640127633823
0.7737538557246794
0.5404069237375617
-0.8728424305664055
0.5707585923559079
-0.020535452232374088
1.0160992827877262
1.7169753841303765
0.5752926739711369
-0.04803867291392677
-0.48816940417539595
0.6289763557268111
-1.7446395337328273
-0.7724952752957975
-0.25190136063628676
-2.000433518626643
-3.022802442244156
-0.7835658869762387
0.2804938797180815
-1.0322934093522003
1.0927056802819732
-0.3897877119237966
1.1212389153506086
0.8560950193607791
-1.0781870597728493
0.08043414222698446
-0.5896896635764749
-0.18721319640052836
1.1293965313685095
2.237535197264828
0.556409622409605
-0.8847306801922743
-0.023633480387826783
-1.325300310729887
-0.04047746112541421
1.4922837985438262
0.9958239762461544
-0.20018111522689958
1.593960820687754
2.4723757615704334
0.1381283496081888
0.041143116897680035
-0.9697834403653355
1.1304533480984955
0.5337564416985445
0.90794022274501
-0.41928495767967094
1.8748831692116024
0.7954596175268863
-1.6958767453586405
1.0323613727040801
0.27920465131913325
0.020807993628405415
0.42312780109510423
-1.1472145702487548
0.44826838304131456
2.158138919670763
1.398523573051253
0.38064862613413725
-0.5196442619818068
-0.4267454951628827
-0.5510882560407624
0.6601936217822704
-1.3182598732311364
0.32407808654435133
-0.034396851463918285
2.151632993677802
-0.055921415867477994
0.848923099587701
-0.8714342334330856
-2.324918463621199
-0.43115843553142946
-0.024027901186440166
-0.8087925151138279
-0.428169808354607
2.0554772289847074
1.5421195403385215
1.5668434705244543
-0.19927365224063634
-0.5792136097388417
-1.2215098498952535
-1.2802452301383171
1.462620902846905
0.6068024526540786
-0.27527554827203926
-0.3749962100171905
-2.8796028784349863
-0.07670708042822255
1.3937272686832411
-1.1859659249688415
0.3469975323042971
-1.3385252820191575
0.8124672488589105
-1.2989989757134512
1.1380961726007368
-1.1175052570231867
-0.5944167379099471
0.7031881934297153
0.8043777291191364
0.3550786379404863
1.1129573877716898
-0.862384532440103
1.6816647481415528
-0.37857971985814554
0.21388191501931844
0.3700512615414979
0.5803442980720451
2.3652156699068536
1.2189203929833023
0.5433451973045299
1.1260481731209777
-0.19353407038999326
0.38264393124381824
2.154454131974634
-1.3146696412377676
0.001658947035035517
0.7831954940569371
-2.139964277349766
-0.07755895264285619
-0.5193394479818212
1.454564125010979
-0.38602101347653994
-1.2975322691040725
2.367625384732878
-0.17930988327782166
1.4341434436565692
-1.560643017409206
-2.4978478015219814
-1.383028600310863
-0.8539405694212349
-2.2037307489341478
-0.1506473302918745
1.099164664226624
0.9014198065881041
1.165806524151262
0.44598389390817794
1.0971087228071574
1.1873677831456286
-0.11959464530613872
3.306261211568568
0.1899366021445161
0.4188284036989111
0.19769973859068005
0.47133499763127595
0.428409863582895
4.2752983868366545
-2.718738092877311
-0.0023016903383809156
-0.12339741040157108
-0.01160434344205849
-0.3201799068847262
0.95536002430569
-0.8749610653738673
0.4527961810558329
1.7610605796437189
-0.5453496077239205
-0.558016953470734
-0.4544891431845656
1.3041928962578908
1.1293757862156686
-0.16291645546071154
-0.6980545434026328
0.8141166937781056
1.500369080526483
-1.885042265254319
-0.03731735177509227
0.2809121790750474
1.6876396383849468
0.6124110594080788
-0.8321833545183243
2.005407185128696
1.0023720838960368
2.9369831044229366
-0.6050668833697359
2.31835209311513
2.9979477256116613
0.7132251544068282
-0.6061651852949278
1.1393368548937823
-0.4741664494325641
0.019663621035194728
-0.030216146033432305
1.4076357914386088
2.761360638784993
0.42977468455286694
1.8426819351794956
-0.7030029711140433
1.7649712183247486
-0.31409644032471923
2.1756551945551807
0.03415418637396146
0.7763637159533381
-0.012628180587877874
0.2750605642220072
1.2612796753353785
0.921331268086866
-1.794281702785684
0.2279705665055547
1.8402715636836044
-0.495525250698621
1.0710613727439182
1.3206104071177314
0.8937318729950484
0.6926554061870513
3.1186214737460474
-0.2870860096821651
0.8414882487344948
0.7816618154431176
0.7939903303515172
-1.2002371283233746
-0.28892998303073614
0.002437225096894119
1.2686066213869476
-0.20247452706253188
0.09547321739582537
-0.8115374938837767
1.17371787358045
-0.44644853631871934
-1.179540749583682
-0.2215961852168807
-0.007485926465179601
-0.2185183238942165
0.9983604316805883
1.726048389197478
1.6704335790893767
-1.8537958211669883
2.7235745438106247
-0.09211134375779045
1.2855139944239335
-1.2969939493102716
0.05910536691873915
0.43268700057960596
0.5754870679234589
1.2932613073657924
2.2821698672965343
0.4601839231088534
0.12976147717839961
-2.024591665486069
-0.7211693796356737
-1.070231417660805
0.38893203877208227
-2.936605106709838
0.3765942834503224
0.9042918093870942
0.9442267671856622
1.0790903823098128
1.2512372204619102
1.781739667589611
2.3700997546788987
2.377159927540979
-0.15826068608482122
0.731003417649367
-1.3374158696843188
1.6270271846539255
2.1475840894769203
-1.439485017721395
-0.4315904808495609
0.0336535351605476
2.4842012714657686
-0.21534961441003403
-0.8245188962805408
1.5179634722933821
-0.19244791512999276
0.13834771413022628
-0.19633362664862714
0.7960760132490582
0.6537589858661254
1.1304657247595222
0.7164627998424621
0.9920675095125921
-1.1028380105675708
2.066651750097032
-1.1874582284053985
-1.055407116207163
1.67449353858501
0.2846347676481603
-1.015846184584002
0.998100752088577
-0.33358102467759243
0.5299235059121653
1.181496647136268
-0.457507058660506
-2.0035870045477817
2.457886642198049
4.640918015870823
2.241220044010336
-1.1516944845230048
1.4057667147479818
-0.4102941674055095
-0.04242974474084847
-2.815033670946524
-1.954768301587506
0.2161530555664041
-0.7712558682006585
-0.08280312364276705
0.2227029085180092
1.4057620050445978
-1.4252691933091919
-0.15294735564931883
-0.1004321971117772
-0.06366618486842275
-1.3424416559324015
-0.3053293574224272
-1.394385964114251
-1.6925934316290492
0.9144029647245728
0.5324267766929429
2.9341931286089364
0.39491939226307177
0.1234137834120127
1.2780249871044422
-0.19764055261948027
1.1059508335117842
0.40581925706939337
1.0284413180724998
-0.1542928080450163
2.3805478725512526
-0.3404155005954089
0.5620801342904744
0.7144732089161956
0.6051933127403349
0.3899889270222326
0.6827009463151826
0.1504143300698411
0.340884502380542
-1.6849654222259471
-0.060082317822515524
0.9009467189399143
1.8993171445562973
2.0675942490767216
-0.4458581854465239
-0.09195832513986449
0.37521104336264044
1.4933065200534903
0.06985844442568184
1.0407625523776014
0.1582612555395158
-0.3491742515714831
0.6054368623990037
-0.5127486594914813
-0.4024889601699202
-0.29788733850429083
1.6160289430741608
0.33073124360223605
2.4141955201511567
1.2392340218107414
0.9738614869943314
0.5497455254858583
0.7399342137035799
2.314459711063205
-0.19876553155849946
1.4259953398750593
-1.8133279096836188
1.2438728169172637
-0.10917895461400132
0.3910738507060599
0.9205204375177223
1.1326444599318302
-0.5604243626176869
-2.147880000359229
-1.0530806922185836
-0.623438218148168
-0.7122767517006335
1.8414441606991294
1.4022943382738822
0.08207651176979404
0.2168758754239941
-0.28544284131883446
1.2117014469612764
-0.23336964329285872
-0.9103291494230153
1.9330438907552807
0.7769504246328729
-0.3036024221250268
0.35334559091920903
-0.4161513912820067
1.3318411153143417
-0.7236935158260107
-1.7257495497356508
0.03592310850574659
-0.4446034872648325
0.7092587592506427
-3.093793891376584
-1.702297254861723
1.9012090848619405
0.3809500836256639
0.10936304533859872
0.7736981822829183
-0.0371996937379181
2.008737166580597
0.7394035515426592
1.095990754571346
0.4230303494060073
1.7753376650505786
-0.05343613516355343
-1.6340395886865746
-1.1104679025835542
0.48504947311556806
-0.6464125448103694
0.937912293999598
0.10412642646676895
1.421189695523046
1.1423038135694046
0.14152217154538688
0.014947832691330768
-0.8717604709244594
1.6819625281025106
-0.8233171012073687
0.7924560915689792
0.5373134144312636
-0.7750302201975364
-0.0013399952885281077
-1.336530278982755
0.7607925438307057
1.362092036058235
0.2493577576572776
0.1639274842531861
-0.5368570193716733
1.3062240666693314
1.2658681439443167
0.20617101263660562
5
1.6851636277088475
0.32211414264936156
3.66884199629661
0.08920734046121409
2.3869885764091623
0.38718579104728007
-0.2204908564368353
2.237272779212624
-3.1022405216983904
2.530238212035619
1.1839625844943649
4.005409541760911
1.0239929950799862
1.5440806292322056
-0.0016335641384324223
-0.8247529383050272
-0.6169326228614631
-0.7176365708418874
2.5317042729414925
0.3965330026331686
2.8564509523979753
0.8123376277430714
1.6429013957804566
1.4476498776796296
0.0067174305595954845
2.3988014378394498
-3.6132483712298926
2.5882317099473786
-0.446488606884741
3.826185509662401
0.5283659687931956
1.921038400807168
-0.7743280869910052
-2.2631287767715524
0.37983243018311685
-0.15869495301110811
1.7001839435378256
0.9666929748350356
2.4299295335084663
-0.6351837885219934
1.6699287574193573
0.5218466757114845
1.1632416805155992
0.6972754321235757
-1.0870828922879552
4.093915223846442
0.7826482737319386
3.4867666493483784
-0.2827624392759798
-0.37285855537793544
-1.1589892593471847
-1.0385517709747225
0.041726546008645254
-0.4275103332068755
2.330781127845163
0.7475113821802285
3.519209583021135
0.17681320742015016
3.107895106983908
2.506250414801163
0.05459605029635944
1.1424587089002478
0.2558806477423517
1.9844173782349037
1.207669287136394
2.809426076378183
-0.4856337495367321
0.7435262430242355
-1.3839330739445292
-1.02979725402553
1.9194933740001818
-0.04525794553570432
1.1454671042695714
2.3754187225469274
2.6599954323890285
-0.19792455392596908
2.2188813852824114
2.2896292175580233
-0.37650774364600315
-0.7994136491935648
-3.58641059680286
2.4378421630832907
-0.3082837964620141
2.058130595092948
0.9059857891223887
2.130567828581961
-1.657091892559073
0.6592579189597793
1.6623153206586239
-0.7518135278414398
2.304261758002431
0.7662382499200956
0.6585109055116443
0.3394653220945704
-0.09918597137252314
1
-15.833546809788249
-15.966787969803267
-14.974364305617062
-18.09056170781496
-17.257728103140046
1.8330311667265302
